,1,2
0,0.5389703767615761,0.46102962323842395
1,0.666028208253526,0.33397179174647396
2,0.7967914438502673,0.20320855614973263
3,0.8952478283086357,0.10475217169136433
4,0.5389703767615761,0.46102962323842395
5,0.9763120398955117,0.023687960104488245
6,0.20729537366548043,0.7927046263345195
7,0.666028208253526,0.33397179174647396
8,0.9763120398955117,0.023687960104488245
9,0.20729537366548043,0.7927046263345195
10,0.5389703767615761,0.46102962323842395
11,0.8566308243727598,0.14336917562724014
12,0.9763120398955117,0.023687960104488245
13,0.38694992412746587,0.6130500758725341
14,0.9763120398955117,0.023687960104488245
15,0.8584183673469388,0.14158163265306123
16,0.7194950911640954,0.2805049088359046
17,0.9763120398955117,0.023687960104488245
18,0.38694992412746587,0.6130500758725341
19,0.9763120398955117,0.023687960104488245
20,0.38694992412746587,0.6130500758725341
21,0.9763120398955117,0.023687960104488245
22,0.666028208253526,0.33397179174647396
23,0.666028208253526,0.33397179174647396
24,0.666028208253526,0.33397179174647396
25,0.8566308243727598,0.14336917562724014
26,0.5389703767615761,0.46102962323842395
27,0.9763120398955117,0.023687960104488245
28,0.20729537366548043,0.7927046263345195
29,0.9763120398955117,0.023687960104488245
30,0.8952478283086357,0.10475217169136433
31,0.8999638858793788,0.10003611412062116
32,0.9763120398955117,0.023687960104488245
33,0.38694992412746587,0.6130500758725341
34,0.9763120398955117,0.023687960104488245
35,0.7967914438502673,0.20320855614973263
36,0.9763120398955117,0.023687960104488245
37,0.38694992412746587,0.6130500758725341
38,0.9,0.1
39,0.20729537366548043,0.7927046263345195
40,0.8952478283086357,0.10475217169136433
41,0.8566308243727598,0.14336917562724014
42,0.5389703767615761,0.46102962323842395
43,0.9763120398955117,0.023687960104488245
44,0.9763120398955117,0.023687960104488245
45,0.5389703767615761,0.46102962323842395
46,0.9763120398955117,0.023687960104488245
47,0.38694992412746587,0.6130500758725341
48,0.20729537366548043,0.7927046263345195
49,0.9763120398955117,0.023687960104488245
50,0.8952478283086357,0.10475217169136433
51,0.8999638858793788,0.10003611412062116
52,0.666028208253526,0.33397179174647396
53,0.38694992412746587,0.6130500758725341
54,0.9,0.1
55,0.6047619047619047,0.3952380952380952
56,0.9763120398955117,0.023687960104488245
57,0.9763120398955117,0.023687960104488245
58,0.9763120398955117,0.023687960104488245
59,0.9763120398955117,0.023687960104488245
60,0.38694992412746587,0.6130500758725341
61,0.9763120398955117,0.023687960104488245
62,0.9763120398955117,0.023687960104488245
63,0.5389703767615761,0.46102962323842395
64,0.8999638858793788,0.10003611412062116
65,0.666028208253526,0.33397179174647396
66,0.30357142857142855,0.6964285714285714
67,0.9763120398955117,0.023687960104488245
68,0.666028208253526,0.33397179174647396
69,0.9763120398955117,0.023687960104488245
70,0.38694992412746587,0.6130500758725341
71,0.9763120398955117,0.023687960104488245
72,0.666028208253526,0.33397179174647396
73,0.9763120398955117,0.023687960104488245
74,0.38694992412746587,0.6130500758725341
75,0.666028208253526,0.33397179174647396
76,0.9763120398955117,0.023687960104488245
77,0.9763120398955117,0.023687960104488245
78,0.8999638858793788,0.10003611412062116
79,0.9763120398955117,0.023687960104488245
80,0.8952478283086357,0.10475217169136433
81,0.8584183673469388,0.14158163265306123
82,0.666028208253526,0.33397179174647396
83,0.9763120398955117,0.023687960104488245
84,0.9763120398955117,0.023687960104488245
85,0.9763120398955117,0.023687960104488245
86,0.38694992412746587,0.6130500758725341
87,0.20729537366548043,0.7927046263345195
88,0.9763120398955117,0.023687960104488245
89,0.8952478283086357,0.10475217169136433
90,0.5701219512195121,0.4298780487804878
91,0.9763120398955117,0.023687960104488245
92,0.8566308243727598,0.14336917562724014
93,0.8952478283086357,0.10475217169136433
94,0.7194950911640954,0.2805049088359046
95,0.8999638858793788,0.10003611412062116
96,0.9763120398955117,0.023687960104488245
97,0.666028208253526,0.33397179174647396
98,0.9763120398955117,0.023687960104488245
99,0.38694992412746587,0.6130500758725341
100,0.9763120398955117,0.023687960104488245
101,0.5389703767615761,0.46102962323842395
102,0.5389703767615761,0.46102962323842395
103,0.38694992412746587,0.6130500758725341
104,0.9763120398955117,0.023687960104488245
105,0.9763120398955117,0.023687960104488245
106,0.9763120398955117,0.023687960104488245
107,0.9,0.1
108,0.9763120398955117,0.023687960104488245
109,0.9763120398955117,0.023687960104488245
110,0.9763120398955117,0.023687960104488245
111,0.20729537366548043,0.7927046263345195
112,0.38694992412746587,0.6130500758725341
113,0.666028208253526,0.33397179174647396
114,0.6047619047619047,0.3952380952380952
115,0.9,0.1
116,0.9763120398955117,0.023687960104488245
117,0.9763120398955117,0.023687960104488245
118,0.8952478283086357,0.10475217169136433
119,0.9763120398955117,0.023687960104488245
120,0.7747524752475248,0.22524752475247525
121,0.9,0.1
122,0.9763120398955117,0.023687960104488245
123,0.9763120398955117,0.023687960104488245
124,0.5389703767615761,0.46102962323842395
125,0.9763120398955117,0.023687960104488245
126,0.20729537366548043,0.7927046263345195
127,0.9763120398955117,0.023687960104488245
128,0.8584183673469388,0.14158163265306123
129,0.9763120398955117,0.023687960104488245
130,0.9763120398955117,0.023687960104488245
131,0.5389703767615761,0.46102962323842395
132,0.38694992412746587,0.6130500758725341
133,0.38694992412746587,0.6130500758725341
134,0.38694992412746587,0.6130500758725341
135,0.38694992412746587,0.6130500758725341
136,0.9763120398955117,0.023687960104488245
137,0.7194950911640954,0.2805049088359046
138,0.9763120398955117,0.023687960104488245
139,0.8952478283086357,0.10475217169136433
140,0.9763120398955117,0.023687960104488245
141,0.9763120398955117,0.023687960104488245
142,0.38694992412746587,0.6130500758725341
143,0.8584183673469388,0.14158163265306123
144,0.8952478283086357,0.10475217169136433
145,0.38694992412746587,0.6130500758725341
146,0.666028208253526,0.33397179174647396
147,0.8999638858793788,0.10003611412062116
148,0.20729537366548043,0.7927046263345195
149,0.9763120398955117,0.023687960104488245
150,0.9763120398955117,0.023687960104488245
151,0.20729537366548043,0.7927046263345195
152,0.5389703767615761,0.46102962323842395
153,0.20729537366548043,0.7927046263345195
154,0.9763120398955117,0.023687960104488245
155,0.9763120398955117,0.023687960104488245
156,0.666028208253526,0.33397179174647396
157,0.9763120398955117,0.023687960104488245
158,0.666028208253526,0.33397179174647396
159,0.9763120398955117,0.023687960104488245
160,0.666028208253526,0.33397179174647396
161,0.8999638858793788,0.10003611412062116
162,0.9763120398955117,0.023687960104488245
163,0.8999638858793788,0.10003611412062116
164,0.9763120398955117,0.023687960104488245
165,0.9763120398955117,0.023687960104488245
166,0.8999638858793788,0.10003611412062116
167,0.666028208253526,0.33397179174647396
168,0.8952478283086357,0.10475217169136433
169,0.9763120398955117,0.023687960104488245
170,0.38694992412746587,0.6130500758725341
171,0.9763120398955117,0.023687960104488245
172,0.5389703767615761,0.46102962323842395
173,0.666028208253526,0.33397179174647396
174,0.8999638858793788,0.10003611412062116
175,0.5701219512195121,0.4298780487804878
176,0.38694992412746587,0.6130500758725341
177,0.5389703767615761,0.46102962323842395
178,0.38694992412746587,0.6130500758725341
179,0.9763120398955117,0.023687960104488245
180,0.9763120398955117,0.023687960104488245
181,0.8999638858793788,0.10003611412062116
182,0.5701219512195121,0.4298780487804878
183,0.8952478283086357,0.10475217169136433
184,0.38694992412746587,0.6130500758725341
185,0.8999638858793788,0.10003611412062116
186,0.7967914438502673,0.20320855614973263
187,0.20729537366548043,0.7927046263345195
188,0.38694992412746587,0.6130500758725341
189,0.9763120398955117,0.023687960104488245
190,0.9763120398955117,0.023687960104488245
191,0.9763120398955117,0.023687960104488245
192,0.9763120398955117,0.023687960104488245
193,0.9763120398955117,0.023687960104488245
194,0.8999638858793788,0.10003611412062116
195,0.7194950911640954,0.2805049088359046
196,0.38694992412746587,0.6130500758725341
197,0.666028208253526,0.33397179174647396
198,0.8952478283086357,0.10475217169136433
199,0.8999638858793788,0.10003611412062116
200,0.9763120398955117,0.023687960104488245
201,0.9763120398955117,0.023687960104488245
202,0.8999638858793788,0.10003611412062116
203,0.8999638858793788,0.10003611412062116
204,0.9763120398955117,0.023687960104488245
205,0.5389703767615761,0.46102962323842395
206,0.666028208253526,0.33397179174647396
207,0.9763120398955117,0.023687960104488245
208,0.9763120398955117,0.023687960104488245
209,0.9763120398955117,0.023687960104488245
210,0.38694992412746587,0.6130500758725341
211,0.38694992412746587,0.6130500758725341
212,0.9763120398955117,0.023687960104488245
213,0.9763120398955117,0.023687960104488245
214,0.9763120398955117,0.023687960104488245
215,0.9763120398955117,0.023687960104488245
216,0.20729537366548043,0.7927046263345195
217,0.9763120398955117,0.023687960104488245
218,0.9,0.1
219,0.666028208253526,0.33397179174647396
220,0.9763120398955117,0.023687960104488245
221,0.38694992412746587,0.6130500758725341
222,0.5389703767615761,0.46102962323842395
223,0.9763120398955117,0.023687960104488245
224,0.20729537366548043,0.7927046263345195
225,0.9763120398955117,0.023687960104488245
226,0.9763120398955117,0.023687960104488245
227,0.9763120398955117,0.023687960104488245
228,0.9763120398955117,0.023687960104488245
229,0.9763120398955117,0.023687960104488245
230,0.666028208253526,0.33397179174647396
231,0.9763120398955117,0.023687960104488245
232,0.666028208253526,0.33397179174647396
233,0.9763120398955117,0.023687960104488245
234,0.9763120398955117,0.023687960104488245
235,0.9763120398955117,0.023687960104488245
236,0.666028208253526,0.33397179174647396
237,0.8952478283086357,0.10475217169136433
238,0.9763120398955117,0.023687960104488245
239,0.38694992412746587,0.6130500758725341
240,0.8952478283086357,0.10475217169136433
241,0.38694992412746587,0.6130500758725341
242,0.666028208253526,0.33397179174647396
243,0.9763120398955117,0.023687960104488245
244,0.20729537366548043,0.7927046263345195
245,0.9763120398955117,0.023687960104488245
246,0.9,0.1
247,0.666028208253526,0.33397179174647396
248,0.9763120398955117,0.023687960104488245
249,0.38694992412746587,0.6130500758725341
250,0.9763120398955117,0.023687960104488245
251,0.9763120398955117,0.023687960104488245
252,0.38694992412746587,0.6130500758725341
253,0.38694992412746587,0.6130500758725341
254,0.666028208253526,0.33397179174647396
255,0.7194950911640954,0.2805049088359046
256,0.9,0.1
257,0.9763120398955117,0.023687960104488245
258,0.9763120398955117,0.023687960104488245
259,0.9763120398955117,0.023687960104488245
260,0.9763120398955117,0.023687960104488245
261,0.666028208253526,0.33397179174647396
262,0.9763120398955117,0.023687960104488245
263,0.7747524752475248,0.22524752475247525
264,0.9,0.1
265,0.9,0.1
266,0.9763120398955117,0.023687960104488245
267,0.20729537366548043,0.7927046263345195
268,0.9763120398955117,0.023687960104488245
269,0.9763120398955117,0.023687960104488245
270,0.8999638858793788,0.10003611412062116
271,0.666028208253526,0.33397179174647396
272,0.20729537366548043,0.7927046263345195
273,0.20729537366548043,0.7927046263345195
274,0.8952478283086357,0.10475217169136433
275,0.6047619047619047,0.3952380952380952
276,0.6047619047619047,0.3952380952380952
277,0.8952478283086357,0.10475217169136433
278,0.9763120398955117,0.023687960104488245
279,0.9763120398955117,0.023687960104488245
280,0.20729537366548043,0.7927046263345195
281,0.9763120398955117,0.023687960104488245
282,0.20729537366548043,0.7927046263345195
283,0.9763120398955117,0.023687960104488245
284,0.8999638858793788,0.10003611412062116
285,0.7194950911640954,0.2805049088359046
286,0.9763120398955117,0.023687960104488245
287,0.5389703767615761,0.46102962323842395
288,0.9763120398955117,0.023687960104488245
289,0.9763120398955117,0.023687960104488245
290,0.666028208253526,0.33397179174647396
291,0.38694992412746587,0.6130500758725341
292,0.9,0.1
293,0.7747524752475248,0.22524752475247525
294,0.20729537366548043,0.7927046263345195
295,0.8999638858793788,0.10003611412062116
296,0.5389703767615761,0.46102962323842395
297,0.9763120398955117,0.023687960104488245
298,0.9763120398955117,0.023687960104488245
299,0.9763120398955117,0.023687960104488245
300,0.9763120398955117,0.023687960104488245
301,0.8999638858793788,0.10003611412062116
302,0.38694992412746587,0.6130500758725341
303,0.5389703767615761,0.46102962323842395
304,0.38694992412746587,0.6130500758725341
305,0.9763120398955117,0.023687960104488245
306,0.9763120398955117,0.023687960104488245
307,0.9763120398955117,0.023687960104488245
308,0.38694992412746587,0.6130500758725341
309,0.9763120398955117,0.023687960104488245
310,0.9763120398955117,0.023687960104488245
311,0.38694992412746587,0.6130500758725341
312,0.666028208253526,0.33397179174647396
313,0.9763120398955117,0.023687960104488245
314,0.7194950911640954,0.2805049088359046
315,0.8952478283086357,0.10475217169136433
316,0.38694992412746587,0.6130500758725341
317,0.9763120398955117,0.023687960104488245
318,0.8999638858793788,0.10003611412062116
319,0.9763120398955117,0.023687960104488245
320,0.8584183673469388,0.14158163265306123
321,0.9763120398955117,0.023687960104488245
322,0.38694992412746587,0.6130500758725341
323,0.9763120398955117,0.023687960104488245
324,0.38694992412746587,0.6130500758725341
325,0.666028208253526,0.33397179174647396
326,0.9763120398955117,0.023687960104488245
327,0.8566308243727598,0.14336917562724014
328,0.9763120398955117,0.023687960104488245
329,0.6047619047619047,0.3952380952380952
330,0.8999638858793788,0.10003611412062116
331,0.8952478283086357,0.10475217169136433
332,0.9763120398955117,0.023687960104488245
333,0.8584183673469388,0.14158163265306123
334,0.9763120398955117,0.023687960104488245
335,0.666028208253526,0.33397179174647396
336,0.9763120398955117,0.023687960104488245
337,0.20729537366548043,0.7927046263345195
338,0.7967914438502673,0.20320855614973263
339,0.9763120398955117,0.023687960104488245
340,0.666028208253526,0.33397179174647396
341,0.8952478283086357,0.10475217169136433
342,0.8999638858793788,0.10003611412062116
343,0.9763120398955117,0.023687960104488245
344,0.7194950911640954,0.2805049088359046
345,0.9,0.1
346,0.9763120398955117,0.023687960104488245
347,0.8999638858793788,0.10003611412062116
348,0.9,0.1
349,0.9763120398955117,0.023687960104488245
350,0.9763120398955117,0.023687960104488245
351,0.9763120398955117,0.023687960104488245
352,0.9763120398955117,0.023687960104488245
353,0.666028208253526,0.33397179174647396
354,0.9763120398955117,0.023687960104488245
355,0.8999638858793788,0.10003611412062116
356,0.20729537366548043,0.7927046263345195
357,0.8999638858793788,0.10003611412062116
358,0.666028208253526,0.33397179174647396
359,0.9763120398955117,0.023687960104488245
360,0.666028208253526,0.33397179174647396
361,0.9,0.1
362,0.5389703767615761,0.46102962323842395
363,0.8566308243727598,0.14336917562724014
364,0.9763120398955117,0.023687960104488245
365,0.20729537366548043,0.7927046263345195
366,0.9763120398955117,0.023687960104488245
367,0.38694992412746587,0.6130500758725341
368,0.666028208253526,0.33397179174647396
369,0.9763120398955117,0.023687960104488245
370,0.5389703767615761,0.46102962323842395
371,0.7194950911640954,0.2805049088359046
372,0.20729537366548043,0.7927046263345195
373,0.9763120398955117,0.023687960104488245
374,0.5389703767615761,0.46102962323842395
375,0.9763120398955117,0.023687960104488245
376,0.9763120398955117,0.023687960104488245
377,0.38694992412746587,0.6130500758725341
378,0.5389703767615761,0.46102962323842395
379,0.7967914438502673,0.20320855614973263
380,0.9763120398955117,0.023687960104488245
381,0.5389703767615761,0.46102962323842395
382,0.9763120398955117,0.023687960104488245
383,0.9763120398955117,0.023687960104488245
384,0.8952478283086357,0.10475217169136433
385,0.5389703767615761,0.46102962323842395
386,0.9763120398955117,0.023687960104488245
387,0.38694992412746587,0.6130500758725341
388,0.7194950911640954,0.2805049088359046
389,0.8999638858793788,0.10003611412062116
390,0.8999638858793788,0.10003611412062116
391,0.5389703767615761,0.46102962323842395
392,0.666028208253526,0.33397179174647396
393,0.6047619047619047,0.3952380952380952
394,0.9763120398955117,0.023687960104488245
395,0.9763120398955117,0.023687960104488245
396,0.38694992412746587,0.6130500758725341
397,0.666028208253526,0.33397179174647396
398,0.20729537366548043,0.7927046263345195
399,0.9763120398955117,0.023687960104488245
400,0.7194950911640954,0.2805049088359046
401,0.9763120398955117,0.023687960104488245
402,0.20729537366548043,0.7927046263345195
403,0.9763120398955117,0.023687960104488245
404,0.38694992412746587,0.6130500758725341
405,0.5389703767615761,0.46102962323842395
406,0.8999638858793788,0.10003611412062116
407,0.9763120398955117,0.023687960104488245
408,0.9763120398955117,0.023687960104488245
409,0.9763120398955117,0.023687960104488245
410,0.9763120398955117,0.023687960104488245
411,0.8952478283086357,0.10475217169136433
412,0.38694992412746587,0.6130500758725341
413,0.9763120398955117,0.023687960104488245
414,0.9763120398955117,0.023687960104488245
415,0.666028208253526,0.33397179174647396
416,0.666028208253526,0.33397179174647396
417,0.9763120398955117,0.023687960104488245
418,0.666028208253526,0.33397179174647396
419,0.5389703767615761,0.46102962323842395
420,0.9763120398955117,0.023687960104488245
421,0.9763120398955117,0.023687960104488245
422,0.666028208253526,0.33397179174647396
423,0.5389703767615761,0.46102962323842395
424,0.666028208253526,0.33397179174647396
425,0.9763120398955117,0.023687960104488245
426,0.9,0.1
427,0.38694992412746587,0.6130500758725341
428,0.5389703767615761,0.46102962323842395
429,0.5389703767615761,0.46102962323842395
430,0.8584183673469388,0.14158163265306123
431,0.9,0.1
432,0.8584183673469388,0.14158163265306123
433,0.9763120398955117,0.023687960104488245
434,0.666028208253526,0.33397179174647396
435,0.38694992412746587,0.6130500758725341
436,0.20729537366548043,0.7927046263345195
437,0.666028208253526,0.33397179174647396
438,0.9,0.1
439,0.9763120398955117,0.023687960104488245
440,0.8999638858793788,0.10003611412062116
441,0.666028208253526,0.33397179174647396
442,0.8952478283086357,0.10475217169136433
443,0.9763120398955117,0.023687960104488245
444,0.9763120398955117,0.023687960104488245
445,0.8999638858793788,0.10003611412062116
446,0.8952478283086357,0.10475217169136433
447,0.9763120398955117,0.023687960104488245
448,0.9763120398955117,0.023687960104488245
449,0.5389703767615761,0.46102962323842395
450,0.9763120398955117,0.023687960104488245
451,0.9763120398955117,0.023687960104488245
452,0.5389703767615761,0.46102962323842395
453,0.9763120398955117,0.023687960104488245
454,0.20729537366548043,0.7927046263345195
455,0.9763120398955117,0.023687960104488245
456,0.20729537366548043,0.7927046263345195
457,0.9763120398955117,0.023687960104488245
458,0.7747524752475248,0.22524752475247525
459,0.9763120398955117,0.023687960104488245
460,0.666028208253526,0.33397179174647396
461,0.38694992412746587,0.6130500758725341
462,0.5389703767615761,0.46102962323842395
463,0.9763120398955117,0.023687960104488245
464,0.5389703767615761,0.46102962323842395
465,0.9763120398955117,0.023687960104488245
466,0.666028208253526,0.33397179174647396
467,0.8952478283086357,0.10475217169136433
468,0.9763120398955117,0.023687960104488245
469,0.666028208253526,0.33397179174647396
470,0.20729537366548043,0.7927046263345195
471,0.9763120398955117,0.023687960104488245
472,0.9763120398955117,0.023687960104488245
473,0.666028208253526,0.33397179174647396
474,0.38694992412746587,0.6130500758725341
475,0.666028208253526,0.33397179174647396
476,0.9763120398955117,0.023687960104488245
477,0.666028208253526,0.33397179174647396
478,0.9763120398955117,0.023687960104488245
479,0.8952478283086357,0.10475217169136433
480,0.5389703767615761,0.46102962323842395
481,0.9763120398955117,0.023687960104488245
482,0.9763120398955117,0.023687960104488245
483,0.9763120398955117,0.023687960104488245
484,0.38694992412746587,0.6130500758725341
485,0.5389703767615761,0.46102962323842395
486,0.9,0.1
487,0.5389703767615761,0.46102962323842395
488,0.8566308243727598,0.14336917562724014
489,0.9,0.1
490,0.666028208253526,0.33397179174647396
491,0.8999638858793788,0.10003611412062116
492,0.8999638858793788,0.10003611412062116
493,0.9,0.1
494,0.9763120398955117,0.023687960104488245
495,0.666028208253526,0.33397179174647396
496,0.9763120398955117,0.023687960104488245
497,0.9763120398955117,0.023687960104488245
498,0.9763120398955117,0.023687960104488245
499,0.38694992412746587,0.6130500758725341
500,0.8999638858793788,0.10003611412062116
501,0.20729537366548043,0.7927046263345195
502,0.38694992412746587,0.6130500758725341
503,0.9763120398955117,0.023687960104488245
504,0.20729537366548043,0.7927046263345195
505,0.9763120398955117,0.023687960104488245
506,0.666028208253526,0.33397179174647396
507,0.9763120398955117,0.023687960104488245
508,0.9763120398955117,0.023687960104488245
509,0.38694992412746587,0.6130500758725341
510,0.9763120398955117,0.023687960104488245
511,0.7194950911640954,0.2805049088359046
512,0.666028208253526,0.33397179174647396
513,0.8952478283086357,0.10475217169136433
514,0.9763120398955117,0.023687960104488245
515,0.38694992412746587,0.6130500758725341
516,0.9763120398955117,0.023687960104488245
517,0.9,0.1
518,0.9763120398955117,0.023687960104488245
519,0.8999638858793788,0.10003611412062116
520,0.8999638858793788,0.10003611412062116
521,0.38694992412746587,0.6130500758725341
522,0.8566308243727598,0.14336917562724014
523,0.8999638858793788,0.10003611412062116
524,0.8999638858793788,0.10003611412062116
525,0.9763120398955117,0.023687960104488245
526,0.9763120398955117,0.023687960104488245
527,0.9763120398955117,0.023687960104488245
528,0.9763120398955117,0.023687960104488245
529,0.9763120398955117,0.023687960104488245
530,0.9763120398955117,0.023687960104488245
531,0.9763120398955117,0.023687960104488245
532,0.666028208253526,0.33397179174647396
533,0.666028208253526,0.33397179174647396
534,0.5389703767615761,0.46102962323842395
535,0.9763120398955117,0.023687960104488245
536,0.8999638858793788,0.10003611412062116
537,0.5389703767615761,0.46102962323842395
538,0.5701219512195121,0.4298780487804878
539,0.9,0.1
540,0.9763120398955117,0.023687960104488245
541,0.9,0.1
542,0.666028208253526,0.33397179174647396
543,0.38694992412746587,0.6130500758725341
544,0.8952478283086357,0.10475217169136433
545,0.9,0.1
546,0.9763120398955117,0.023687960104488245
547,0.9763120398955117,0.023687960104488245
548,0.5389703767615761,0.46102962323842395
549,0.5389703767615761,0.46102962323842395
550,0.666028208253526,0.33397179174647396
551,0.666028208253526,0.33397179174647396
552,0.5389703767615761,0.46102962323842395
553,0.8999638858793788,0.10003611412062116
554,0.9,0.1
555,0.9,0.1
556,0.20729537366548043,0.7927046263345195
557,0.5389703767615761,0.46102962323842395
558,0.5389703767615761,0.46102962323842395
559,0.20729537366548043,0.7927046263345195
560,0.9763120398955117,0.023687960104488245
561,0.9763120398955117,0.023687960104488245
562,0.9763120398955117,0.023687960104488245
563,0.9,0.1
564,0.9,0.1
565,0.5389703767615761,0.46102962323842395
566,0.9763120398955117,0.023687960104488245
567,0.7194950911640954,0.2805049088359046
568,0.7747524752475248,0.22524752475247525
569,0.5389703767615761,0.46102962323842395
570,0.20729537366548043,0.7927046263345195
571,0.9763120398955117,0.023687960104488245
572,0.38694992412746587,0.6130500758725341
573,0.9763120398955117,0.023687960104488245
574,0.9763120398955117,0.023687960104488245
575,0.9763120398955117,0.023687960104488245
576,0.9,0.1
577,0.38694992412746587,0.6130500758725341
578,0.666028208253526,0.33397179174647396
579,0.38694992412746587,0.6130500758725341
580,0.9763120398955117,0.023687960104488245
581,0.9763120398955117,0.023687960104488245
582,0.9763120398955117,0.023687960104488245
583,0.9763120398955117,0.023687960104488245
584,0.666028208253526,0.33397179174647396
585,0.38694992412746587,0.6130500758725341
586,0.8952478283086357,0.10475217169136433
587,0.20729537366548043,0.7927046263345195
588,0.9763120398955117,0.023687960104488245
589,0.8999638858793788,0.10003611412062116
590,0.38694992412746587,0.6130500758725341
591,0.9763120398955117,0.023687960104488245
592,0.5389703767615761,0.46102962323842395
593,0.8952478283086357,0.10475217169136433
594,0.666028208253526,0.33397179174647396
595,0.9763120398955117,0.023687960104488245
596,0.8952478283086357,0.10475217169136433
597,0.8999638858793788,0.10003611412062116
598,0.666028208253526,0.33397179174647396
599,0.8999638858793788,0.10003611412062116
600,0.38694992412746587,0.6130500758725341
601,0.38694992412746587,0.6130500758725341
602,0.666028208253526,0.33397179174647396
603,0.8566308243727598,0.14336917562724014
604,0.8999638858793788,0.10003611412062116
605,0.8584183673469388,0.14158163265306123
606,0.9763120398955117,0.023687960104488245
607,0.5389703767615761,0.46102962323842395
608,0.9763120398955117,0.023687960104488245
609,0.9763120398955117,0.023687960104488245
610,0.8952478283086357,0.10475217169136433
611,0.9763120398955117,0.023687960104488245
612,0.5389703767615761,0.46102962323842395
613,0.30357142857142855,0.6964285714285714
614,0.20729537366548043,0.7927046263345195
615,0.9,0.1
616,0.8999638858793788,0.10003611412062116
617,0.666028208253526,0.33397179174647396
618,0.666028208253526,0.33397179174647396
619,0.666028208253526,0.33397179174647396
620,0.20729537366548043,0.7927046263345195
621,0.9763120398955117,0.023687960104488245
622,0.7967914438502673,0.20320855614973263
623,0.9763120398955117,0.023687960104488245
624,0.7747524752475248,0.22524752475247525
625,0.9763120398955117,0.023687960104488245
626,0.666028208253526,0.33397179174647396
627,0.9763120398955117,0.023687960104488245
628,0.666028208253526,0.33397179174647396
629,0.5389703767615761,0.46102962323842395
630,0.5389703767615761,0.46102962323842395
631,0.5389703767615761,0.46102962323842395
632,0.8999638858793788,0.10003611412062116
633,0.9763120398955117,0.023687960104488245
634,0.8584183673469388,0.14158163265306123
635,0.9763120398955117,0.023687960104488245
636,0.9,0.1
637,0.8584183673469388,0.14158163265306123
638,0.9763120398955117,0.023687960104488245
639,0.9763120398955117,0.023687960104488245
640,0.9763120398955117,0.023687960104488245
641,0.9763120398955117,0.023687960104488245
642,0.7194950911640954,0.2805049088359046
643,0.20729537366548043,0.7927046263345195
644,0.9763120398955117,0.023687960104488245
645,0.9763120398955117,0.023687960104488245
646,0.666028208253526,0.33397179174647396
647,0.9763120398955117,0.023687960104488245
648,0.9763120398955117,0.023687960104488245
649,0.9763120398955117,0.023687960104488245
650,0.9763120398955117,0.023687960104488245
651,0.38694992412746587,0.6130500758725341
652,0.666028208253526,0.33397179174647396
653,0.8952478283086357,0.10475217169136433
654,0.9763120398955117,0.023687960104488245
655,0.9763120398955117,0.023687960104488245
656,0.9763120398955117,0.023687960104488245
657,0.666028208253526,0.33397179174647396
658,0.38694992412746587,0.6130500758725341
659,0.666028208253526,0.33397179174647396
660,0.9763120398955117,0.023687960104488245
661,0.666028208253526,0.33397179174647396
662,0.666028208253526,0.33397179174647396
663,0.9763120398955117,0.023687960104488245
664,0.38694992412746587,0.6130500758725341
665,0.9,0.1
666,0.9763120398955117,0.023687960104488245
667,0.5701219512195121,0.4298780487804878
668,0.9763120398955117,0.023687960104488245
669,0.7194950911640954,0.2805049088359046
670,0.9763120398955117,0.023687960104488245
671,0.20729537366548043,0.7927046263345195
672,0.5389703767615761,0.46102962323842395
673,0.9763120398955117,0.023687960104488245
674,0.5389703767615761,0.46102962323842395
675,0.5389703767615761,0.46102962323842395
676,0.9763120398955117,0.023687960104488245
677,0.9763120398955117,0.023687960104488245
678,0.7194950911640954,0.2805049088359046
679,0.9763120398955117,0.023687960104488245
680,0.9763120398955117,0.023687960104488245
681,0.7967914438502673,0.20320855614973263
682,0.666028208253526,0.33397179174647396
683,0.9763120398955117,0.023687960104488245
684,0.9763120398955117,0.023687960104488245
685,0.8999638858793788,0.10003611412062116
686,0.9763120398955117,0.023687960104488245
687,0.9763120398955117,0.023687960104488245
688,0.5389703767615761,0.46102962323842395
689,0.8999638858793788,0.10003611412062116
690,0.9763120398955117,0.023687960104488245
691,0.8584183673469388,0.14158163265306123
692,0.9,0.1
693,0.5389703767615761,0.46102962323842395
694,0.666028208253526,0.33397179174647396
695,0.666028208253526,0.33397179174647396
696,0.9,0.1
697,0.5389703767615761,0.46102962323842395
698,0.38694992412746587,0.6130500758725341
699,0.666028208253526,0.33397179174647396
700,0.8999638858793788,0.10003611412062116
701,0.38694992412746587,0.6130500758725341
702,0.9763120398955117,0.023687960104488245
703,0.9763120398955117,0.023687960104488245
704,0.9763120398955117,0.023687960104488245
705,0.5389703767615761,0.46102962323842395
706,0.5701219512195121,0.4298780487804878
707,0.9,0.1
708,0.666028208253526,0.33397179174647396
709,0.666028208253526,0.33397179174647396
710,0.38694992412746587,0.6130500758725341
711,0.5701219512195121,0.4298780487804878
712,0.9763120398955117,0.023687960104488245
713,0.9763120398955117,0.023687960104488245
714,0.9763120398955117,0.023687960104488245
715,0.9763120398955117,0.023687960104488245
716,0.9763120398955117,0.023687960104488245
717,0.38694992412746587,0.6130500758725341
718,0.20729537366548043,0.7927046263345195
719,0.38694992412746587,0.6130500758725341
720,0.9763120398955117,0.023687960104488245
721,0.38694992412746587,0.6130500758725341
722,0.666028208253526,0.33397179174647396
723,0.38694992412746587,0.6130500758725341
724,0.9,0.1
725,0.9763120398955117,0.023687960104488245
726,0.666028208253526,0.33397179174647396
727,0.5389703767615761,0.46102962323842395
728,0.8999638858793788,0.10003611412062116
729,0.9,0.1
730,0.9763120398955117,0.023687960104488245
731,0.8952478283086357,0.10475217169136433
732,0.8999638858793788,0.10003611412062116
733,0.8566308243727598,0.14336917562724014
734,0.5389703767615761,0.46102962323842395
735,0.9763120398955117,0.023687960104488245
736,0.38694992412746587,0.6130500758725341
737,0.666028208253526,0.33397179174647396
738,0.5389703767615761,0.46102962323842395
739,0.9763120398955117,0.023687960104488245
740,0.8952478283086357,0.10475217169136433
741,0.9763120398955117,0.023687960104488245
742,0.9763120398955117,0.023687960104488245
743,0.9763120398955117,0.023687960104488245
744,0.5389703767615761,0.46102962323842395
745,0.9763120398955117,0.023687960104488245
746,0.9763120398955117,0.023687960104488245
747,0.9763120398955117,0.023687960104488245
748,0.5389703767615761,0.46102962323842395
749,0.8584183673469388,0.14158163265306123
750,0.9,0.1
751,0.8952478283086357,0.10475217169136433
752,0.666028208253526,0.33397179174647396
753,0.9763120398955117,0.023687960104488245
754,0.9763120398955117,0.023687960104488245
755,0.9763120398955117,0.023687960104488245
756,0.666028208253526,0.33397179174647396
757,0.9763120398955117,0.023687960104488245
758,0.5389703767615761,0.46102962323842395
759,0.9763120398955117,0.023687960104488245
760,0.7194950911640954,0.2805049088359046
761,0.5389703767615761,0.46102962323842395
762,0.5389703767615761,0.46102962323842395
763,0.20729537366548043,0.7927046263345195
764,0.666028208253526,0.33397179174647396
765,0.20729537366548043,0.7927046263345195
766,0.9763120398955117,0.023687960104488245
767,0.9763120398955117,0.023687960104488245
768,0.9763120398955117,0.023687960104488245
769,0.8584183673469388,0.14158163265306123
770,0.5701219512195121,0.4298780487804878
771,0.9763120398955117,0.023687960104488245
772,0.666028208253526,0.33397179174647396
773,0.9763120398955117,0.023687960104488245
774,0.38694992412746587,0.6130500758725341
775,0.9763120398955117,0.023687960104488245
776,0.9763120398955117,0.023687960104488245
777,0.5389703767615761,0.46102962323842395
778,0.7194950911640954,0.2805049088359046
779,0.9763120398955117,0.023687960104488245
780,0.9763120398955117,0.023687960104488245
781,0.9763120398955117,0.023687960104488245
782,0.5389703767615761,0.46102962323842395
783,0.9763120398955117,0.023687960104488245
784,0.9763120398955117,0.023687960104488245
785,0.5389703767615761,0.46102962323842395
786,0.9763120398955117,0.023687960104488245
787,0.38694992412746587,0.6130500758725341
788,0.9763120398955117,0.023687960104488245
789,0.5389703767615761,0.46102962323842395
790,0.9763120398955117,0.023687960104488245
791,0.8952478283086357,0.10475217169136433
792,0.666028208253526,0.33397179174647396
793,0.9763120398955117,0.023687960104488245
794,0.666028208253526,0.33397179174647396
795,0.666028208253526,0.33397179174647396
796,0.666028208253526,0.33397179174647396
797,0.5389703767615761,0.46102962323842395
798,0.8999638858793788,0.10003611412062116
799,0.5389703767615761,0.46102962323842395
800,0.8584183673469388,0.14158163265306123
801,0.666028208253526,0.33397179174647396
802,0.38694992412746587,0.6130500758725341
803,0.9763120398955117,0.023687960104488245
804,0.9763120398955117,0.023687960104488245
805,0.666028208253526,0.33397179174647396
806,0.38694992412746587,0.6130500758725341
807,0.8952478283086357,0.10475217169136433
808,0.666028208253526,0.33397179174647396
809,0.9763120398955117,0.023687960104488245
810,0.9763120398955117,0.023687960104488245
811,0.38694992412746587,0.6130500758725341
812,0.9763120398955117,0.023687960104488245
813,0.7194950911640954,0.2805049088359046
814,0.9763120398955117,0.023687960104488245
815,0.7747524752475248,0.22524752475247525
816,0.9763120398955117,0.023687960104488245
817,0.38694992412746587,0.6130500758725341
818,0.9763120398955117,0.023687960104488245
819,0.9763120398955117,0.023687960104488245
820,0.9763120398955117,0.023687960104488245
821,0.5389703767615761,0.46102962323842395
822,0.38694992412746587,0.6130500758725341
823,0.9763120398955117,0.023687960104488245
824,0.8584183673469388,0.14158163265306123
825,0.6047619047619047,0.3952380952380952
826,0.8999638858793788,0.10003611412062116
827,0.9763120398955117,0.023687960104488245
828,0.5389703767615761,0.46102962323842395
829,0.9763120398955117,0.023687960104488245
830,0.666028208253526,0.33397179174647396
831,0.38694992412746587,0.6130500758725341
832,0.9763120398955117,0.023687960104488245
833,0.38694992412746587,0.6130500758725341
834,0.9763120398955117,0.023687960104488245
835,0.9763120398955117,0.023687960104488245
836,0.666028208253526,0.33397179174647396
837,0.8566308243727598,0.14336917562724014
838,0.8952478283086357,0.10475217169136433
839,0.20729537366548043,0.7927046263345195
840,0.38694992412746587,0.6130500758725341
841,0.666028208253526,0.33397179174647396
842,0.9763120398955117,0.023687960104488245
843,0.8999638858793788,0.10003611412062116
844,0.7967914438502673,0.20320855614973263
845,0.666028208253526,0.33397179174647396
846,0.38694992412746587,0.6130500758725341
847,0.30357142857142855,0.6964285714285714
848,0.8999638858793788,0.10003611412062116
849,0.9763120398955117,0.023687960104488245
850,0.9763120398955117,0.023687960104488245
851,0.38694992412746587,0.6130500758725341
852,0.8999638858793788,0.10003611412062116
853,0.9763120398955117,0.023687960104488245
854,0.5389703767615761,0.46102962323842395
855,0.8999638858793788,0.10003611412062116
856,0.9763120398955117,0.023687960104488245
857,0.666028208253526,0.33397179174647396
858,0.38694992412746587,0.6130500758725341
859,0.9763120398955117,0.023687960104488245
860,0.9763120398955117,0.023687960104488245
861,0.9763120398955117,0.023687960104488245
862,0.8999638858793788,0.10003611412062116
863,0.9763120398955117,0.023687960104488245
864,0.8999638858793788,0.10003611412062116
865,0.8999638858793788,0.10003611412062116
866,0.666028208253526,0.33397179174647396
867,0.666028208253526,0.33397179174647396
868,0.9,0.1
869,0.9763120398955117,0.023687960104488245
870,0.9763120398955117,0.023687960104488245
871,0.5389703767615761,0.46102962323842395
872,0.666028208253526,0.33397179174647396
873,0.20729537366548043,0.7927046263345195
874,0.9763120398955117,0.023687960104488245
875,0.20729537366548043,0.7927046263345195
876,0.5389703767615761,0.46102962323842395
877,0.9,0.1
878,0.38694992412746587,0.6130500758725341
879,0.9763120398955117,0.023687960104488245
880,0.8952478283086357,0.10475217169136433
881,0.8952478283086357,0.10475217169136433
882,0.9763120398955117,0.023687960104488245
883,0.9763120398955117,0.023687960104488245
884,0.666028208253526,0.33397179174647396
885,0.8999638858793788,0.10003611412062116
886,0.38694992412746587,0.6130500758725341
887,0.38694992412746587,0.6130500758725341
888,0.7194950911640954,0.2805049088359046
889,0.38694992412746587,0.6130500758725341
890,0.9,0.1
891,0.9763120398955117,0.023687960104488245
892,0.9763120398955117,0.023687960104488245
893,0.9,0.1
894,0.9763120398955117,0.023687960104488245
895,0.9,0.1
896,0.38694992412746587,0.6130500758725341
897,0.38694992412746587,0.6130500758725341
898,0.8999638858793788,0.10003611412062116
899,0.9763120398955117,0.023687960104488245
900,0.9763120398955117,0.023687960104488245
901,0.9763120398955117,0.023687960104488245
902,0.666028208253526,0.33397179174647396
903,0.9763120398955117,0.023687960104488245
904,0.9763120398955117,0.023687960104488245
905,0.666028208253526,0.33397179174647396
906,0.5701219512195121,0.4298780487804878
907,0.8584183673469388,0.14158163265306123
908,0.9763120398955117,0.023687960104488245
909,0.38694992412746587,0.6130500758725341
910,0.9763120398955117,0.023687960104488245
911,0.666028208253526,0.33397179174647396
912,0.9763120398955117,0.023687960104488245
913,0.20729537366548043,0.7927046263345195
914,0.9763120398955117,0.023687960104488245
915,0.666028208253526,0.33397179174647396
916,0.38694992412746587,0.6130500758725341
917,0.20729537366548043,0.7927046263345195
918,0.9763120398955117,0.023687960104488245
919,0.9763120398955117,0.023687960104488245
920,0.9763120398955117,0.023687960104488245
921,0.9763120398955117,0.023687960104488245
922,0.9763120398955117,0.023687960104488245
923,0.666028208253526,0.33397179174647396
924,0.20729537366548043,0.7927046263345195
925,0.38694992412746587,0.6130500758725341
926,0.9763120398955117,0.023687960104488245
927,0.7194950911640954,0.2805049088359046
928,0.666028208253526,0.33397179174647396
929,0.666028208253526,0.33397179174647396
930,0.666028208253526,0.33397179174647396
931,0.9763120398955117,0.023687960104488245
932,0.9763120398955117,0.023687960104488245
933,0.9763120398955117,0.023687960104488245
934,0.38694992412746587,0.6130500758725341
935,0.38694992412746587,0.6130500758725341
936,0.666028208253526,0.33397179174647396
937,0.38694992412746587,0.6130500758725341
938,0.38694992412746587,0.6130500758725341
939,0.666028208253526,0.33397179174647396
940,0.9763120398955117,0.023687960104488245
941,0.666028208253526,0.33397179174647396
942,0.7967914438502673,0.20320855614973263
943,0.20729537366548043,0.7927046263345195
944,0.9763120398955117,0.023687960104488245
945,0.9763120398955117,0.023687960104488245
946,0.9763120398955117,0.023687960104488245
947,0.9763120398955117,0.023687960104488245
948,0.38694992412746587,0.6130500758725341
949,0.9763120398955117,0.023687960104488245
950,0.38694992412746587,0.6130500758725341
951,0.9763120398955117,0.023687960104488245
952,0.9763120398955117,0.023687960104488245
953,0.9763120398955117,0.023687960104488245
954,0.9763120398955117,0.023687960104488245
955,0.9763120398955117,0.023687960104488245
956,0.9763120398955117,0.023687960104488245
957,0.38694992412746587,0.6130500758725341
958,0.7194950911640954,0.2805049088359046
959,0.5389703767615761,0.46102962323842395
960,0.9763120398955117,0.023687960104488245
961,0.9763120398955117,0.023687960104488245
962,0.5389703767615761,0.46102962323842395
963,0.20729537366548043,0.7927046263345195
964,0.9763120398955117,0.023687960104488245
965,0.8952478283086357,0.10475217169136433
966,0.666028208253526,0.33397179174647396
967,0.5389703767615761,0.46102962323842395
968,0.9,0.1
969,0.7194950911640954,0.2805049088359046
970,0.666028208253526,0.33397179174647396
971,0.20729537366548043,0.7927046263345195
972,0.38694992412746587,0.6130500758725341
973,0.9763120398955117,0.023687960104488245
974,0.8952478283086357,0.10475217169136433
975,0.20729537366548043,0.7927046263345195
976,0.8999638858793788,0.10003611412062116
977,0.9763120398955117,0.023687960104488245
978,0.20729537366548043,0.7927046263345195
979,0.8999638858793788,0.10003611412062116
980,0.5389703767615761,0.46102962323842395
981,0.8952478283086357,0.10475217169136433
982,0.8999638858793788,0.10003611412062116
983,0.9763120398955117,0.023687960104488245
984,0.666028208253526,0.33397179174647396
985,0.9763120398955117,0.023687960104488245
986,0.666028208253526,0.33397179174647396
987,0.8999638858793788,0.10003611412062116
988,0.8952478283086357,0.10475217169136433
989,0.5389703767615761,0.46102962323842395
990,0.38694992412746587,0.6130500758725341
991,0.666028208253526,0.33397179174647396
992,0.9763120398955117,0.023687960104488245
993,0.9763120398955117,0.023687960104488245
994,0.38694992412746587,0.6130500758725341
995,0.9763120398955117,0.023687960104488245
996,0.38694992412746587,0.6130500758725341
997,0.9763120398955117,0.023687960104488245
998,0.38694992412746587,0.6130500758725341
999,0.8952478283086357,0.10475217169136433
1000,0.666028208253526,0.33397179174647396
1001,0.7967914438502673,0.20320855614973263
1002,0.38694992412746587,0.6130500758725341
1003,0.8584183673469388,0.14158163265306123
1004,0.9763120398955117,0.023687960104488245
1005,0.9763120398955117,0.023687960104488245
1006,0.666028208253526,0.33397179174647396
1007,0.20729537366548043,0.7927046263345195
1008,0.9,0.1
1009,0.9763120398955117,0.023687960104488245
1010,0.9763120398955117,0.023687960104488245
1011,0.5389703767615761,0.46102962323842395
1012,0.8999638858793788,0.10003611412062116
1013,0.9763120398955117,0.023687960104488245
1014,0.5389703767615761,0.46102962323842395
1015,0.8584183673469388,0.14158163265306123
1016,0.9763120398955117,0.023687960104488245
1017,0.7967914438502673,0.20320855614973263
1018,0.9763120398955117,0.023687960104488245
1019,0.9763120398955117,0.023687960104488245
1020,0.9763120398955117,0.023687960104488245
1021,0.9763120398955117,0.023687960104488245
1022,0.38694992412746587,0.6130500758725341
1023,0.9763120398955117,0.023687960104488245
1024,0.9763120398955117,0.023687960104488245
1025,0.5701219512195121,0.4298780487804878
1026,0.8999638858793788,0.10003611412062116
1027,0.38694992412746587,0.6130500758725341
1028,0.38694992412746587,0.6130500758725341
1029,0.38694992412746587,0.6130500758725341
1030,0.38694992412746587,0.6130500758725341
1031,0.9,0.1
1032,0.9763120398955117,0.023687960104488245
1033,0.38694992412746587,0.6130500758725341
1034,0.9763120398955117,0.023687960104488245
1035,0.9763120398955117,0.023687960104488245
1036,0.20729537366548043,0.7927046263345195
1037,0.9763120398955117,0.023687960104488245
1038,0.666028208253526,0.33397179174647396
1039,0.666028208253526,0.33397179174647396
1040,0.9763120398955117,0.023687960104488245
1041,0.9763120398955117,0.023687960104488245
1042,0.38694992412746587,0.6130500758725341
1043,0.666028208253526,0.33397179174647396
1044,0.6047619047619047,0.3952380952380952
1045,0.9763120398955117,0.023687960104488245
1046,0.9763120398955117,0.023687960104488245
1047,0.666028208253526,0.33397179174647396
1048,0.666028208253526,0.33397179174647396
1049,0.666028208253526,0.33397179174647396
1050,0.9763120398955117,0.023687960104488245
1051,0.666028208253526,0.33397179174647396
1052,0.8999638858793788,0.10003611412062116
1053,0.20729537366548043,0.7927046263345195
1054,0.20729537366548043,0.7927046263345195
1055,0.9763120398955117,0.023687960104488245
1056,0.9763120398955117,0.023687960104488245
1057,0.9763120398955117,0.023687960104488245
1058,0.8952478283086357,0.10475217169136433
1059,0.5701219512195121,0.4298780487804878
1060,0.8952478283086357,0.10475217169136433
1061,0.38694992412746587,0.6130500758725341
1062,0.5389703767615761,0.46102962323842395
1063,0.20729537366548043,0.7927046263345195
1064,0.38694992412746587,0.6130500758725341
1065,0.8999638858793788,0.10003611412062116
1066,0.38694992412746587,0.6130500758725341
1067,0.9,0.1
1068,0.5389703767615761,0.46102962323842395
1069,0.38694992412746587,0.6130500758725341
1070,0.9763120398955117,0.023687960104488245
1071,0.38694992412746587,0.6130500758725341
1072,0.9763120398955117,0.023687960104488245
1073,0.38694992412746587,0.6130500758725341
1074,0.5701219512195121,0.4298780487804878
1075,0.666028208253526,0.33397179174647396
1076,0.9763120398955117,0.023687960104488245
1077,0.666028208253526,0.33397179174647396
1078,0.9763120398955117,0.023687960104488245
1079,0.38694992412746587,0.6130500758725341
1080,0.7194950911640954,0.2805049088359046
1081,0.5389703767615761,0.46102962323842395
1082,0.9763120398955117,0.023687960104488245
1083,0.666028208253526,0.33397179174647396
1084,0.9763120398955117,0.023687960104488245
1085,0.8999638858793788,0.10003611412062116
1086,0.8952478283086357,0.10475217169136433
1087,0.9763120398955117,0.023687960104488245
1088,0.20729537366548043,0.7927046263345195
1089,0.9763120398955117,0.023687960104488245
1090,0.9763120398955117,0.023687960104488245
1091,0.9763120398955117,0.023687960104488245
1092,0.8584183673469388,0.14158163265306123
1093,0.9763120398955117,0.023687960104488245
1094,0.38694992412746587,0.6130500758725341
1095,0.9763120398955117,0.023687960104488245
1096,0.7967914438502673,0.20320855614973263
1097,0.5389703767615761,0.46102962323842395
1098,0.38694992412746587,0.6130500758725341
1099,0.38694992412746587,0.6130500758725341
1100,0.5389703767615761,0.46102962323842395
1101,0.9763120398955117,0.023687960104488245
1102,0.7194950911640954,0.2805049088359046
1103,0.38694992412746587,0.6130500758725341
1104,0.9763120398955117,0.023687960104488245
1105,0.666028208253526,0.33397179174647396
1106,0.5701219512195121,0.4298780487804878
1107,0.666028208253526,0.33397179174647396
1108,0.38694992412746587,0.6130500758725341
1109,0.9763120398955117,0.023687960104488245
1110,0.666028208253526,0.33397179174647396
1111,0.8999638858793788,0.10003611412062116
1112,0.666028208253526,0.33397179174647396
1113,0.5389703767615761,0.46102962323842395
1114,0.666028208253526,0.33397179174647396
1115,0.9763120398955117,0.023687960104488245
1116,0.9763120398955117,0.023687960104488245
1117,0.5389703767615761,0.46102962323842395
1118,0.8584183673469388,0.14158163265306123
1119,0.666028208253526,0.33397179174647396
1120,0.9763120398955117,0.023687960104488245
1121,0.9763120398955117,0.023687960104488245
1122,0.9763120398955117,0.023687960104488245
1123,0.9,0.1
1124,0.8999638858793788,0.10003611412062116
1125,0.8999638858793788,0.10003611412062116
1126,0.20729537366548043,0.7927046263345195
1127,0.9763120398955117,0.023687960104488245
1128,0.9763120398955117,0.023687960104488245
1129,0.666028208253526,0.33397179174647396
1130,0.5389703767615761,0.46102962323842395
1131,0.9763120398955117,0.023687960104488245
1132,0.9,0.1
1133,0.9763120398955117,0.023687960104488245
1134,0.9763120398955117,0.023687960104488245
1135,0.5389703767615761,0.46102962323842395
1136,0.9763120398955117,0.023687960104488245
1137,0.8999638858793788,0.10003611412062116
1138,0.9763120398955117,0.023687960104488245
1139,0.9763120398955117,0.023687960104488245
1140,0.9763120398955117,0.023687960104488245
1141,0.5389703767615761,0.46102962323842395
1142,0.9763120398955117,0.023687960104488245
1143,0.9763120398955117,0.023687960104488245
1144,0.7967914438502673,0.20320855614973263
1145,0.8952478283086357,0.10475217169136433
1146,0.9763120398955117,0.023687960104488245
1147,0.7194950911640954,0.2805049088359046
1148,0.5389703767615761,0.46102962323842395
1149,0.20729537366548043,0.7927046263345195
1150,0.9763120398955117,0.023687960104488245
1151,0.666028208253526,0.33397179174647396
1152,0.9763120398955117,0.023687960104488245
1153,0.666028208253526,0.33397179174647396
1154,0.8584183673469388,0.14158163265306123
1155,0.20729537366548043,0.7927046263345195
1156,0.666028208253526,0.33397179174647396
1157,0.666028208253526,0.33397179174647396
1158,0.5389703767615761,0.46102962323842395
1159,0.38694992412746587,0.6130500758725341
1160,0.9763120398955117,0.023687960104488245
1161,0.9763120398955117,0.023687960104488245
1162,0.8999638858793788,0.10003611412062116
1163,0.38694992412746587,0.6130500758725341
1164,0.9763120398955117,0.023687960104488245
1165,0.666028208253526,0.33397179174647396
1166,0.20729537366548043,0.7927046263345195
1167,0.666028208253526,0.33397179174647396
1168,0.20729537366548043,0.7927046263345195
1169,0.20729537366548043,0.7927046263345195
1170,0.20729537366548043,0.7927046263345195
1171,0.9763120398955117,0.023687960104488245
1172,0.5389703767615761,0.46102962323842395
1173,0.20729537366548043,0.7927046263345195
1174,0.9763120398955117,0.023687960104488245
1175,0.38694992412746587,0.6130500758725341
1176,0.5389703767615761,0.46102962323842395
1177,0.9763120398955117,0.023687960104488245
1178,0.5389703767615761,0.46102962323842395
1179,0.9,0.1
1180,0.9763120398955117,0.023687960104488245
1181,0.9763120398955117,0.023687960104488245
1182,0.666028208253526,0.33397179174647396
1183,0.9,0.1
1184,0.5389703767615761,0.46102962323842395
1185,0.9763120398955117,0.023687960104488245
1186,0.9763120398955117,0.023687960104488245
1187,0.666028208253526,0.33397179174647396
1188,0.9763120398955117,0.023687960104488245
1189,0.7194950911640954,0.2805049088359046
1190,0.666028208253526,0.33397179174647396
1191,0.666028208253526,0.33397179174647396
1192,0.9763120398955117,0.023687960104488245
1193,0.7194950911640954,0.2805049088359046
1194,0.666028208253526,0.33397179174647396
1195,0.9763120398955117,0.023687960104488245
1196,0.9763120398955117,0.023687960104488245
1197,0.38694992412746587,0.6130500758725341
1198,0.5701219512195121,0.4298780487804878
1199,0.9763120398955117,0.023687960104488245
1200,0.666028208253526,0.33397179174647396
1201,0.666028208253526,0.33397179174647396
1202,0.666028208253526,0.33397179174647396
1203,0.666028208253526,0.33397179174647396
1204,0.666028208253526,0.33397179174647396
1205,0.8584183673469388,0.14158163265306123
1206,0.8999638858793788,0.10003611412062116
1207,0.8999638858793788,0.10003611412062116
1208,0.8999638858793788,0.10003611412062116
1209,0.7747524752475248,0.22524752475247525
1210,0.666028208253526,0.33397179174647396
1211,0.8952478283086357,0.10475217169136433
1212,0.5389703767615761,0.46102962323842395
1213,0.9763120398955117,0.023687960104488245
1214,0.9763120398955117,0.023687960104488245
1215,0.9763120398955117,0.023687960104488245
1216,0.20729537366548043,0.7927046263345195
1217,0.666028208253526,0.33397179174647396
1218,0.5389703767615761,0.46102962323842395
1219,0.6047619047619047,0.3952380952380952
1220,0.9763120398955117,0.023687960104488245
1221,0.9763120398955117,0.023687960104488245
1222,0.9763120398955117,0.023687960104488245
1223,0.38694992412746587,0.6130500758725341
1224,0.20729537366548043,0.7927046263345195
1225,0.5389703767615761,0.46102962323842395
1226,0.38694992412746587,0.6130500758725341
1227,0.7967914438502673,0.20320855614973263
1228,0.20729537366548043,0.7927046263345195
1229,0.7194950911640954,0.2805049088359046
1230,0.38694992412746587,0.6130500758725341
1231,0.9763120398955117,0.023687960104488245
1232,0.9763120398955117,0.023687960104488245
1233,0.9763120398955117,0.023687960104488245
1234,0.9763120398955117,0.023687960104488245
1235,0.9,0.1
1236,0.20729537366548043,0.7927046263345195
1237,0.9763120398955117,0.023687960104488245
1238,0.9763120398955117,0.023687960104488245
1239,0.38694992412746587,0.6130500758725341
1240,0.38694992412746587,0.6130500758725341
1241,0.666028208253526,0.33397179174647396
1242,0.20729537366548043,0.7927046263345195
1243,0.9763120398955117,0.023687960104488245
1244,0.666028208253526,0.33397179174647396
1245,0.9763120398955117,0.023687960104488245
1246,0.9763120398955117,0.023687960104488245
1247,0.9763120398955117,0.023687960104488245
1248,0.8584183673469388,0.14158163265306123
1249,0.9,0.1
1250,0.9763120398955117,0.023687960104488245
1251,0.38694992412746587,0.6130500758725341
1252,0.9763120398955117,0.023687960104488245
1253,0.5389703767615761,0.46102962323842395
1254,0.9763120398955117,0.023687960104488245
1255,0.9,0.1
1256,0.9763120398955117,0.023687960104488245
1257,0.5389703767615761,0.46102962323842395
1258,0.8999638858793788,0.10003611412062116
1259,0.38694992412746587,0.6130500758725341
1260,0.5389703767615761,0.46102962323842395
1261,0.9763120398955117,0.023687960104488245
1262,0.666028208253526,0.33397179174647396
1263,0.666028208253526,0.33397179174647396
1264,0.38694992412746587,0.6130500758725341
1265,0.7967914438502673,0.20320855614973263
1266,0.9763120398955117,0.023687960104488245
1267,0.38694992412746587,0.6130500758725341
1268,0.8952478283086357,0.10475217169136433
1269,0.9763120398955117,0.023687960104488245
1270,0.9763120398955117,0.023687960104488245
1271,0.38694992412746587,0.6130500758725341
1272,0.38694992412746587,0.6130500758725341
1273,0.5389703767615761,0.46102962323842395
1274,0.9763120398955117,0.023687960104488245
1275,0.5389703767615761,0.46102962323842395
1276,0.20729537366548043,0.7927046263345195
1277,0.38694992412746587,0.6130500758725341
1278,0.20729537366548043,0.7927046263345195
1279,0.9763120398955117,0.023687960104488245
1280,0.8999638858793788,0.10003611412062116
1281,0.666028208253526,0.33397179174647396
1282,0.9763120398955117,0.023687960104488245
1283,0.9,0.1
1284,0.7194950911640954,0.2805049088359046
1285,0.9763120398955117,0.023687960104488245
1286,0.666028208253526,0.33397179174647396
1287,0.9763120398955117,0.023687960104488245
1288,0.5389703767615761,0.46102962323842395
1289,0.9763120398955117,0.023687960104488245
1290,0.9763120398955117,0.023687960104488245
1291,0.9763120398955117,0.023687960104488245
1292,0.20729537366548043,0.7927046263345195
1293,0.20729537366548043,0.7927046263345195
1294,0.20729537366548043,0.7927046263345195
1295,0.38694992412746587,0.6130500758725341
1296,0.7194950911640954,0.2805049088359046
1297,0.5389703767615761,0.46102962323842395
1298,0.8566308243727598,0.14336917562724014
1299,0.9763120398955117,0.023687960104488245
1300,0.7967914438502673,0.20320855614973263
1301,0.8952478283086357,0.10475217169136433
1302,0.5389703767615761,0.46102962323842395
1303,0.20729537366548043,0.7927046263345195
1304,0.9763120398955117,0.023687960104488245
1305,0.9763120398955117,0.023687960104488245
1306,0.9763120398955117,0.023687960104488245
1307,0.666028208253526,0.33397179174647396
1308,0.9763120398955117,0.023687960104488245
1309,0.9,0.1
1310,0.5389703767615761,0.46102962323842395
1311,0.8566308243727598,0.14336917562724014
1312,0.8584183673469388,0.14158163265306123
1313,0.9763120398955117,0.023687960104488245
1314,0.5389703767615761,0.46102962323842395
1315,0.9763120398955117,0.023687960104488245
1316,0.9,0.1
1317,0.8584183673469388,0.14158163265306123
1318,0.9763120398955117,0.023687960104488245
1319,0.9763120398955117,0.023687960104488245
1320,0.7194950911640954,0.2805049088359046
1321,0.38694992412746587,0.6130500758725341
1322,0.8999638858793788,0.10003611412062116
1323,0.5389703767615761,0.46102962323842395
1324,0.9763120398955117,0.023687960104488245
1325,0.38694992412746587,0.6130500758725341
1326,0.7194950911640954,0.2805049088359046
1327,0.9763120398955117,0.023687960104488245
1328,0.666028208253526,0.33397179174647396
1329,0.8952478283086357,0.10475217169136433
1330,0.666028208253526,0.33397179174647396
1331,0.20729537366548043,0.7927046263345195
1332,0.666028208253526,0.33397179174647396
1333,0.9763120398955117,0.023687960104488245
1334,0.38694992412746587,0.6130500758725341
1335,0.9763120398955117,0.023687960104488245
1336,0.9763120398955117,0.023687960104488245
1337,0.38694992412746587,0.6130500758725341
1338,0.20729537366548043,0.7927046263345195
1339,0.9763120398955117,0.023687960104488245
1340,0.9763120398955117,0.023687960104488245
1341,0.666028208253526,0.33397179174647396
1342,0.9763120398955117,0.023687960104488245
1343,0.9763120398955117,0.023687960104488245
1344,0.9763120398955117,0.023687960104488245
1345,0.38694992412746587,0.6130500758725341
1346,0.7194950911640954,0.2805049088359046
1347,0.666028208253526,0.33397179174647396
1348,0.38694992412746587,0.6130500758725341
1349,0.8952478283086357,0.10475217169136433
1350,0.5389703767615761,0.46102962323842395
1351,0.5389703767615761,0.46102962323842395
1352,0.9763120398955117,0.023687960104488245
1353,0.7747524752475248,0.22524752475247525
1354,0.38694992412746587,0.6130500758725341
1355,0.9763120398955117,0.023687960104488245
1356,0.9763120398955117,0.023687960104488245
1357,0.9,0.1
1358,0.7967914438502673,0.20320855614973263
1359,0.9763120398955117,0.023687960104488245
1360,0.7194950911640954,0.2805049088359046
1361,0.666028208253526,0.33397179174647396
1362,0.9763120398955117,0.023687960104488245
1363,0.9763120398955117,0.023687960104488245
1364,0.8999638858793788,0.10003611412062116
1365,0.38694992412746587,0.6130500758725341
1366,0.20729537366548043,0.7927046263345195
1367,0.5389703767615761,0.46102962323842395
1368,0.38694992412746587,0.6130500758725341
1369,0.666028208253526,0.33397179174647396
1370,0.7967914438502673,0.20320855614973263
1371,0.9763120398955117,0.023687960104488245
1372,0.8999638858793788,0.10003611412062116
1373,0.5389703767615761,0.46102962323842395
1374,0.20729537366548043,0.7927046263345195
1375,0.5389703767615761,0.46102962323842395
1376,0.9763120398955117,0.023687960104488245
1377,0.8999638858793788,0.10003611412062116
1378,0.9,0.1
1379,0.7194950911640954,0.2805049088359046
1380,0.6047619047619047,0.3952380952380952
1381,0.666028208253526,0.33397179174647396
1382,0.20729537366548043,0.7927046263345195
1383,0.9763120398955117,0.023687960104488245
1384,0.9763120398955117,0.023687960104488245
1385,0.9763120398955117,0.023687960104488245
1386,0.20729537366548043,0.7927046263345195
1387,0.666028208253526,0.33397179174647396
1388,0.666028208253526,0.33397179174647396
1389,0.5389703767615761,0.46102962323842395
1390,0.8584183673469388,0.14158163265306123
1391,0.9763120398955117,0.023687960104488245
1392,0.9763120398955117,0.023687960104488245
1393,0.9763120398955117,0.023687960104488245
1394,0.9763120398955117,0.023687960104488245
1395,0.5389703767615761,0.46102962323842395
1396,0.9763120398955117,0.023687960104488245
1397,0.9,0.1
1398,0.8999638858793788,0.10003611412062116
1399,0.9763120398955117,0.023687960104488245
1400,0.9763120398955117,0.023687960104488245
1401,0.666028208253526,0.33397179174647396
1402,0.9763120398955117,0.023687960104488245
1403,0.9763120398955117,0.023687960104488245
1404,0.666028208253526,0.33397179174647396
1405,0.9763120398955117,0.023687960104488245
1406,0.8999638858793788,0.10003611412062116
1407,0.9763120398955117,0.023687960104488245
1408,0.38694992412746587,0.6130500758725341
1409,0.9763120398955117,0.023687960104488245
1410,0.5389703767615761,0.46102962323842395
1411,0.9763120398955117,0.023687960104488245
1412,0.38694992412746587,0.6130500758725341
1413,0.5389703767615761,0.46102962323842395
1414,0.20729537366548043,0.7927046263345195
1415,0.9763120398955117,0.023687960104488245
1416,0.9763120398955117,0.023687960104488245
1417,0.9763120398955117,0.023687960104488245
1418,0.30357142857142855,0.6964285714285714
1419,0.666028208253526,0.33397179174647396
1420,0.8999638858793788,0.10003611412062116
1421,0.38694992412746587,0.6130500758725341
1422,0.38694992412746587,0.6130500758725341
1423,0.9763120398955117,0.023687960104488245
1424,0.20729537366548043,0.7927046263345195
1425,0.9763120398955117,0.023687960104488245
1426,0.9763120398955117,0.023687960104488245
1427,0.666028208253526,0.33397179174647396
1428,0.8999638858793788,0.10003611412062116
1429,0.5389703767615761,0.46102962323842395
1430,0.9,0.1
1431,0.8999638858793788,0.10003611412062116
1432,0.666028208253526,0.33397179174647396
1433,0.9763120398955117,0.023687960104488245
1434,0.38694992412746587,0.6130500758725341
1435,0.5389703767615761,0.46102962323842395
1436,0.9763120398955117,0.023687960104488245
1437,0.5701219512195121,0.4298780487804878
1438,0.666028208253526,0.33397179174647396
1439,0.9763120398955117,0.023687960104488245
1440,0.20729537366548043,0.7927046263345195
1441,0.666028208253526,0.33397179174647396
1442,0.5389703767615761,0.46102962323842395
1443,0.38694992412746587,0.6130500758725341
1444,0.5389703767615761,0.46102962323842395
1445,0.5389703767615761,0.46102962323842395
1446,0.5389703767615761,0.46102962323842395
1447,0.666028208253526,0.33397179174647396
1448,0.9763120398955117,0.023687960104488245
1449,0.9763120398955117,0.023687960104488245
1450,0.8952478283086357,0.10475217169136433
1451,0.9763120398955117,0.023687960104488245
1452,0.8566308243727598,0.14336917562724014
1453,0.38694992412746587,0.6130500758725341
1454,0.38694992412746587,0.6130500758725341
1455,0.8999638858793788,0.10003611412062116
1456,0.9763120398955117,0.023687960104488245
1457,0.9763120398955117,0.023687960104488245
1458,0.38694992412746587,0.6130500758725341
1459,0.9763120398955117,0.023687960104488245
1460,0.666028208253526,0.33397179174647396
1461,0.8999638858793788,0.10003611412062116
1462,0.8999638858793788,0.10003611412062116
1463,0.9763120398955117,0.023687960104488245
1464,0.38694992412746587,0.6130500758725341
1465,0.7967914438502673,0.20320855614973263
1466,0.9763120398955117,0.023687960104488245
1467,0.38694992412746587,0.6130500758725341
1468,0.5389703767615761,0.46102962323842395
1469,0.38694992412746587,0.6130500758725341
1470,0.38694992412746587,0.6130500758725341
1471,0.9763120398955117,0.023687960104488245
1472,0.8999638858793788,0.10003611412062116
1473,0.7967914438502673,0.20320855614973263
1474,0.9763120398955117,0.023687960104488245
1475,0.9763120398955117,0.023687960104488245
1476,0.8952478283086357,0.10475217169136433
1477,0.666028208253526,0.33397179174647396
1478,0.9763120398955117,0.023687960104488245
1479,0.9763120398955117,0.023687960104488245
1480,0.666028208253526,0.33397179174647396
1481,0.9763120398955117,0.023687960104488245
1482,0.9763120398955117,0.023687960104488245
1483,0.8952478283086357,0.10475217169136433
1484,0.666028208253526,0.33397179174647396
1485,0.8999638858793788,0.10003611412062116
1486,0.7747524752475248,0.22524752475247525
1487,0.38694992412746587,0.6130500758725341
1488,0.9,0.1
1489,0.8952478283086357,0.10475217169136433
1490,0.666028208253526,0.33397179174647396
1491,0.8584183673469388,0.14158163265306123
1492,0.9,0.1
1493,0.9763120398955117,0.023687960104488245
1494,0.666028208253526,0.33397179174647396
1495,0.9,0.1
1496,0.38694992412746587,0.6130500758725341
1497,0.8952478283086357,0.10475217169136433
1498,0.8999638858793788,0.10003611412062116
1499,0.9763120398955117,0.023687960104488245
1500,0.8952478283086357,0.10475217169136433
1501,0.38694992412746587,0.6130500758725341
1502,0.9763120398955117,0.023687960104488245
1503,0.5389703767615761,0.46102962323842395
1504,0.9763120398955117,0.023687960104488245
1505,0.9763120398955117,0.023687960104488245
1506,0.9763120398955117,0.023687960104488245
1507,0.38694992412746587,0.6130500758725341
1508,0.38694992412746587,0.6130500758725341
1509,0.666028208253526,0.33397179174647396
1510,0.5389703767615761,0.46102962323842395
1511,0.9763120398955117,0.023687960104488245
1512,0.9,0.1
1513,0.5389703767615761,0.46102962323842395
1514,0.9763120398955117,0.023687960104488245
1515,0.5389703767615761,0.46102962323842395
1516,0.38694992412746587,0.6130500758725341
1517,0.8952478283086357,0.10475217169136433
1518,0.9763120398955117,0.023687960104488245
1519,0.666028208253526,0.33397179174647396
1520,0.20729537366548043,0.7927046263345195
1521,0.38694992412746587,0.6130500758725341
1522,0.20729537366548043,0.7927046263345195
1523,0.9763120398955117,0.023687960104488245
1524,0.666028208253526,0.33397179174647396
1525,0.9,0.1
1526,0.7967914438502673,0.20320855614973263
1527,0.9,0.1
1528,0.9763120398955117,0.023687960104488245
1529,0.9763120398955117,0.023687960104488245
1530,0.9763120398955117,0.023687960104488245
1531,0.38694992412746587,0.6130500758725341
1532,0.38694992412746587,0.6130500758725341
1533,0.9763120398955117,0.023687960104488245
1534,0.666028208253526,0.33397179174647396
1535,0.666028208253526,0.33397179174647396
1536,0.9763120398955117,0.023687960104488245
1537,0.666028208253526,0.33397179174647396
1538,0.9763120398955117,0.023687960104488245
1539,0.9763120398955117,0.023687960104488245
1540,0.9763120398955117,0.023687960104488245
1541,0.9763120398955117,0.023687960104488245
1542,0.5389703767615761,0.46102962323842395
1543,0.8952478283086357,0.10475217169136433
1544,0.9763120398955117,0.023687960104488245
1545,0.9763120398955117,0.023687960104488245
1546,0.666028208253526,0.33397179174647396
1547,0.38694992412746587,0.6130500758725341
1548,0.5389703767615761,0.46102962323842395
1549,0.8999638858793788,0.10003611412062116
1550,0.5389703767615761,0.46102962323842395
1551,0.9763120398955117,0.023687960104488245
1552,0.9763120398955117,0.023687960104488245
1553,0.666028208253526,0.33397179174647396
1554,0.9763120398955117,0.023687960104488245
1555,0.9763120398955117,0.023687960104488245
1556,0.9763120398955117,0.023687960104488245
1557,0.8999638858793788,0.10003611412062116
1558,0.9763120398955117,0.023687960104488245
1559,0.9763120398955117,0.023687960104488245
1560,0.9763120398955117,0.023687960104488245
1561,0.38694992412746587,0.6130500758725341
1562,0.9763120398955117,0.023687960104488245
1563,0.9763120398955117,0.023687960104488245
1564,0.38694992412746587,0.6130500758725341
1565,0.9763120398955117,0.023687960104488245
1566,0.8999638858793788,0.10003611412062116
1567,0.9763120398955117,0.023687960104488245
1568,0.666028208253526,0.33397179174647396
1569,0.9763120398955117,0.023687960104488245
1570,0.20729537366548043,0.7927046263345195
1571,0.9763120398955117,0.023687960104488245
1572,0.9,0.1
1573,0.9763120398955117,0.023687960104488245
1574,0.9763120398955117,0.023687960104488245
1575,0.8952478283086357,0.10475217169136433
1576,0.38694992412746587,0.6130500758725341
1577,0.9,0.1
1578,0.8999638858793788,0.10003611412062116
1579,0.5389703767615761,0.46102962323842395
1580,0.9763120398955117,0.023687960104488245
1581,0.9763120398955117,0.023687960104488245
1582,0.666028208253526,0.33397179174647396
1583,0.9763120398955117,0.023687960104488245
1584,0.8566308243727598,0.14336917562724014
1585,0.9763120398955117,0.023687960104488245
1586,0.9763120398955117,0.023687960104488245
1587,0.9763120398955117,0.023687960104488245
1588,0.38694992412746587,0.6130500758725341
1589,0.666028208253526,0.33397179174647396
1590,0.9763120398955117,0.023687960104488245
1591,0.9,0.1
1592,0.8999638858793788,0.10003611412062116
1593,0.9763120398955117,0.023687960104488245
1594,0.9763120398955117,0.023687960104488245
1595,0.9763120398955117,0.023687960104488245
1596,0.9763120398955117,0.023687960104488245
1597,0.5389703767615761,0.46102962323842395
1598,0.9763120398955117,0.023687960104488245
1599,0.9763120398955117,0.023687960104488245
1600,0.20729537366548043,0.7927046263345195
1601,0.5389703767615761,0.46102962323842395
1602,0.9763120398955117,0.023687960104488245
1603,0.8566308243727598,0.14336917562724014
1604,0.7967914438502673,0.20320855614973263
1605,0.9763120398955117,0.023687960104488245
1606,0.9763120398955117,0.023687960104488245
1607,0.9763120398955117,0.023687960104488245
1608,0.9763120398955117,0.023687960104488245
1609,0.38694992412746587,0.6130500758725341
1610,0.38694992412746587,0.6130500758725341
1611,0.9763120398955117,0.023687960104488245
1612,0.8999638858793788,0.10003611412062116
1613,0.5389703767615761,0.46102962323842395
1614,0.666028208253526,0.33397179174647396
1615,0.666028208253526,0.33397179174647396
1616,0.7194950911640954,0.2805049088359046
1617,0.8999638858793788,0.10003611412062116
1618,0.5701219512195121,0.4298780487804878
1619,0.5389703767615761,0.46102962323842395
1620,0.9,0.1
1621,0.20729537366548043,0.7927046263345195
1622,0.8999638858793788,0.10003611412062116
1623,0.9763120398955117,0.023687960104488245
1624,0.9763120398955117,0.023687960104488245
1625,0.9763120398955117,0.023687960104488245
1626,0.666028208253526,0.33397179174647396
1627,0.38694992412746587,0.6130500758725341
1628,0.9763120398955117,0.023687960104488245
1629,0.8999638858793788,0.10003611412062116
1630,0.38694992412746587,0.6130500758725341
1631,0.9763120398955117,0.023687960104488245
1632,0.38694992412746587,0.6130500758725341
1633,0.8566308243727598,0.14336917562724014
1634,0.9763120398955117,0.023687960104488245
1635,0.20729537366548043,0.7927046263345195
1636,0.9763120398955117,0.023687960104488245
1637,0.666028208253526,0.33397179174647396
1638,0.8952478283086357,0.10475217169136433
1639,0.38694992412746587,0.6130500758725341
1640,0.9763120398955117,0.023687960104488245
1641,0.8584183673469388,0.14158163265306123
1642,0.38694992412746587,0.6130500758725341
1643,0.9763120398955117,0.023687960104488245
1644,0.7747524752475248,0.22524752475247525
1645,0.8566308243727598,0.14336917562724014
1646,0.9763120398955117,0.023687960104488245
1647,0.8999638858793788,0.10003611412062116
1648,0.5389703767615761,0.46102962323842395
1649,0.666028208253526,0.33397179174647396
1650,0.20729537366548043,0.7927046263345195
1651,0.9763120398955117,0.023687960104488245
1652,0.38694992412746587,0.6130500758725341
1653,0.8999638858793788,0.10003611412062116
1654,0.20729537366548043,0.7927046263345195
1655,0.38694992412746587,0.6130500758725341
1656,0.666028208253526,0.33397179174647396
1657,0.38694992412746587,0.6130500758725341
1658,0.5389703767615761,0.46102962323842395
1659,0.9,0.1
1660,0.9763120398955117,0.023687960104488245
1661,0.8952478283086357,0.10475217169136433
1662,0.38694992412746587,0.6130500758725341
1663,0.38694992412746587,0.6130500758725341
1664,0.8584183673469388,0.14158163265306123
1665,0.38694992412746587,0.6130500758725341
1666,0.8999638858793788,0.10003611412062116
1667,0.9763120398955117,0.023687960104488245
1668,0.9763120398955117,0.023687960104488245
1669,0.7194950911640954,0.2805049088359046
1670,0.5389703767615761,0.46102962323842395
1671,0.9763120398955117,0.023687960104488245
1672,0.20729537366548043,0.7927046263345195
1673,0.666028208253526,0.33397179174647396
1674,0.8584183673469388,0.14158163265306123
1675,0.9763120398955117,0.023687960104488245
1676,0.38694992412746587,0.6130500758725341
1677,0.9763120398955117,0.023687960104488245
1678,0.38694992412746587,0.6130500758725341
1679,0.5389703767615761,0.46102962323842395
1680,0.9763120398955117,0.023687960104488245
1681,0.9763120398955117,0.023687960104488245
1682,0.20729537366548043,0.7927046263345195
1683,0.8952478283086357,0.10475217169136433
1684,0.38694992412746587,0.6130500758725341
1685,0.9763120398955117,0.023687960104488245
1686,0.9763120398955117,0.023687960104488245
1687,0.8999638858793788,0.10003611412062116
1688,0.9763120398955117,0.023687960104488245
1689,0.9763120398955117,0.023687960104488245
1690,0.8952478283086357,0.10475217169136433
1691,0.9763120398955117,0.023687960104488245
1692,0.38694992412746587,0.6130500758725341
1693,0.9763120398955117,0.023687960104488245
1694,0.9763120398955117,0.023687960104488245
1695,0.9763120398955117,0.023687960104488245
1696,0.666028208253526,0.33397179174647396
1697,0.9763120398955117,0.023687960104488245
1698,0.5389703767615761,0.46102962323842395
1699,0.5389703767615761,0.46102962323842395
1700,0.8999638858793788,0.10003611412062116
1701,0.9763120398955117,0.023687960104488245
1702,0.9,0.1
1703,0.5389703767615761,0.46102962323842395
1704,0.666028208253526,0.33397179174647396
1705,0.9,0.1
1706,0.8999638858793788,0.10003611412062116
1707,0.9,0.1
1708,0.666028208253526,0.33397179174647396
1709,0.8999638858793788,0.10003611412062116
1710,0.666028208253526,0.33397179174647396
1711,0.666028208253526,0.33397179174647396
1712,0.20729537366548043,0.7927046263345195
1713,0.8999638858793788,0.10003611412062116
1714,0.8566308243727598,0.14336917562724014
1715,0.8952478283086357,0.10475217169136433
1716,0.7194950911640954,0.2805049088359046
1717,0.9763120398955117,0.023687960104488245
1718,0.9,0.1
1719,0.38694992412746587,0.6130500758725341
1720,0.666028208253526,0.33397179174647396
1721,0.9763120398955117,0.023687960104488245
1722,0.666028208253526,0.33397179174647396
1723,0.9763120398955117,0.023687960104488245
1724,0.20729537366548043,0.7927046263345195
1725,0.5389703767615761,0.46102962323842395
1726,0.9763120398955117,0.023687960104488245
1727,0.8999638858793788,0.10003611412062116
1728,0.38694992412746587,0.6130500758725341
1729,0.8999638858793788,0.10003611412062116
1730,0.5389703767615761,0.46102962323842395
1731,0.9763120398955117,0.023687960104488245
1732,0.9763120398955117,0.023687960104488245
1733,0.9763120398955117,0.023687960104488245
1734,0.38694992412746587,0.6130500758725341
1735,0.666028208253526,0.33397179174647396
1736,0.9763120398955117,0.023687960104488245
1737,0.9763120398955117,0.023687960104488245
1738,0.38694992412746587,0.6130500758725341
1739,0.8999638858793788,0.10003611412062116
1740,0.38694992412746587,0.6130500758725341
1741,0.666028208253526,0.33397179174647396
1742,0.5389703767615761,0.46102962323842395
1743,0.5701219512195121,0.4298780487804878
1744,0.5389703767615761,0.46102962323842395
1745,0.9763120398955117,0.023687960104488245
1746,0.8584183673469388,0.14158163265306123
1747,0.9763120398955117,0.023687960104488245
1748,0.9763120398955117,0.023687960104488245
1749,0.5389703767615761,0.46102962323842395
1750,0.5389703767615761,0.46102962323842395
1751,0.9763120398955117,0.023687960104488245
1752,0.666028208253526,0.33397179174647396
1753,0.9763120398955117,0.023687960104488245
1754,0.666028208253526,0.33397179174647396
1755,0.20729537366548043,0.7927046263345195
1756,0.666028208253526,0.33397179174647396
1757,0.9763120398955117,0.023687960104488245
1758,0.20729537366548043,0.7927046263345195
1759,0.9763120398955117,0.023687960104488245
1760,0.8952478283086357,0.10475217169136433
1761,0.9763120398955117,0.023687960104488245
1762,0.20729537366548043,0.7927046263345195
1763,0.9763120398955117,0.023687960104488245
1764,0.9763120398955117,0.023687960104488245
1765,0.9763120398955117,0.023687960104488245
1766,0.38694992412746587,0.6130500758725341
1767,0.666028208253526,0.33397179174647396
1768,0.8999638858793788,0.10003611412062116
1769,0.666028208253526,0.33397179174647396
1770,0.8999638858793788,0.10003611412062116
1771,0.9763120398955117,0.023687960104488245
1772,0.9763120398955117,0.023687960104488245
1773,0.9763120398955117,0.023687960104488245
1774,0.666028208253526,0.33397179174647396
1775,0.9763120398955117,0.023687960104488245
1776,0.38694992412746587,0.6130500758725341
1777,0.9763120398955117,0.023687960104488245
1778,0.666028208253526,0.33397179174647396
1779,0.38694992412746587,0.6130500758725341
1780,0.5701219512195121,0.4298780487804878
1781,0.9763120398955117,0.023687960104488245
1782,0.38694992412746587,0.6130500758725341
1783,0.9763120398955117,0.023687960104488245
1784,0.38694992412746587,0.6130500758725341
1785,0.20729537366548043,0.7927046263345195
1786,0.9763120398955117,0.023687960104488245
1787,0.5389703767615761,0.46102962323842395
1788,0.9763120398955117,0.023687960104488245
1789,0.38694992412746587,0.6130500758725341
1790,0.9763120398955117,0.023687960104488245
1791,0.8584183673469388,0.14158163265306123
1792,0.38694992412746587,0.6130500758725341
1793,0.9763120398955117,0.023687960104488245
1794,0.38694992412746587,0.6130500758725341
1795,0.9763120398955117,0.023687960104488245
1796,0.9763120398955117,0.023687960104488245
1797,0.8999638858793788,0.10003611412062116
1798,0.9,0.1
1799,0.666028208253526,0.33397179174647396
1800,0.38694992412746587,0.6130500758725341
1801,0.666028208253526,0.33397179174647396
1802,0.9,0.1
1803,0.666028208253526,0.33397179174647396
1804,0.5389703767615761,0.46102962323842395
1805,0.8952478283086357,0.10475217169136433
1806,0.9763120398955117,0.023687960104488245
1807,0.8999638858793788,0.10003611412062116
1808,0.9763120398955117,0.023687960104488245
1809,0.8584183673469388,0.14158163265306123
1810,0.38694992412746587,0.6130500758725341
1811,0.9763120398955117,0.023687960104488245
1812,0.9763120398955117,0.023687960104488245
1813,0.5389703767615761,0.46102962323842395
1814,0.38694992412746587,0.6130500758725341
1815,0.666028208253526,0.33397179174647396
1816,0.9763120398955117,0.023687960104488245
1817,0.38694992412746587,0.6130500758725341
1818,0.8952478283086357,0.10475217169136433
1819,0.38694992412746587,0.6130500758725341
1820,0.38694992412746587,0.6130500758725341
1821,0.8999638858793788,0.10003611412062116
1822,0.9,0.1
1823,0.9763120398955117,0.023687960104488245
1824,0.666028208253526,0.33397179174647396
1825,0.9763120398955117,0.023687960104488245
1826,0.666028208253526,0.33397179174647396
1827,0.666028208253526,0.33397179174647396
1828,0.9763120398955117,0.023687960104488245
1829,0.9,0.1
1830,0.7194950911640954,0.2805049088359046
1831,0.5389703767615761,0.46102962323842395
1832,0.9763120398955117,0.023687960104488245
1833,0.9763120398955117,0.023687960104488245
1834,0.9763120398955117,0.023687960104488245
1835,0.9,0.1
1836,0.7967914438502673,0.20320855614973263
1837,0.38694992412746587,0.6130500758725341
1838,0.9,0.1
1839,0.7194950911640954,0.2805049088359046
1840,0.9763120398955117,0.023687960104488245
1841,0.8999638858793788,0.10003611412062116
1842,0.9763120398955117,0.023687960104488245
1843,0.666028208253526,0.33397179174647396
1844,0.9763120398955117,0.023687960104488245
1845,0.8999638858793788,0.10003611412062116
1846,0.38694992412746587,0.6130500758725341
1847,0.38694992412746587,0.6130500758725341
1848,0.9763120398955117,0.023687960104488245
1849,0.38694992412746587,0.6130500758725341
1850,0.8584183673469388,0.14158163265306123
1851,0.666028208253526,0.33397179174647396
1852,0.9763120398955117,0.023687960104488245
1853,0.9763120398955117,0.023687960104488245
1854,0.9763120398955117,0.023687960104488245
1855,0.9763120398955117,0.023687960104488245
1856,0.9763120398955117,0.023687960104488245
1857,0.5389703767615761,0.46102962323842395
1858,0.8999638858793788,0.10003611412062116
1859,0.9763120398955117,0.023687960104488245
1860,0.9,0.1
1861,0.8952478283086357,0.10475217169136433
1862,0.8584183673469388,0.14158163265306123
1863,0.9763120398955117,0.023687960104488245
1864,0.9763120398955117,0.023687960104488245
1865,0.9763120398955117,0.023687960104488245
1866,0.9763120398955117,0.023687960104488245
1867,0.9763120398955117,0.023687960104488245
1868,0.20729537366548043,0.7927046263345195
1869,0.7194950911640954,0.2805049088359046
1870,0.9763120398955117,0.023687960104488245
1871,0.9763120398955117,0.023687960104488245
1872,0.7967914438502673,0.20320855614973263
1873,0.9763120398955117,0.023687960104488245
1874,0.9763120398955117,0.023687960104488245
1875,0.38694992412746587,0.6130500758725341
1876,0.5389703767615761,0.46102962323842395
1877,0.38694992412746587,0.6130500758725341
1878,0.9763120398955117,0.023687960104488245
1879,0.9763120398955117,0.023687960104488245
1880,0.9763120398955117,0.023687960104488245
1881,0.20729537366548043,0.7927046263345195
1882,0.20729537366548043,0.7927046263345195
1883,0.38694992412746587,0.6130500758725341
1884,0.9763120398955117,0.023687960104488245
1885,0.5389703767615761,0.46102962323842395
1886,0.666028208253526,0.33397179174647396
1887,0.9763120398955117,0.023687960104488245
1888,0.7194950911640954,0.2805049088359046
1889,0.9763120398955117,0.023687960104488245
1890,0.38694992412746587,0.6130500758725341
1891,0.666028208253526,0.33397179174647396
1892,0.9763120398955117,0.023687960104488245
1893,0.9763120398955117,0.023687960104488245
1894,0.38694992412746587,0.6130500758725341
1895,0.9763120398955117,0.023687960104488245
1896,0.8584183673469388,0.14158163265306123
1897,0.9763120398955117,0.023687960104488245
1898,0.8584183673469388,0.14158163265306123
1899,0.7967914438502673,0.20320855614973263
1900,0.38694992412746587,0.6130500758725341
1901,0.9763120398955117,0.023687960104488245
1902,0.8584183673469388,0.14158163265306123
1903,0.666028208253526,0.33397179174647396
1904,0.666028208253526,0.33397179174647396
1905,0.9763120398955117,0.023687960104488245
1906,0.9763120398955117,0.023687960104488245
1907,0.8584183673469388,0.14158163265306123
1908,0.666028208253526,0.33397179174647396
1909,0.9,0.1
1910,0.38694992412746587,0.6130500758725341
1911,0.666028208253526,0.33397179174647396
1912,0.20729537366548043,0.7927046263345195
1913,0.5389703767615761,0.46102962323842395
1914,0.8952478283086357,0.10475217169136433
1915,0.7967914438502673,0.20320855614973263
1916,0.9763120398955117,0.023687960104488245
1917,0.9763120398955117,0.023687960104488245
1918,0.666028208253526,0.33397179174647396
1919,0.9763120398955117,0.023687960104488245
1920,0.9763120398955117,0.023687960104488245
1921,0.9763120398955117,0.023687960104488245
1922,0.8952478283086357,0.10475217169136433
1923,0.8999638858793788,0.10003611412062116
1924,0.666028208253526,0.33397179174647396
1925,0.9763120398955117,0.023687960104488245
1926,0.20729537366548043,0.7927046263345195
1927,0.20729537366548043,0.7927046263345195
1928,0.5701219512195121,0.4298780487804878
1929,0.8999638858793788,0.10003611412062116
1930,0.7747524752475248,0.22524752475247525
1931,0.8952478283086357,0.10475217169136433
1932,0.8999638858793788,0.10003611412062116
1933,0.9763120398955117,0.023687960104488245
1934,0.8999638858793788,0.10003611412062116
1935,0.9763120398955117,0.023687960104488245
1936,0.9763120398955117,0.023687960104488245
1937,0.20729537366548043,0.7927046263345195
1938,0.38694992412746587,0.6130500758725341
1939,0.20729537366548043,0.7927046263345195
1940,0.9763120398955117,0.023687960104488245
1941,0.9763120398955117,0.023687960104488245
1942,0.8584183673469388,0.14158163265306123
1943,0.20729537366548043,0.7927046263345195
1944,0.20729537366548043,0.7927046263345195
1945,0.9763120398955117,0.023687960104488245
1946,0.7194950911640954,0.2805049088359046
1947,0.7194950911640954,0.2805049088359046
1948,0.9763120398955117,0.023687960104488245
1949,0.20729537366548043,0.7927046263345195
1950,0.8999638858793788,0.10003611412062116
1951,0.666028208253526,0.33397179174647396
1952,0.9763120398955117,0.023687960104488245
1953,0.666028208253526,0.33397179174647396
1954,0.5389703767615761,0.46102962323842395
1955,0.8999638858793788,0.10003611412062116
1956,0.20729537366548043,0.7927046263345195
1957,0.38694992412746587,0.6130500758725341
1958,0.9763120398955117,0.023687960104488245
1959,0.9763120398955117,0.023687960104488245
1960,0.9763120398955117,0.023687960104488245
1961,0.9763120398955117,0.023687960104488245
1962,0.9763120398955117,0.023687960104488245
1963,0.38694992412746587,0.6130500758725341
1964,0.9763120398955117,0.023687960104488245
1965,0.38694992412746587,0.6130500758725341
1966,0.9763120398955117,0.023687960104488245
1967,0.7967914438502673,0.20320855614973263
1968,0.5389703767615761,0.46102962323842395
1969,0.9763120398955117,0.023687960104488245
1970,0.8999638858793788,0.10003611412062116
1971,0.9763120398955117,0.023687960104488245
1972,0.666028208253526,0.33397179174647396
1973,0.9763120398955117,0.023687960104488245
1974,0.666028208253526,0.33397179174647396
1975,0.9763120398955117,0.023687960104488245
1976,0.9763120398955117,0.023687960104488245
1977,0.9,0.1
1978,0.9763120398955117,0.023687960104488245
1979,0.9763120398955117,0.023687960104488245
1980,0.9763120398955117,0.023687960104488245
1981,0.9763120398955117,0.023687960104488245
1982,0.8952478283086357,0.10475217169136433
1983,0.8584183673469388,0.14158163265306123
1984,0.9763120398955117,0.023687960104488245
1985,0.8952478283086357,0.10475217169136433
1986,0.9763120398955117,0.023687960104488245
1987,0.8952478283086357,0.10475217169136433
1988,0.8584183673469388,0.14158163265306123
1989,0.7747524752475248,0.22524752475247525
1990,0.8952478283086357,0.10475217169136433
1991,0.9763120398955117,0.023687960104488245
1992,0.9763120398955117,0.023687960104488245
1993,0.9763120398955117,0.023687960104488245
1994,0.9,0.1
1995,0.9763120398955117,0.023687960104488245
1996,0.9763120398955117,0.023687960104488245
1997,0.38694992412746587,0.6130500758725341
1998,0.9763120398955117,0.023687960104488245
1999,0.5389703767615761,0.46102962323842395
2000,0.38694992412746587,0.6130500758725341
2001,0.666028208253526,0.33397179174647396
2002,0.8584183673469388,0.14158163265306123
2003,0.9763120398955117,0.023687960104488245
2004,0.666028208253526,0.33397179174647396
2005,0.38694992412746587,0.6130500758725341
2006,0.20729537366548043,0.7927046263345195
2007,0.9763120398955117,0.023687960104488245
2008,0.5389703767615761,0.46102962323842395
2009,0.5389703767615761,0.46102962323842395
2010,0.5389703767615761,0.46102962323842395
2011,0.666028208253526,0.33397179174647396
2012,0.8999638858793788,0.10003611412062116
2013,0.5389703767615761,0.46102962323842395
2014,0.5389703767615761,0.46102962323842395
2015,0.9763120398955117,0.023687960104488245
2016,0.9763120398955117,0.023687960104488245
2017,0.9763120398955117,0.023687960104488245
2018,0.666028208253526,0.33397179174647396
2019,0.666028208253526,0.33397179174647396
2020,0.9763120398955117,0.023687960104488245
2021,0.666028208253526,0.33397179174647396
2022,0.5389703767615761,0.46102962323842395
2023,0.38694992412746587,0.6130500758725341
2024,0.8999638858793788,0.10003611412062116
2025,0.9,0.1
2026,0.9763120398955117,0.023687960104488245
2027,0.8952478283086357,0.10475217169136433
2028,0.8952478283086357,0.10475217169136433
2029,0.9763120398955117,0.023687960104488245
2030,0.38694992412746587,0.6130500758725341
2031,0.9763120398955117,0.023687960104488245
2032,0.9763120398955117,0.023687960104488245
2033,0.20729537366548043,0.7927046263345195
2034,0.8952478283086357,0.10475217169136433
2035,0.9763120398955117,0.023687960104488245
2036,0.9763120398955117,0.023687960104488245
2037,0.9763120398955117,0.023687960104488245
2038,0.5389703767615761,0.46102962323842395
2039,0.6047619047619047,0.3952380952380952
2040,0.9763120398955117,0.023687960104488245
2041,0.38694992412746587,0.6130500758725341
2042,0.666028208253526,0.33397179174647396
2043,0.5389703767615761,0.46102962323842395
2044,0.8584183673469388,0.14158163265306123
2045,0.9763120398955117,0.023687960104488245
2046,0.8999638858793788,0.10003611412062116
2047,0.9763120398955117,0.023687960104488245
2048,0.38694992412746587,0.6130500758725341
2049,0.8952478283086357,0.10475217169136433
2050,0.666028208253526,0.33397179174647396
2051,0.9763120398955117,0.023687960104488245
2052,0.666028208253526,0.33397179174647396
2053,0.9763120398955117,0.023687960104488245
2054,0.8566308243727598,0.14336917562724014
2055,0.38694992412746587,0.6130500758725341
2056,0.9,0.1
2057,0.5389703767615761,0.46102962323842395
2058,0.38694992412746587,0.6130500758725341
2059,0.38694992412746587,0.6130500758725341
2060,0.8999638858793788,0.10003611412062116
2061,0.20729537366548043,0.7927046263345195
2062,0.8999638858793788,0.10003611412062116
2063,0.5701219512195121,0.4298780487804878
2064,0.7747524752475248,0.22524752475247525
2065,0.5389703767615761,0.46102962323842395
2066,0.666028208253526,0.33397179174647396
2067,0.7194950911640954,0.2805049088359046
2068,0.7194950911640954,0.2805049088359046
2069,0.38694992412746587,0.6130500758725341
2070,0.38694992412746587,0.6130500758725341
2071,0.666028208253526,0.33397179174647396
2072,0.9763120398955117,0.023687960104488245
2073,0.20729537366548043,0.7927046263345195
2074,0.9763120398955117,0.023687960104488245
2075,0.666028208253526,0.33397179174647396
2076,0.9763120398955117,0.023687960104488245
2077,0.9763120398955117,0.023687960104488245
2078,0.9,0.1
2079,0.9763120398955117,0.023687960104488245
2080,0.9763120398955117,0.023687960104488245
2081,0.5389703767615761,0.46102962323842395
2082,0.9763120398955117,0.023687960104488245
2083,0.9763120398955117,0.023687960104488245
2084,0.38694992412746587,0.6130500758725341
2085,0.38694992412746587,0.6130500758725341
2086,0.9763120398955117,0.023687960104488245
2087,0.9763120398955117,0.023687960104488245
2088,0.9763120398955117,0.023687960104488245
2089,0.666028208253526,0.33397179174647396
2090,0.9763120398955117,0.023687960104488245
2091,0.38694992412746587,0.6130500758725341
2092,0.8999638858793788,0.10003611412062116
2093,0.5389703767615761,0.46102962323842395
2094,0.666028208253526,0.33397179174647396
2095,0.9763120398955117,0.023687960104488245
2096,0.9763120398955117,0.023687960104488245
2097,0.8999638858793788,0.10003611412062116
2098,0.9763120398955117,0.023687960104488245
2099,0.9763120398955117,0.023687960104488245
2100,0.7967914438502673,0.20320855614973263
2101,0.8584183673469388,0.14158163265306123
2102,0.8999638858793788,0.10003611412062116
2103,0.666028208253526,0.33397179174647396
2104,0.8999638858793788,0.10003611412062116
2105,0.666028208253526,0.33397179174647396
2106,0.666028208253526,0.33397179174647396
2107,0.666028208253526,0.33397179174647396
2108,0.9763120398955117,0.023687960104488245
2109,0.9763120398955117,0.023687960104488245
2110,0.666028208253526,0.33397179174647396
2111,0.666028208253526,0.33397179174647396
2112,0.666028208253526,0.33397179174647396
2113,0.8952478283086357,0.10475217169136433
2114,0.6047619047619047,0.3952380952380952
2115,0.8584183673469388,0.14158163265306123
2116,0.666028208253526,0.33397179174647396
2117,0.9763120398955117,0.023687960104488245
2118,0.8584183673469388,0.14158163265306123
2119,0.7194950911640954,0.2805049088359046
2120,0.8999638858793788,0.10003611412062116
2121,0.9763120398955117,0.023687960104488245
2122,0.9763120398955117,0.023687960104488245
2123,0.9763120398955117,0.023687960104488245
2124,0.20729537366548043,0.7927046263345195
2125,0.9763120398955117,0.023687960104488245
2126,0.7194950911640954,0.2805049088359046
2127,0.9,0.1
2128,0.9763120398955117,0.023687960104488245
2129,0.20729537366548043,0.7927046263345195
2130,0.8999638858793788,0.10003611412062116
2131,0.5389703767615761,0.46102962323842395
2132,0.9,0.1
2133,0.9763120398955117,0.023687960104488245
2134,0.8566308243727598,0.14336917562724014
2135,0.666028208253526,0.33397179174647396
2136,0.38694992412746587,0.6130500758725341
2137,0.9763120398955117,0.023687960104488245
2138,0.9763120398955117,0.023687960104488245
2139,0.9763120398955117,0.023687960104488245
2140,0.9763120398955117,0.023687960104488245
2141,0.666028208253526,0.33397179174647396
2142,0.5389703767615761,0.46102962323842395
2143,0.9763120398955117,0.023687960104488245
2144,0.7967914438502673,0.20320855614973263
2145,0.38694992412746587,0.6130500758725341
2146,0.5389703767615761,0.46102962323842395
2147,0.9763120398955117,0.023687960104488245
2148,0.9763120398955117,0.023687960104488245
2149,0.9763120398955117,0.023687960104488245
2150,0.5389703767615761,0.46102962323842395
2151,0.9763120398955117,0.023687960104488245
2152,0.38694992412746587,0.6130500758725341
2153,0.9763120398955117,0.023687960104488245
2154,0.9763120398955117,0.023687960104488245
2155,0.9763120398955117,0.023687960104488245
2156,0.5389703767615761,0.46102962323842395
2157,0.666028208253526,0.33397179174647396
2158,0.38694992412746587,0.6130500758725341
2159,0.9763120398955117,0.023687960104488245
2160,0.9,0.1
2161,0.9763120398955117,0.023687960104488245
2162,0.9763120398955117,0.023687960104488245
2163,0.8999638858793788,0.10003611412062116
2164,0.666028208253526,0.33397179174647396
2165,0.9763120398955117,0.023687960104488245
2166,0.9763120398955117,0.023687960104488245
2167,0.38694992412746587,0.6130500758725341
2168,0.9763120398955117,0.023687960104488245
2169,0.38694992412746587,0.6130500758725341
2170,0.5389703767615761,0.46102962323842395
2171,0.666028208253526,0.33397179174647396
2172,0.666028208253526,0.33397179174647396
2173,0.20729537366548043,0.7927046263345195
2174,0.9763120398955117,0.023687960104488245
2175,0.38694992412746587,0.6130500758725341
2176,0.666028208253526,0.33397179174647396
2177,0.666028208253526,0.33397179174647396
2178,0.8952478283086357,0.10475217169136433
2179,0.666028208253526,0.33397179174647396
2180,0.38694992412746587,0.6130500758725341
2181,0.9763120398955117,0.023687960104488245
2182,0.9763120398955117,0.023687960104488245
2183,0.9763120398955117,0.023687960104488245
2184,0.666028208253526,0.33397179174647396
2185,0.666028208253526,0.33397179174647396
2186,0.38694992412746587,0.6130500758725341
2187,0.38694992412746587,0.6130500758725341
2188,0.20729537366548043,0.7927046263345195
2189,0.9763120398955117,0.023687960104488245
2190,0.8584183673469388,0.14158163265306123
2191,0.666028208253526,0.33397179174647396
2192,0.8999638858793788,0.10003611412062116
2193,0.666028208253526,0.33397179174647396
2194,0.9763120398955117,0.023687960104488245
2195,0.30357142857142855,0.6964285714285714
2196,0.20729537366548043,0.7927046263345195
2197,0.38694992412746587,0.6130500758725341
2198,0.666028208253526,0.33397179174647396
2199,0.8584183673469388,0.14158163265306123
2200,0.9763120398955117,0.023687960104488245
2201,0.9763120398955117,0.023687960104488245
2202,0.38694992412746587,0.6130500758725341
2203,0.666028208253526,0.33397179174647396
2204,0.9763120398955117,0.023687960104488245
2205,0.9763120398955117,0.023687960104488245
2206,0.7194950911640954,0.2805049088359046
2207,0.666028208253526,0.33397179174647396
2208,0.9763120398955117,0.023687960104488245
2209,0.20729537366548043,0.7927046263345195
2210,0.8999638858793788,0.10003611412062116
2211,0.20729537366548043,0.7927046263345195
2212,0.9763120398955117,0.023687960104488245
2213,0.5389703767615761,0.46102962323842395
2214,0.5389703767615761,0.46102962323842395
2215,0.9763120398955117,0.023687960104488245
2216,0.9763120398955117,0.023687960104488245
2217,0.7967914438502673,0.20320855614973263
2218,0.8999638858793788,0.10003611412062116
2219,0.5389703767615761,0.46102962323842395
2220,0.666028208253526,0.33397179174647396
2221,0.20729537366548043,0.7927046263345195
2222,0.9763120398955117,0.023687960104488245
2223,0.38694992412746587,0.6130500758725341
2224,0.9763120398955117,0.023687960104488245
2225,0.9763120398955117,0.023687960104488245
2226,0.38694992412746587,0.6130500758725341
2227,0.9763120398955117,0.023687960104488245
2228,0.5389703767615761,0.46102962323842395
2229,0.8952478283086357,0.10475217169136433
2230,0.666028208253526,0.33397179174647396
2231,0.9763120398955117,0.023687960104488245
2232,0.5389703767615761,0.46102962323842395
2233,0.38694992412746587,0.6130500758725341
2234,0.9763120398955117,0.023687960104488245
2235,0.9,0.1
2236,0.5389703767615761,0.46102962323842395
2237,0.5389703767615761,0.46102962323842395
2238,0.9763120398955117,0.023687960104488245
2239,0.38694992412746587,0.6130500758725341
2240,0.9763120398955117,0.023687960104488245
2241,0.9763120398955117,0.023687960104488245
2242,0.666028208253526,0.33397179174647396
2243,0.9763120398955117,0.023687960104488245
2244,0.9763120398955117,0.023687960104488245
2245,0.7967914438502673,0.20320855614973263
2246,0.9763120398955117,0.023687960104488245
2247,0.5389703767615761,0.46102962323842395
2248,0.9763120398955117,0.023687960104488245
2249,0.9763120398955117,0.023687960104488245
2250,0.9763120398955117,0.023687960104488245
2251,0.9763120398955117,0.023687960104488245
2252,0.9763120398955117,0.023687960104488245
2253,0.9763120398955117,0.023687960104488245
2254,0.8952478283086357,0.10475217169136433
2255,0.8584183673469388,0.14158163265306123
2256,0.9,0.1
2257,0.8566308243727598,0.14336917562724014
2258,0.9763120398955117,0.023687960104488245
2259,0.38694992412746587,0.6130500758725341
2260,0.8999638858793788,0.10003611412062116
2261,0.38694992412746587,0.6130500758725341
2262,0.9763120398955117,0.023687960104488245
2263,0.9763120398955117,0.023687960104488245
2264,0.38694992412746587,0.6130500758725341
2265,0.8952478283086357,0.10475217169136433
2266,0.9763120398955117,0.023687960104488245
2267,0.20729537366548043,0.7927046263345195
2268,0.8999638858793788,0.10003611412062116
2269,0.666028208253526,0.33397179174647396
2270,0.9763120398955117,0.023687960104488245
2271,0.9763120398955117,0.023687960104488245
2272,0.666028208253526,0.33397179174647396
2273,0.9763120398955117,0.023687960104488245
2274,0.9,0.1
2275,0.9,0.1
2276,0.5389703767615761,0.46102962323842395
2277,0.9763120398955117,0.023687960104488245
2278,0.5389703767615761,0.46102962323842395
2279,0.8999638858793788,0.10003611412062116
2280,0.7747524752475248,0.22524752475247525
2281,0.9763120398955117,0.023687960104488245
2282,0.9763120398955117,0.023687960104488245
2283,0.7747524752475248,0.22524752475247525
2284,0.9763120398955117,0.023687960104488245
2285,0.8999638858793788,0.10003611412062116
2286,0.5389703767615761,0.46102962323842395
2287,0.5389703767615761,0.46102962323842395
2288,0.9763120398955117,0.023687960104488245
2289,0.9763120398955117,0.023687960104488245
2290,0.666028208253526,0.33397179174647396
2291,0.9763120398955117,0.023687960104488245
2292,0.9763120398955117,0.023687960104488245
2293,0.38694992412746587,0.6130500758725341
2294,0.8999638858793788,0.10003611412062116
2295,0.9763120398955117,0.023687960104488245
2296,0.8999638858793788,0.10003611412062116
2297,0.666028208253526,0.33397179174647396
2298,0.9,0.1
2299,0.9763120398955117,0.023687960104488245
2300,0.8566308243727598,0.14336917562724014
2301,0.38694992412746587,0.6130500758725341
2302,0.5389703767615761,0.46102962323842395
2303,0.666028208253526,0.33397179174647396
2304,0.38694992412746587,0.6130500758725341
2305,0.7967914438502673,0.20320855614973263
2306,0.666028208253526,0.33397179174647396
2307,0.9763120398955117,0.023687960104488245
2308,0.9763120398955117,0.023687960104488245
2309,0.5389703767615761,0.46102962323842395
2310,0.9763120398955117,0.023687960104488245
2311,0.9763120398955117,0.023687960104488245
2312,0.666028208253526,0.33397179174647396
2313,0.9763120398955117,0.023687960104488245
2314,0.7747524752475248,0.22524752475247525
2315,0.9,0.1
2316,0.9763120398955117,0.023687960104488245
2317,0.8952478283086357,0.10475217169136433
2318,0.666028208253526,0.33397179174647396
2319,0.9763120398955117,0.023687960104488245
2320,0.7194950911640954,0.2805049088359046
2321,0.9763120398955117,0.023687960104488245
2322,0.9763120398955117,0.023687960104488245
2323,0.666028208253526,0.33397179174647396
2324,0.38694992412746587,0.6130500758725341
2325,0.9763120398955117,0.023687960104488245
2326,0.20729537366548043,0.7927046263345195
2327,0.666028208253526,0.33397179174647396
2328,0.9,0.1
2329,0.9763120398955117,0.023687960104488245
2330,0.8999638858793788,0.10003611412062116
2331,0.9763120398955117,0.023687960104488245
2332,0.38694992412746587,0.6130500758725341
2333,0.666028208253526,0.33397179174647396
2334,0.9763120398955117,0.023687960104488245
2335,0.9763120398955117,0.023687960104488245
2336,0.38694992412746587,0.6130500758725341
2337,0.666028208253526,0.33397179174647396
2338,0.9763120398955117,0.023687960104488245
2339,0.38694992412746587,0.6130500758725341
2340,0.7967914438502673,0.20320855614973263
2341,0.38694992412746587,0.6130500758725341
2342,0.38694992412746587,0.6130500758725341
2343,0.666028208253526,0.33397179174647396
2344,0.5389703767615761,0.46102962323842395
2345,0.9763120398955117,0.023687960104488245
2346,0.20729537366548043,0.7927046263345195
2347,0.666028208253526,0.33397179174647396
2348,0.8584183673469388,0.14158163265306123
2349,0.666028208253526,0.33397179174647396
2350,0.9763120398955117,0.023687960104488245
2351,0.9763120398955117,0.023687960104488245
2352,0.9,0.1
2353,0.9763120398955117,0.023687960104488245
2354,0.6047619047619047,0.3952380952380952
2355,0.666028208253526,0.33397179174647396
2356,0.38694992412746587,0.6130500758725341
2357,0.9763120398955117,0.023687960104488245
2358,0.9763120398955117,0.023687960104488245
2359,0.7194950911640954,0.2805049088359046
2360,0.9763120398955117,0.023687960104488245
2361,0.9763120398955117,0.023687960104488245
2362,0.666028208253526,0.33397179174647396
2363,0.38694992412746587,0.6130500758725341
2364,0.9,0.1
2365,0.666028208253526,0.33397179174647396
2366,0.666028208253526,0.33397179174647396
2367,0.9763120398955117,0.023687960104488245
2368,0.5701219512195121,0.4298780487804878
2369,0.20729537366548043,0.7927046263345195
2370,0.38694992412746587,0.6130500758725341
2371,0.9763120398955117,0.023687960104488245
2372,0.666028208253526,0.33397179174647396
2373,0.9,0.1
2374,0.38694992412746587,0.6130500758725341
2375,0.8952478283086357,0.10475217169136433
2376,0.8999638858793788,0.10003611412062116
2377,0.8999638858793788,0.10003611412062116
2378,0.38694992412746587,0.6130500758725341
2379,0.6047619047619047,0.3952380952380952
2380,0.38694992412746587,0.6130500758725341
2381,0.9763120398955117,0.023687960104488245
2382,0.9763120398955117,0.023687960104488245
2383,0.666028208253526,0.33397179174647396
2384,0.20729537366548043,0.7927046263345195
2385,0.38694992412746587,0.6130500758725341
2386,0.9763120398955117,0.023687960104488245
2387,0.9763120398955117,0.023687960104488245
2388,0.9763120398955117,0.023687960104488245
2389,0.666028208253526,0.33397179174647396
2390,0.9763120398955117,0.023687960104488245
2391,0.20729537366548043,0.7927046263345195
2392,0.8584183673469388,0.14158163265306123
2393,0.9763120398955117,0.023687960104488245
2394,0.9763120398955117,0.023687960104488245
2395,0.20729537366548043,0.7927046263345195
2396,0.666028208253526,0.33397179174647396
2397,0.666028208253526,0.33397179174647396
2398,0.8952478283086357,0.10475217169136433
2399,0.38694992412746587,0.6130500758725341
2400,0.9763120398955117,0.023687960104488245
2401,0.7967914438502673,0.20320855614973263
2402,0.38694992412746587,0.6130500758725341
2403,0.38694992412746587,0.6130500758725341
2404,0.7967914438502673,0.20320855614973263
2405,0.666028208253526,0.33397179174647396
2406,0.9763120398955117,0.023687960104488245
2407,0.9763120398955117,0.023687960104488245
2408,0.666028208253526,0.33397179174647396
2409,0.9763120398955117,0.023687960104488245
2410,0.7194950911640954,0.2805049088359046
2411,0.20729537366548043,0.7927046263345195
2412,0.9763120398955117,0.023687960104488245
2413,0.5389703767615761,0.46102962323842395
2414,0.666028208253526,0.33397179174647396
2415,0.20729537366548043,0.7927046263345195
2416,0.9,0.1
2417,0.9763120398955117,0.023687960104488245
2418,0.38694992412746587,0.6130500758725341
2419,0.38694992412746587,0.6130500758725341
2420,0.38694992412746587,0.6130500758725341
2421,0.9763120398955117,0.023687960104488245
2422,0.9763120398955117,0.023687960104488245
2423,0.9763120398955117,0.023687960104488245
2424,0.9,0.1
2425,0.666028208253526,0.33397179174647396
2426,0.9763120398955117,0.023687960104488245
2427,0.5389703767615761,0.46102962323842395
2428,0.8584183673469388,0.14158163265306123
2429,0.8952478283086357,0.10475217169136433
2430,0.9763120398955117,0.023687960104488245
2431,0.38694992412746587,0.6130500758725341
2432,0.9763120398955117,0.023687960104488245
2433,0.9763120398955117,0.023687960104488245
2434,0.9763120398955117,0.023687960104488245
2435,0.38694992412746587,0.6130500758725341
2436,0.9763120398955117,0.023687960104488245
2437,0.8952478283086357,0.10475217169136433
2438,0.666028208253526,0.33397179174647396
2439,0.20729537366548043,0.7927046263345195
2440,0.9,0.1
2441,0.9763120398955117,0.023687960104488245
2442,0.8584183673469388,0.14158163265306123
2443,0.9763120398955117,0.023687960104488245
2444,0.9763120398955117,0.023687960104488245
2445,0.5389703767615761,0.46102962323842395
2446,0.9763120398955117,0.023687960104488245
2447,0.8999638858793788,0.10003611412062116
2448,0.9763120398955117,0.023687960104488245
2449,0.9763120398955117,0.023687960104488245
2450,0.9763120398955117,0.023687960104488245
2451,0.9763120398955117,0.023687960104488245
2452,0.5389703767615761,0.46102962323842395
2453,0.9,0.1
2454,0.5389703767615761,0.46102962323842395
2455,0.8999638858793788,0.10003611412062116
2456,0.38694992412746587,0.6130500758725341
2457,0.9,0.1
2458,0.9763120398955117,0.023687960104488245
2459,0.5389703767615761,0.46102962323842395
2460,0.666028208253526,0.33397179174647396
2461,0.8952478283086357,0.10475217169136433
2462,0.9763120398955117,0.023687960104488245
2463,0.38694992412746587,0.6130500758725341
2464,0.8999638858793788,0.10003611412062116
2465,0.9,0.1
2466,0.8999638858793788,0.10003611412062116
2467,0.9763120398955117,0.023687960104488245
2468,0.7747524752475248,0.22524752475247525
2469,0.9763120398955117,0.023687960104488245
2470,0.38694992412746587,0.6130500758725341
2471,0.666028208253526,0.33397179174647396
2472,0.9763120398955117,0.023687960104488245
2473,0.666028208253526,0.33397179174647396
2474,0.9763120398955117,0.023687960104488245
2475,0.8584183673469388,0.14158163265306123
2476,0.5389703767615761,0.46102962323842395
2477,0.9763120398955117,0.023687960104488245
2478,0.5389703767615761,0.46102962323842395
2479,0.9763120398955117,0.023687960104488245
2480,0.9763120398955117,0.023687960104488245
2481,0.30357142857142855,0.6964285714285714
2482,0.8999638858793788,0.10003611412062116
2483,0.666028208253526,0.33397179174647396
2484,0.9,0.1
2485,0.8952478283086357,0.10475217169136433
2486,0.9763120398955117,0.023687960104488245
2487,0.8584183673469388,0.14158163265306123
2488,0.9763120398955117,0.023687960104488245
2489,0.38694992412746587,0.6130500758725341
2490,0.38694992412746587,0.6130500758725341
2491,0.9763120398955117,0.023687960104488245
2492,0.9763120398955117,0.023687960104488245
2493,0.5389703767615761,0.46102962323842395
2494,0.20729537366548043,0.7927046263345195
2495,0.5389703767615761,0.46102962323842395
2496,0.9763120398955117,0.023687960104488245
2497,0.9763120398955117,0.023687960104488245
2498,0.9763120398955117,0.023687960104488245
2499,0.9763120398955117,0.023687960104488245
2500,0.5389703767615761,0.46102962323842395
2501,0.8999638858793788,0.10003611412062116
2502,0.38694992412746587,0.6130500758725341
2503,0.20729537366548043,0.7927046263345195
2504,0.9763120398955117,0.023687960104488245
2505,0.8999638858793788,0.10003611412062116
2506,0.9,0.1
2507,0.9763120398955117,0.023687960104488245
2508,0.9763120398955117,0.023687960104488245
2509,0.38694992412746587,0.6130500758725341
2510,0.666028208253526,0.33397179174647396
2511,0.666028208253526,0.33397179174647396
2512,0.5701219512195121,0.4298780487804878
2513,0.9763120398955117,0.023687960104488245
2514,0.9763120398955117,0.023687960104488245
2515,0.9763120398955117,0.023687960104488245
2516,0.9763120398955117,0.023687960104488245
2517,0.38694992412746587,0.6130500758725341
2518,0.666028208253526,0.33397179174647396
2519,0.5389703767615761,0.46102962323842395
2520,0.9763120398955117,0.023687960104488245
2521,0.9763120398955117,0.023687960104488245
2522,0.9763120398955117,0.023687960104488245
2523,0.8952478283086357,0.10475217169136433
2524,0.9,0.1
2525,0.38694992412746587,0.6130500758725341
2526,0.9763120398955117,0.023687960104488245
2527,0.38694992412746587,0.6130500758725341
2528,0.9763120398955117,0.023687960104488245
2529,0.9763120398955117,0.023687960104488245
2530,0.9763120398955117,0.023687960104488245
2531,0.666028208253526,0.33397179174647396
2532,0.8584183673469388,0.14158163265306123
2533,0.8952478283086357,0.10475217169136433
2534,0.9763120398955117,0.023687960104488245
2535,0.38694992412746587,0.6130500758725341
2536,0.38694992412746587,0.6130500758725341
2537,0.9763120398955117,0.023687960104488245
2538,0.7967914438502673,0.20320855614973263
2539,0.666028208253526,0.33397179174647396
2540,0.8999638858793788,0.10003611412062116
2541,0.9763120398955117,0.023687960104488245
2542,0.38694992412746587,0.6130500758725341
2543,0.20729537366548043,0.7927046263345195
2544,0.9763120398955117,0.023687960104488245
2545,0.666028208253526,0.33397179174647396
2546,0.5389703767615761,0.46102962323842395
2547,0.9763120398955117,0.023687960104488245
2548,0.20729537366548043,0.7927046263345195
2549,0.8999638858793788,0.10003611412062116
2550,0.8999638858793788,0.10003611412062116
2551,0.7967914438502673,0.20320855614973263
2552,0.20729537366548043,0.7927046263345195
2553,0.8952478283086357,0.10475217169136433
2554,0.666028208253526,0.33397179174647396
2555,0.38694992412746587,0.6130500758725341
2556,0.20729537366548043,0.7927046263345195
2557,0.9763120398955117,0.023687960104488245
2558,0.20729537366548043,0.7927046263345195
2559,0.8952478283086357,0.10475217169136433
2560,0.8999638858793788,0.10003611412062116
2561,0.38694992412746587,0.6130500758725341
2562,0.6047619047619047,0.3952380952380952
2563,0.5701219512195121,0.4298780487804878
2564,0.666028208253526,0.33397179174647396
2565,0.9,0.1
2566,0.666028208253526,0.33397179174647396
2567,0.666028208253526,0.33397179174647396
2568,0.9763120398955117,0.023687960104488245
2569,0.38694992412746587,0.6130500758725341
2570,0.9763120398955117,0.023687960104488245
2571,0.9763120398955117,0.023687960104488245
2572,0.9763120398955117,0.023687960104488245
2573,0.8952478283086357,0.10475217169136433
2574,0.9763120398955117,0.023687960104488245
2575,0.9763120398955117,0.023687960104488245
2576,0.9763120398955117,0.023687960104488245
2577,0.5389703767615761,0.46102962323842395
2578,0.8584183673469388,0.14158163265306123
2579,0.20729537366548043,0.7927046263345195
2580,0.9763120398955117,0.023687960104488245
2581,0.20729537366548043,0.7927046263345195
2582,0.9763120398955117,0.023687960104488245
2583,0.9763120398955117,0.023687960104488245
2584,0.8999638858793788,0.10003611412062116
2585,0.20729537366548043,0.7927046263345195
2586,0.5389703767615761,0.46102962323842395
2587,0.9763120398955117,0.023687960104488245
2588,0.9763120398955117,0.023687960104488245
2589,0.9763120398955117,0.023687960104488245
2590,0.9763120398955117,0.023687960104488245
2591,0.5389703767615761,0.46102962323842395
2592,0.38694992412746587,0.6130500758725341
2593,0.20729537366548043,0.7927046263345195
2594,0.9763120398955117,0.023687960104488245
2595,0.9763120398955117,0.023687960104488245
2596,0.9,0.1
2597,0.9763120398955117,0.023687960104488245
2598,0.9763120398955117,0.023687960104488245
2599,0.7747524752475248,0.22524752475247525
2600,0.9763120398955117,0.023687960104488245
2601,0.7967914438502673,0.20320855614973263
2602,0.666028208253526,0.33397179174647396
2603,0.7967914438502673,0.20320855614973263
2604,0.9763120398955117,0.023687960104488245
2605,0.8566308243727598,0.14336917562724014
2606,0.9763120398955117,0.023687960104488245
2607,0.9,0.1
2608,0.9,0.1
2609,0.9763120398955117,0.023687960104488245
2610,0.9763120398955117,0.023687960104488245
2611,0.8952478283086357,0.10475217169136433
2612,0.8952478283086357,0.10475217169136433
2613,0.9763120398955117,0.023687960104488245
2614,0.7967914438502673,0.20320855614973263
2615,0.5701219512195121,0.4298780487804878
2616,0.9763120398955117,0.023687960104488245
2617,0.666028208253526,0.33397179174647396
2618,0.20729537366548043,0.7927046263345195
2619,0.9763120398955117,0.023687960104488245
2620,0.6047619047619047,0.3952380952380952
2621,0.7194950911640954,0.2805049088359046
2622,0.666028208253526,0.33397179174647396
2623,0.38694992412746587,0.6130500758725341
2624,0.9763120398955117,0.023687960104488245
2625,0.666028208253526,0.33397179174647396
2626,0.20729537366548043,0.7927046263345195
2627,0.8952478283086357,0.10475217169136433
2628,0.38694992412746587,0.6130500758725341
2629,0.7194950911640954,0.2805049088359046
2630,0.6047619047619047,0.3952380952380952
2631,0.8999638858793788,0.10003611412062116
2632,0.9763120398955117,0.023687960104488245
2633,0.38694992412746587,0.6130500758725341
2634,0.5389703767615761,0.46102962323842395
2635,0.666028208253526,0.33397179174647396
2636,0.9763120398955117,0.023687960104488245
2637,0.9763120398955117,0.023687960104488245
2638,0.9763120398955117,0.023687960104488245
2639,0.9763120398955117,0.023687960104488245
2640,0.5389703767615761,0.46102962323842395
2641,0.666028208253526,0.33397179174647396
2642,0.666028208253526,0.33397179174647396
2643,0.9763120398955117,0.023687960104488245
2644,0.9763120398955117,0.023687960104488245
2645,0.9763120398955117,0.023687960104488245
2646,0.666028208253526,0.33397179174647396
2647,0.9,0.1
2648,0.9,0.1
2649,0.9763120398955117,0.023687960104488245
2650,0.6047619047619047,0.3952380952380952
2651,0.30357142857142855,0.6964285714285714
2652,0.5389703767615761,0.46102962323842395
2653,0.5389703767615761,0.46102962323842395
2654,0.9763120398955117,0.023687960104488245
2655,0.9763120398955117,0.023687960104488245
2656,0.9763120398955117,0.023687960104488245
2657,0.8999638858793788,0.10003611412062116
2658,0.38694992412746587,0.6130500758725341
2659,0.9763120398955117,0.023687960104488245
2660,0.38694992412746587,0.6130500758725341
2661,0.20729537366548043,0.7927046263345195
2662,0.9763120398955117,0.023687960104488245
2663,0.9763120398955117,0.023687960104488245
2664,0.20729537366548043,0.7927046263345195
2665,0.9763120398955117,0.023687960104488245
2666,0.9763120398955117,0.023687960104488245
2667,0.20729537366548043,0.7927046263345195
2668,0.9763120398955117,0.023687960104488245
2669,0.8952478283086357,0.10475217169136433
2670,0.9763120398955117,0.023687960104488245
2671,0.38694992412746587,0.6130500758725341
2672,0.666028208253526,0.33397179174647396
2673,0.9763120398955117,0.023687960104488245
2674,0.666028208253526,0.33397179174647396
2675,0.9763120398955117,0.023687960104488245
2676,0.8584183673469388,0.14158163265306123
2677,0.9763120398955117,0.023687960104488245
2678,0.8584183673469388,0.14158163265306123
2679,0.9763120398955117,0.023687960104488245
2680,0.9763120398955117,0.023687960104488245
2681,0.9763120398955117,0.023687960104488245
2682,0.38694992412746587,0.6130500758725341
2683,0.5389703767615761,0.46102962323842395
2684,0.9763120398955117,0.023687960104488245
2685,0.38694992412746587,0.6130500758725341
2686,0.9763120398955117,0.023687960104488245
2687,0.9,0.1
2688,0.7747524752475248,0.22524752475247525
2689,0.8952478283086357,0.10475217169136433
2690,0.6047619047619047,0.3952380952380952
2691,0.20729537366548043,0.7927046263345195
2692,0.5701219512195121,0.4298780487804878
2693,0.9763120398955117,0.023687960104488245
2694,0.38694992412746587,0.6130500758725341
2695,0.7967914438502673,0.20320855614973263
2696,0.8566308243727598,0.14336917562724014
2697,0.9763120398955117,0.023687960104488245
2698,0.9763120398955117,0.023687960104488245
2699,0.666028208253526,0.33397179174647396
2700,0.5389703767615761,0.46102962323842395
2701,0.9763120398955117,0.023687960104488245
2702,0.666028208253526,0.33397179174647396
2703,0.9763120398955117,0.023687960104488245
2704,0.666028208253526,0.33397179174647396
2705,0.20729537366548043,0.7927046263345195
2706,0.5389703767615761,0.46102962323842395
2707,0.38694992412746587,0.6130500758725341
2708,0.9763120398955117,0.023687960104488245
2709,0.8952478283086357,0.10475217169136433
2710,0.8999638858793788,0.10003611412062116
2711,0.9763120398955117,0.023687960104488245
2712,0.7194950911640954,0.2805049088359046
2713,0.9,0.1
2714,0.9763120398955117,0.023687960104488245
2715,0.9763120398955117,0.023687960104488245
2716,0.9763120398955117,0.023687960104488245
2717,0.666028208253526,0.33397179174647396
2718,0.666028208253526,0.33397179174647396
2719,0.5389703767615761,0.46102962323842395
2720,0.9763120398955117,0.023687960104488245
2721,0.38694992412746587,0.6130500758725341
2722,0.9763120398955117,0.023687960104488245
2723,0.9763120398955117,0.023687960104488245
2724,0.9,0.1
2725,0.38694992412746587,0.6130500758725341
2726,0.9763120398955117,0.023687960104488245
2727,0.5389703767615761,0.46102962323842395
2728,0.8999638858793788,0.10003611412062116
2729,0.666028208253526,0.33397179174647396
2730,0.5389703767615761,0.46102962323842395
2731,0.9,0.1
2732,0.9,0.1
2733,0.9763120398955117,0.023687960104488245
2734,0.8999638858793788,0.10003611412062116
2735,0.9763120398955117,0.023687960104488245
2736,0.38694992412746587,0.6130500758725341
2737,0.9,0.1
2738,0.666028208253526,0.33397179174647396
2739,0.20729537366548043,0.7927046263345195
2740,0.9763120398955117,0.023687960104488245
2741,0.9763120398955117,0.023687960104488245
2742,0.38694992412746587,0.6130500758725341
2743,0.9,0.1
2744,0.8952478283086357,0.10475217169136433
2745,0.9763120398955117,0.023687960104488245
2746,0.9763120398955117,0.023687960104488245
2747,0.38694992412746587,0.6130500758725341
2748,0.666028208253526,0.33397179174647396
2749,0.9763120398955117,0.023687960104488245
2750,0.38694992412746587,0.6130500758725341
2751,0.9763120398955117,0.023687960104488245
2752,0.666028208253526,0.33397179174647396
2753,0.9763120398955117,0.023687960104488245
2754,0.9763120398955117,0.023687960104488245
2755,0.38694992412746587,0.6130500758725341
2756,0.666028208253526,0.33397179174647396
2757,0.666028208253526,0.33397179174647396
2758,0.666028208253526,0.33397179174647396
2759,0.8999638858793788,0.10003611412062116
2760,0.9763120398955117,0.023687960104488245
2761,0.9763120398955117,0.023687960104488245
2762,0.38694992412746587,0.6130500758725341
2763,0.9763120398955117,0.023687960104488245
2764,0.666028208253526,0.33397179174647396
2765,0.9763120398955117,0.023687960104488245
2766,0.9763120398955117,0.023687960104488245
2767,0.9,0.1
2768,0.9763120398955117,0.023687960104488245
2769,0.6047619047619047,0.3952380952380952
2770,0.7747524752475248,0.22524752475247525
2771,0.38694992412746587,0.6130500758725341
2772,0.9763120398955117,0.023687960104488245
2773,0.8584183673469388,0.14158163265306123
2774,0.9763120398955117,0.023687960104488245
2775,0.666028208253526,0.33397179174647396
2776,0.9763120398955117,0.023687960104488245
2777,0.666028208253526,0.33397179174647396
2778,0.9763120398955117,0.023687960104488245
2779,0.9763120398955117,0.023687960104488245
2780,0.9,0.1
2781,0.20729537366548043,0.7927046263345195
2782,0.666028208253526,0.33397179174647396
2783,0.9763120398955117,0.023687960104488245
2784,0.9763120398955117,0.023687960104488245
2785,0.38694992412746587,0.6130500758725341
2786,0.9763120398955117,0.023687960104488245
2787,0.9763120398955117,0.023687960104488245
2788,0.9763120398955117,0.023687960104488245
2789,0.38694992412746587,0.6130500758725341
2790,0.20729537366548043,0.7927046263345195
2791,0.20729537366548043,0.7927046263345195
2792,0.9763120398955117,0.023687960104488245
2793,0.666028208253526,0.33397179174647396
2794,0.5389703767615761,0.46102962323842395
2795,0.6047619047619047,0.3952380952380952
2796,0.9763120398955117,0.023687960104488245
2797,0.9,0.1
2798,0.9763120398955117,0.023687960104488245
2799,0.9,0.1
2800,0.9763120398955117,0.023687960104488245
2801,0.20729537366548043,0.7927046263345195
2802,0.20729537366548043,0.7927046263345195
2803,0.9763120398955117,0.023687960104488245
2804,0.38694992412746587,0.6130500758725341
2805,0.38694992412746587,0.6130500758725341
2806,0.666028208253526,0.33397179174647396
2807,0.20729537366548043,0.7927046263345195
2808,0.38694992412746587,0.6130500758725341
2809,0.9763120398955117,0.023687960104488245
2810,0.7194950911640954,0.2805049088359046
2811,0.9763120398955117,0.023687960104488245
2812,0.38694992412746587,0.6130500758725341
2813,0.9763120398955117,0.023687960104488245
2814,0.9763120398955117,0.023687960104488245
2815,0.666028208253526,0.33397179174647396
2816,0.666028208253526,0.33397179174647396
2817,0.666028208253526,0.33397179174647396
2818,0.38694992412746587,0.6130500758725341
2819,0.9763120398955117,0.023687960104488245
2820,0.9763120398955117,0.023687960104488245
2821,0.9763120398955117,0.023687960104488245
2822,0.38694992412746587,0.6130500758725341
2823,0.9763120398955117,0.023687960104488245
2824,0.8999638858793788,0.10003611412062116
2825,0.9,0.1
2826,0.9763120398955117,0.023687960104488245
2827,0.8952478283086357,0.10475217169136433
2828,0.7747524752475248,0.22524752475247525
2829,0.9763120398955117,0.023687960104488245
2830,0.9763120398955117,0.023687960104488245
2831,0.9763120398955117,0.023687960104488245
2832,0.38694992412746587,0.6130500758725341
2833,0.9763120398955117,0.023687960104488245
2834,0.38694992412746587,0.6130500758725341
2835,0.5389703767615761,0.46102962323842395
2836,0.666028208253526,0.33397179174647396
2837,0.9763120398955117,0.023687960104488245
2838,0.38694992412746587,0.6130500758725341
2839,0.9,0.1
2840,0.9763120398955117,0.023687960104488245
2841,0.20729537366548043,0.7927046263345195
2842,0.9763120398955117,0.023687960104488245
2843,0.9763120398955117,0.023687960104488245
2844,0.7967914438502673,0.20320855614973263
2845,0.20729537366548043,0.7927046263345195
2846,0.8952478283086357,0.10475217169136433
2847,0.8999638858793788,0.10003611412062116
2848,0.9763120398955117,0.023687960104488245
2849,0.666028208253526,0.33397179174647396
2850,0.8999638858793788,0.10003611412062116
2851,0.9763120398955117,0.023687960104488245
2852,0.20729537366548043,0.7927046263345195
2853,0.9763120398955117,0.023687960104488245
2854,0.9763120398955117,0.023687960104488245
2855,0.9763120398955117,0.023687960104488245
2856,0.9763120398955117,0.023687960104488245
2857,0.8952478283086357,0.10475217169136433
2858,0.5389703767615761,0.46102962323842395
2859,0.9763120398955117,0.023687960104488245
2860,0.5701219512195121,0.4298780487804878
2861,0.666028208253526,0.33397179174647396
2862,0.38694992412746587,0.6130500758725341
2863,0.9,0.1
2864,0.9763120398955117,0.023687960104488245
2865,0.9,0.1
2866,0.8952478283086357,0.10475217169136433
2867,0.9763120398955117,0.023687960104488245
2868,0.9763120398955117,0.023687960104488245
2869,0.38694992412746587,0.6130500758725341
2870,0.9763120398955117,0.023687960104488245
2871,0.5389703767615761,0.46102962323842395
2872,0.38694992412746587,0.6130500758725341
2873,0.38694992412746587,0.6130500758725341
2874,0.666028208253526,0.33397179174647396
2875,0.9763120398955117,0.023687960104488245
2876,0.9763120398955117,0.023687960104488245
2877,0.8999638858793788,0.10003611412062116
2878,0.9763120398955117,0.023687960104488245
2879,0.9763120398955117,0.023687960104488245
2880,0.9763120398955117,0.023687960104488245
2881,0.666028208253526,0.33397179174647396
2882,0.9,0.1
2883,0.9763120398955117,0.023687960104488245
2884,0.5389703767615761,0.46102962323842395
2885,0.7194950911640954,0.2805049088359046
2886,0.38694992412746587,0.6130500758725341
2887,0.9763120398955117,0.023687960104488245
2888,0.5389703767615761,0.46102962323842395
2889,0.8999638858793788,0.10003611412062116
2890,0.9763120398955117,0.023687960104488245
2891,0.38694992412746587,0.6130500758725341
2892,0.666028208253526,0.33397179174647396
2893,0.9763120398955117,0.023687960104488245
2894,0.38694992412746587,0.6130500758725341
2895,0.8584183673469388,0.14158163265306123
2896,0.7967914438502673,0.20320855614973263
2897,0.38694992412746587,0.6130500758725341
2898,0.9763120398955117,0.023687960104488245
2899,0.9763120398955117,0.023687960104488245
2900,0.9763120398955117,0.023687960104488245
2901,0.9763120398955117,0.023687960104488245
2902,0.9763120398955117,0.023687960104488245
2903,0.9763120398955117,0.023687960104488245
2904,0.666028208253526,0.33397179174647396
2905,0.20729537366548043,0.7927046263345195
2906,0.5389703767615761,0.46102962323842395
2907,0.38694992412746587,0.6130500758725341
2908,0.9763120398955117,0.023687960104488245
2909,0.38694992412746587,0.6130500758725341
2910,0.8952478283086357,0.10475217169136433
2911,0.9763120398955117,0.023687960104488245
2912,0.9763120398955117,0.023687960104488245
2913,0.9763120398955117,0.023687960104488245
2914,0.8999638858793788,0.10003611412062116
2915,0.38694992412746587,0.6130500758725341
2916,0.7194950911640954,0.2805049088359046
2917,0.9763120398955117,0.023687960104488245
2918,0.9763120398955117,0.023687960104488245
2919,0.9763120398955117,0.023687960104488245
2920,0.8999638858793788,0.10003611412062116
2921,0.5389703767615761,0.46102962323842395
2922,0.20729537366548043,0.7927046263345195
2923,0.5701219512195121,0.4298780487804878
2924,0.5389703767615761,0.46102962323842395
2925,0.9763120398955117,0.023687960104488245
2926,0.9763120398955117,0.023687960104488245
2927,0.9,0.1
2928,0.20729537366548043,0.7927046263345195
2929,0.8566308243727598,0.14336917562724014
2930,0.9,0.1
2931,0.9763120398955117,0.023687960104488245
2932,0.666028208253526,0.33397179174647396
2933,0.666028208253526,0.33397179174647396
2934,0.20729537366548043,0.7927046263345195
2935,0.8999638858793788,0.10003611412062116
2936,0.9763120398955117,0.023687960104488245
2937,0.38694992412746587,0.6130500758725341
2938,0.666028208253526,0.33397179174647396
2939,0.5389703767615761,0.46102962323842395
2940,0.9763120398955117,0.023687960104488245
2941,0.9763120398955117,0.023687960104488245
2942,0.8584183673469388,0.14158163265306123
2943,0.9763120398955117,0.023687960104488245
2944,0.9763120398955117,0.023687960104488245
2945,0.9763120398955117,0.023687960104488245
2946,0.9763120398955117,0.023687960104488245
2947,0.666028208253526,0.33397179174647396
2948,0.20729537366548043,0.7927046263345195
2949,0.9763120398955117,0.023687960104488245
2950,0.9763120398955117,0.023687960104488245
2951,0.9763120398955117,0.023687960104488245
2952,0.5389703767615761,0.46102962323842395
2953,0.8584183673469388,0.14158163265306123
2954,0.9763120398955117,0.023687960104488245
2955,0.666028208253526,0.33397179174647396
2956,0.7194950911640954,0.2805049088359046
2957,0.9763120398955117,0.023687960104488245
2958,0.38694992412746587,0.6130500758725341
2959,0.9763120398955117,0.023687960104488245
2960,0.9763120398955117,0.023687960104488245
2961,0.666028208253526,0.33397179174647396
2962,0.38694992412746587,0.6130500758725341
2963,0.38694992412746587,0.6130500758725341
2964,0.7747524752475248,0.22524752475247525
2965,0.5389703767615761,0.46102962323842395
2966,0.9763120398955117,0.023687960104488245
2967,0.38694992412746587,0.6130500758725341
2968,0.9763120398955117,0.023687960104488245
2969,0.8999638858793788,0.10003611412062116
2970,0.8952478283086357,0.10475217169136433
2971,0.9763120398955117,0.023687960104488245
2972,0.9763120398955117,0.023687960104488245
2973,0.7194950911640954,0.2805049088359046
2974,0.9763120398955117,0.023687960104488245
2975,0.38694992412746587,0.6130500758725341
2976,0.20729537366548043,0.7927046263345195
2977,0.5389703767615761,0.46102962323842395
2978,0.38694992412746587,0.6130500758725341
2979,0.9763120398955117,0.023687960104488245
2980,0.5389703767615761,0.46102962323842395
2981,0.9763120398955117,0.023687960104488245
2982,0.666028208253526,0.33397179174647396
2983,0.9763120398955117,0.023687960104488245
2984,0.9763120398955117,0.023687960104488245
2985,0.38694992412746587,0.6130500758725341
2986,0.666028208253526,0.33397179174647396
2987,0.8952478283086357,0.10475217169136433
2988,0.666028208253526,0.33397179174647396
2989,0.666028208253526,0.33397179174647396
2990,0.5389703767615761,0.46102962323842395
2991,0.666028208253526,0.33397179174647396
2992,0.9,0.1
2993,0.9763120398955117,0.023687960104488245
2994,0.666028208253526,0.33397179174647396
2995,0.38694992412746587,0.6130500758725341
2996,0.9763120398955117,0.023687960104488245
2997,0.9763120398955117,0.023687960104488245
2998,0.9763120398955117,0.023687960104488245
2999,0.9763120398955117,0.023687960104488245
3000,0.20729537366548043,0.7927046263345195
3001,0.666028208253526,0.33397179174647396
3002,0.9763120398955117,0.023687960104488245
3003,0.9,0.1
3004,0.9763120398955117,0.023687960104488245
3005,0.9763120398955117,0.023687960104488245
3006,0.666028208253526,0.33397179174647396
3007,0.9763120398955117,0.023687960104488245
3008,0.9763120398955117,0.023687960104488245
3009,0.8584183673469388,0.14158163265306123
3010,0.9763120398955117,0.023687960104488245
3011,0.8952478283086357,0.10475217169136433
3012,0.6047619047619047,0.3952380952380952
3013,0.8584183673469388,0.14158163265306123
3014,0.666028208253526,0.33397179174647396
3015,0.5701219512195121,0.4298780487804878
3016,0.9,0.1
3017,0.9763120398955117,0.023687960104488245
3018,0.9763120398955117,0.023687960104488245
3019,0.666028208253526,0.33397179174647396
3020,0.8999638858793788,0.10003611412062116
3021,0.5389703767615761,0.46102962323842395
3022,0.9763120398955117,0.023687960104488245
3023,0.20729537366548043,0.7927046263345195
3024,0.9763120398955117,0.023687960104488245
3025,0.38694992412746587,0.6130500758725341
3026,0.38694992412746587,0.6130500758725341
3027,0.8999638858793788,0.10003611412062116
3028,0.9763120398955117,0.023687960104488245
3029,0.9763120398955117,0.023687960104488245
3030,0.9763120398955117,0.023687960104488245
3031,0.666028208253526,0.33397179174647396
3032,0.9763120398955117,0.023687960104488245
3033,0.38694992412746587,0.6130500758725341
3034,0.666028208253526,0.33397179174647396
3035,0.9763120398955117,0.023687960104488245
3036,0.5389703767615761,0.46102962323842395
3037,0.8584183673469388,0.14158163265306123
3038,0.38694992412746587,0.6130500758725341
3039,0.38694992412746587,0.6130500758725341
3040,0.9,0.1
3041,0.9763120398955117,0.023687960104488245
3042,0.9763120398955117,0.023687960104488245
3043,0.666028208253526,0.33397179174647396
3044,0.9763120398955117,0.023687960104488245
3045,0.20729537366548043,0.7927046263345195
3046,0.9763120398955117,0.023687960104488245
3047,0.9763120398955117,0.023687960104488245
3048,0.5389703767615761,0.46102962323842395
3049,0.666028208253526,0.33397179174647396
3050,0.7967914438502673,0.20320855614973263
3051,0.8952478283086357,0.10475217169136433
3052,0.5389703767615761,0.46102962323842395
3053,0.9,0.1
3054,0.9763120398955117,0.023687960104488245
3055,0.666028208253526,0.33397179174647396
3056,0.9763120398955117,0.023687960104488245
3057,0.9763120398955117,0.023687960104488245
3058,0.9763120398955117,0.023687960104488245
3059,0.9763120398955117,0.023687960104488245
3060,0.38694992412746587,0.6130500758725341
3061,0.666028208253526,0.33397179174647396
3062,0.9763120398955117,0.023687960104488245
3063,0.9763120398955117,0.023687960104488245
3064,0.9763120398955117,0.023687960104488245
3065,0.9763120398955117,0.023687960104488245
3066,0.9763120398955117,0.023687960104488245
3067,0.8999638858793788,0.10003611412062116
3068,0.666028208253526,0.33397179174647396
3069,0.20729537366548043,0.7927046263345195
3070,0.38694992412746587,0.6130500758725341
3071,0.9763120398955117,0.023687960104488245
3072,0.9763120398955117,0.023687960104488245
3073,0.9763120398955117,0.023687960104488245
3074,0.20729537366548043,0.7927046263345195
3075,0.5389703767615761,0.46102962323842395
3076,0.9763120398955117,0.023687960104488245
3077,0.38694992412746587,0.6130500758725341
3078,0.9763120398955117,0.023687960104488245
3079,0.20729537366548043,0.7927046263345195
3080,0.9763120398955117,0.023687960104488245
3081,0.9763120398955117,0.023687960104488245
3082,0.9,0.1
3083,0.9763120398955117,0.023687960104488245
3084,0.5389703767615761,0.46102962323842395
3085,0.9763120398955117,0.023687960104488245
3086,0.8952478283086357,0.10475217169136433
3087,0.9763120398955117,0.023687960104488245
3088,0.8952478283086357,0.10475217169136433
3089,0.20729537366548043,0.7927046263345195
3090,0.38694992412746587,0.6130500758725341
3091,0.7967914438502673,0.20320855614973263
3092,0.9763120398955117,0.023687960104488245
3093,0.666028208253526,0.33397179174647396
3094,0.9763120398955117,0.023687960104488245
3095,0.9763120398955117,0.023687960104488245
3096,0.9763120398955117,0.023687960104488245
3097,0.8999638858793788,0.10003611412062116
3098,0.9763120398955117,0.023687960104488245
3099,0.666028208253526,0.33397179174647396
3100,0.20729537366548043,0.7927046263345195
3101,0.9,0.1
3102,0.666028208253526,0.33397179174647396
3103,0.8952478283086357,0.10475217169136433
3104,0.7194950911640954,0.2805049088359046
3105,0.9763120398955117,0.023687960104488245
3106,0.38694992412746587,0.6130500758725341
3107,0.7194950911640954,0.2805049088359046
3108,0.9763120398955117,0.023687960104488245
3109,0.9763120398955117,0.023687960104488245
3110,0.9763120398955117,0.023687960104488245
3111,0.8999638858793788,0.10003611412062116
3112,0.38694992412746587,0.6130500758725341
3113,0.9,0.1
3114,0.9,0.1
3115,0.9763120398955117,0.023687960104488245
3116,0.9763120398955117,0.023687960104488245
3117,0.9763120398955117,0.023687960104488245
3118,0.9,0.1
3119,0.20729537366548043,0.7927046263345195
3120,0.8584183673469388,0.14158163265306123
3121,0.666028208253526,0.33397179174647396
3122,0.9,0.1
3123,0.9763120398955117,0.023687960104488245
3124,0.30357142857142855,0.6964285714285714
3125,0.9763120398955117,0.023687960104488245
3126,0.9763120398955117,0.023687960104488245
3127,0.9763120398955117,0.023687960104488245
3128,0.9763120398955117,0.023687960104488245
3129,0.9,0.1
3130,0.20729537366548043,0.7927046263345195
3131,0.20729537366548043,0.7927046263345195
3132,0.9763120398955117,0.023687960104488245
3133,0.9763120398955117,0.023687960104488245
3134,0.38694992412746587,0.6130500758725341
3135,0.666028208253526,0.33397179174647396
3136,0.5389703767615761,0.46102962323842395
3137,0.666028208253526,0.33397179174647396
3138,0.666028208253526,0.33397179174647396
3139,0.9763120398955117,0.023687960104488245
3140,0.9,0.1
3141,0.9763120398955117,0.023687960104488245
3142,0.9763120398955117,0.023687960104488245
3143,0.9763120398955117,0.023687960104488245
3144,0.9763120398955117,0.023687960104488245
3145,0.5389703767615761,0.46102962323842395
3146,0.9,0.1
3147,0.20729537366548043,0.7927046263345195
3148,0.8584183673469388,0.14158163265306123
3149,0.9763120398955117,0.023687960104488245
3150,0.9763120398955117,0.023687960104488245
3151,0.20729537366548043,0.7927046263345195
3152,0.5389703767615761,0.46102962323842395
3153,0.8999638858793788,0.10003611412062116
3154,0.9763120398955117,0.023687960104488245
3155,0.5389703767615761,0.46102962323842395
3156,0.9763120398955117,0.023687960104488245
3157,0.666028208253526,0.33397179174647396
3158,0.666028208253526,0.33397179174647396
3159,0.38694992412746587,0.6130500758725341
3160,0.5389703767615761,0.46102962323842395
3161,0.9763120398955117,0.023687960104488245
3162,0.9763120398955117,0.023687960104488245
3163,0.9763120398955117,0.023687960104488245
3164,0.9,0.1
3165,0.9763120398955117,0.023687960104488245
3166,0.5389703767615761,0.46102962323842395
3167,0.5389703767615761,0.46102962323842395
3168,0.9763120398955117,0.023687960104488245
3169,0.9763120398955117,0.023687960104488245
3170,0.38694992412746587,0.6130500758725341
3171,0.8999638858793788,0.10003611412062116
3172,0.38694992412746587,0.6130500758725341
3173,0.38694992412746587,0.6130500758725341
3174,0.9763120398955117,0.023687960104488245
3175,0.9763120398955117,0.023687960104488245
3176,0.9763120398955117,0.023687960104488245
3177,0.5389703767615761,0.46102962323842395
3178,0.9763120398955117,0.023687960104488245
3179,0.20729537366548043,0.7927046263345195
3180,0.666028208253526,0.33397179174647396
3181,0.5389703767615761,0.46102962323842395
3182,0.9763120398955117,0.023687960104488245
3183,0.666028208253526,0.33397179174647396
3184,0.9763120398955117,0.023687960104488245
3185,0.8999638858793788,0.10003611412062116
3186,0.9763120398955117,0.023687960104488245
3187,0.20729537366548043,0.7927046263345195
3188,0.9763120398955117,0.023687960104488245
3189,0.666028208253526,0.33397179174647396
3190,0.8952478283086357,0.10475217169136433
3191,0.8999638858793788,0.10003611412062116
3192,0.9763120398955117,0.023687960104488245
3193,0.38694992412746587,0.6130500758725341
3194,0.666028208253526,0.33397179174647396
3195,0.38694992412746587,0.6130500758725341
3196,0.9763120398955117,0.023687960104488245
3197,0.666028208253526,0.33397179174647396
3198,0.666028208253526,0.33397179174647396
3199,0.8584183673469388,0.14158163265306123
3200,0.38694992412746587,0.6130500758725341
3201,0.9763120398955117,0.023687960104488245
3202,0.5389703767615761,0.46102962323842395
3203,0.38694992412746587,0.6130500758725341
3204,0.7194950911640954,0.2805049088359046
3205,0.9763120398955117,0.023687960104488245
3206,0.38694992412746587,0.6130500758725341
3207,0.38694992412746587,0.6130500758725341
3208,0.20729537366548043,0.7927046263345195
3209,0.9763120398955117,0.023687960104488245
3210,0.9763120398955117,0.023687960104488245
3211,0.666028208253526,0.33397179174647396
3212,0.38694992412746587,0.6130500758725341
3213,0.8999638858793788,0.10003611412062116
3214,0.38694992412746587,0.6130500758725341
3215,0.9,0.1
3216,0.5389703767615761,0.46102962323842395
3217,0.9763120398955117,0.023687960104488245
3218,0.9763120398955117,0.023687960104488245
3219,0.9763120398955117,0.023687960104488245
3220,0.20729537366548043,0.7927046263345195
3221,0.9763120398955117,0.023687960104488245
3222,0.8999638858793788,0.10003611412062116
3223,0.38694992412746587,0.6130500758725341
3224,0.8999638858793788,0.10003611412062116
3225,0.9763120398955117,0.023687960104488245
3226,0.8584183673469388,0.14158163265306123
3227,0.5389703767615761,0.46102962323842395
3228,0.9763120398955117,0.023687960104488245
3229,0.9763120398955117,0.023687960104488245
3230,0.5389703767615761,0.46102962323842395
3231,0.8952478283086357,0.10475217169136433
3232,0.666028208253526,0.33397179174647396
3233,0.38694992412746587,0.6130500758725341
3234,0.9763120398955117,0.023687960104488245
3235,0.666028208253526,0.33397179174647396
3236,0.9763120398955117,0.023687960104488245
3237,0.7747524752475248,0.22524752475247525
3238,0.38694992412746587,0.6130500758725341
3239,0.8999638858793788,0.10003611412062116
3240,0.666028208253526,0.33397179174647396
3241,0.5389703767615761,0.46102962323842395
3242,0.8952478283086357,0.10475217169136433
3243,0.666028208253526,0.33397179174647396
3244,0.20729537366548043,0.7927046263345195
3245,0.9763120398955117,0.023687960104488245
3246,0.666028208253526,0.33397179174647396
3247,0.9763120398955117,0.023687960104488245
3248,0.8999638858793788,0.10003611412062116
3249,0.666028208253526,0.33397179174647396
3250,0.9,0.1
3251,0.5389703767615761,0.46102962323842395
3252,0.9763120398955117,0.023687960104488245
3253,0.9,0.1
3254,0.9763120398955117,0.023687960104488245
3255,0.8952478283086357,0.10475217169136433
3256,0.9763120398955117,0.023687960104488245
3257,0.666028208253526,0.33397179174647396
3258,0.9763120398955117,0.023687960104488245
3259,0.20729537366548043,0.7927046263345195
3260,0.9763120398955117,0.023687960104488245
3261,0.20729537366548043,0.7927046263345195
3262,0.9763120398955117,0.023687960104488245
3263,0.7194950911640954,0.2805049088359046
3264,0.38694992412746587,0.6130500758725341
3265,0.9763120398955117,0.023687960104488245
3266,0.9763120398955117,0.023687960104488245
3267,0.5389703767615761,0.46102962323842395
3268,0.666028208253526,0.33397179174647396
3269,0.666028208253526,0.33397179174647396
3270,0.20729537366548043,0.7927046263345195
3271,0.9763120398955117,0.023687960104488245
3272,0.7194950911640954,0.2805049088359046
3273,0.20729537366548043,0.7927046263345195
3274,0.5389703767615761,0.46102962323842395
3275,0.20729537366548043,0.7927046263345195
3276,0.20729537366548043,0.7927046263345195
3277,0.666028208253526,0.33397179174647396
3278,0.38694992412746587,0.6130500758725341
3279,0.38694992412746587,0.6130500758725341
3280,0.9763120398955117,0.023687960104488245
3281,0.9763120398955117,0.023687960104488245
3282,0.666028208253526,0.33397179174647396
3283,0.9763120398955117,0.023687960104488245
3284,0.5389703767615761,0.46102962323842395
3285,0.9763120398955117,0.023687960104488245
3286,0.9763120398955117,0.023687960104488245
3287,0.9,0.1
3288,0.9763120398955117,0.023687960104488245
3289,0.9763120398955117,0.023687960104488245
3290,0.8566308243727598,0.14336917562724014
3291,0.9763120398955117,0.023687960104488245
3292,0.666028208253526,0.33397179174647396
3293,0.9763120398955117,0.023687960104488245
3294,0.9763120398955117,0.023687960104488245
3295,0.5389703767615761,0.46102962323842395
3296,0.8999638858793788,0.10003611412062116
3297,0.38694992412746587,0.6130500758725341
3298,0.9763120398955117,0.023687960104488245
3299,0.666028208253526,0.33397179174647396
3300,0.9763120398955117,0.023687960104488245
3301,0.9763120398955117,0.023687960104488245
3302,0.9763120398955117,0.023687960104488245
3303,0.8999638858793788,0.10003611412062116
3304,0.7194950911640954,0.2805049088359046
3305,0.8584183673469388,0.14158163265306123
3306,0.9,0.1
3307,0.5389703767615761,0.46102962323842395
3308,0.8952478283086357,0.10475217169136433
3309,0.9763120398955117,0.023687960104488245
3310,0.20729537366548043,0.7927046263345195
3311,0.666028208253526,0.33397179174647396
3312,0.20729537366548043,0.7927046263345195
3313,0.38694992412746587,0.6130500758725341
3314,0.9763120398955117,0.023687960104488245
3315,0.9763120398955117,0.023687960104488245
3316,0.38694992412746587,0.6130500758725341
3317,0.9763120398955117,0.023687960104488245
3318,0.9763120398955117,0.023687960104488245
3319,0.8952478283086357,0.10475217169136433
3320,0.9763120398955117,0.023687960104488245
3321,0.8999638858793788,0.10003611412062116
3322,0.9763120398955117,0.023687960104488245
3323,0.7194950911640954,0.2805049088359046
3324,0.9763120398955117,0.023687960104488245
3325,0.9763120398955117,0.023687960104488245
3326,0.8952478283086357,0.10475217169136433
3327,0.9763120398955117,0.023687960104488245
3328,0.38694992412746587,0.6130500758725341
3329,0.9763120398955117,0.023687960104488245
3330,0.9763120398955117,0.023687960104488245
3331,0.9763120398955117,0.023687960104488245
3332,0.9,0.1
3333,0.666028208253526,0.33397179174647396
3334,0.9763120398955117,0.023687960104488245
3335,0.9,0.1
3336,0.5389703767615761,0.46102962323842395
3337,0.9,0.1
3338,0.9763120398955117,0.023687960104488245
3339,0.20729537366548043,0.7927046263345195
3340,0.666028208253526,0.33397179174647396
3341,0.5389703767615761,0.46102962323842395
3342,0.9,0.1
3343,0.9763120398955117,0.023687960104488245
3344,0.8952478283086357,0.10475217169136433
3345,0.666028208253526,0.33397179174647396
3346,0.666028208253526,0.33397179174647396
3347,0.666028208253526,0.33397179174647396
3348,0.8999638858793788,0.10003611412062116
3349,0.666028208253526,0.33397179174647396
3350,0.8952478283086357,0.10475217169136433
3351,0.5389703767615761,0.46102962323842395
3352,0.9763120398955117,0.023687960104488245
3353,0.38694992412746587,0.6130500758725341
3354,0.666028208253526,0.33397179174647396
3355,0.7194950911640954,0.2805049088359046
3356,0.8566308243727598,0.14336917562724014
3357,0.7747524752475248,0.22524752475247525
3358,0.8999638858793788,0.10003611412062116
3359,0.9763120398955117,0.023687960104488245
3360,0.9763120398955117,0.023687960104488245
3361,0.20729537366548043,0.7927046263345195
3362,0.8584183673469388,0.14158163265306123
3363,0.9763120398955117,0.023687960104488245
3364,0.8999638858793788,0.10003611412062116
3365,0.666028208253526,0.33397179174647396
3366,0.9763120398955117,0.023687960104488245
3367,0.5389703767615761,0.46102962323842395
3368,0.9763120398955117,0.023687960104488245
3369,0.666028208253526,0.33397179174647396
3370,0.666028208253526,0.33397179174647396
3371,0.9763120398955117,0.023687960104488245
3372,0.38694992412746587,0.6130500758725341
3373,0.9763120398955117,0.023687960104488245
3374,0.5389703767615761,0.46102962323842395
3375,0.9763120398955117,0.023687960104488245
3376,0.20729537366548043,0.7927046263345195
3377,0.38694992412746587,0.6130500758725341
3378,0.38694992412746587,0.6130500758725341
3379,0.8999638858793788,0.10003611412062116
3380,0.38694992412746587,0.6130500758725341
3381,0.38694992412746587,0.6130500758725341
3382,0.38694992412746587,0.6130500758725341
3383,0.9763120398955117,0.023687960104488245
3384,0.20729537366548043,0.7927046263345195
3385,0.9763120398955117,0.023687960104488245
3386,0.9763120398955117,0.023687960104488245
3387,0.20729537366548043,0.7927046263345195
3388,0.38694992412746587,0.6130500758725341
3389,0.38694992412746587,0.6130500758725341
3390,0.38694992412746587,0.6130500758725341
3391,0.8952478283086357,0.10475217169136433
3392,0.9763120398955117,0.023687960104488245
3393,0.8999638858793788,0.10003611412062116
3394,0.7194950911640954,0.2805049088359046
3395,0.9763120398955117,0.023687960104488245
3396,0.5389703767615761,0.46102962323842395
3397,0.9763120398955117,0.023687960104488245
3398,0.8999638858793788,0.10003611412062116
3399,0.9,0.1
3400,0.8999638858793788,0.10003611412062116
3401,0.9,0.1
3402,0.9763120398955117,0.023687960104488245
3403,0.8999638858793788,0.10003611412062116
3404,0.666028208253526,0.33397179174647396
3405,0.9763120398955117,0.023687960104488245
3406,0.9763120398955117,0.023687960104488245
3407,0.9763120398955117,0.023687960104488245
3408,0.5389703767615761,0.46102962323842395
3409,0.8999638858793788,0.10003611412062116
3410,0.666028208253526,0.33397179174647396
3411,0.7194950911640954,0.2805049088359046
3412,0.38694992412746587,0.6130500758725341
3413,0.9763120398955117,0.023687960104488245
3414,0.8952478283086357,0.10475217169136433
3415,0.9763120398955117,0.023687960104488245
3416,0.5389703767615761,0.46102962323842395
3417,0.30357142857142855,0.6964285714285714
3418,0.5389703767615761,0.46102962323842395
3419,0.9763120398955117,0.023687960104488245
3420,0.38694992412746587,0.6130500758725341
3421,0.9763120398955117,0.023687960104488245
3422,0.8999638858793788,0.10003611412062116
3423,0.8952478283086357,0.10475217169136433
3424,0.5389703767615761,0.46102962323842395
3425,0.7967914438502673,0.20320855614973263
3426,0.8999638858793788,0.10003611412062116
3427,0.7747524752475248,0.22524752475247525
3428,0.9,0.1
3429,0.5389703767615761,0.46102962323842395
3430,0.5389703767615761,0.46102962323842395
3431,0.5389703767615761,0.46102962323842395
3432,0.9763120398955117,0.023687960104488245
3433,0.9763120398955117,0.023687960104488245
3434,0.38694992412746587,0.6130500758725341
3435,0.666028208253526,0.33397179174647396
3436,0.9763120398955117,0.023687960104488245
3437,0.9763120398955117,0.023687960104488245
3438,0.38694992412746587,0.6130500758725341
3439,0.9763120398955117,0.023687960104488245
3440,0.8999638858793788,0.10003611412062116
3441,0.9763120398955117,0.023687960104488245
3442,0.20729537366548043,0.7927046263345195
3443,0.666028208253526,0.33397179174647396
3444,0.8584183673469388,0.14158163265306123
3445,0.5389703767615761,0.46102962323842395
3446,0.20729537366548043,0.7927046263345195
3447,0.666028208253526,0.33397179174647396
3448,0.9763120398955117,0.023687960104488245
3449,0.38694992412746587,0.6130500758725341
3450,0.38694992412746587,0.6130500758725341
3451,0.38694992412746587,0.6130500758725341
3452,0.38694992412746587,0.6130500758725341
3453,0.6047619047619047,0.3952380952380952
3454,0.9763120398955117,0.023687960104488245
3455,0.8999638858793788,0.10003611412062116
3456,0.9763120398955117,0.023687960104488245
3457,0.5389703767615761,0.46102962323842395
3458,0.38694992412746587,0.6130500758725341
3459,0.20729537366548043,0.7927046263345195
3460,0.9763120398955117,0.023687960104488245
3461,0.666028208253526,0.33397179174647396
3462,0.5389703767615761,0.46102962323842395
3463,0.666028208253526,0.33397179174647396
3464,0.9763120398955117,0.023687960104488245
3465,0.5389703767615761,0.46102962323842395
3466,0.5701219512195121,0.4298780487804878
3467,0.5389703767615761,0.46102962323842395
3468,0.38694992412746587,0.6130500758725341
3469,0.8999638858793788,0.10003611412062116
3470,0.9,0.1
3471,0.9763120398955117,0.023687960104488245
3472,0.9763120398955117,0.023687960104488245
3473,0.7967914438502673,0.20320855614973263
3474,0.9763120398955117,0.023687960104488245
3475,0.5389703767615761,0.46102962323842395
3476,0.20729537366548043,0.7927046263345195
3477,0.9763120398955117,0.023687960104488245
3478,0.9,0.1
3479,0.8999638858793788,0.10003611412062116
3480,0.9763120398955117,0.023687960104488245
3481,0.666028208253526,0.33397179174647396
3482,0.9763120398955117,0.023687960104488245
3483,0.9763120398955117,0.023687960104488245
3484,0.20729537366548043,0.7927046263345195
3485,0.9763120398955117,0.023687960104488245
3486,0.9,0.1
3487,0.666028208253526,0.33397179174647396
3488,0.666028208253526,0.33397179174647396
3489,0.9763120398955117,0.023687960104488245
3490,0.9763120398955117,0.023687960104488245
3491,0.9,0.1
3492,0.38694992412746587,0.6130500758725341
3493,0.9763120398955117,0.023687960104488245
3494,0.7194950911640954,0.2805049088359046
3495,0.8952478283086357,0.10475217169136433
3496,0.8952478283086357,0.10475217169136433
3497,0.9763120398955117,0.023687960104488245
3498,0.9763120398955117,0.023687960104488245
3499,0.9763120398955117,0.023687960104488245
3500,0.9763120398955117,0.023687960104488245
3501,0.9763120398955117,0.023687960104488245
3502,0.5389703767615761,0.46102962323842395
3503,0.5389703767615761,0.46102962323842395
3504,0.38694992412746587,0.6130500758725341
3505,0.9763120398955117,0.023687960104488245
3506,0.7967914438502673,0.20320855614973263
3507,0.20729537366548043,0.7927046263345195
3508,0.9763120398955117,0.023687960104488245
3509,0.9763120398955117,0.023687960104488245
3510,0.8584183673469388,0.14158163265306123
3511,0.666028208253526,0.33397179174647396
3512,0.5389703767615761,0.46102962323842395
3513,0.38694992412746587,0.6130500758725341
3514,0.38694992412746587,0.6130500758725341
3515,0.38694992412746587,0.6130500758725341
3516,0.38694992412746587,0.6130500758725341
3517,0.9763120398955117,0.023687960104488245
3518,0.38694992412746587,0.6130500758725341
3519,0.9763120398955117,0.023687960104488245
3520,0.5389703767615761,0.46102962323842395
3521,0.9763120398955117,0.023687960104488245
3522,0.38694992412746587,0.6130500758725341
3523,0.9763120398955117,0.023687960104488245
3524,0.9763120398955117,0.023687960104488245
3525,0.20729537366548043,0.7927046263345195
3526,0.9763120398955117,0.023687960104488245
3527,0.5389703767615761,0.46102962323842395
3528,0.8584183673469388,0.14158163265306123
3529,0.38694992412746587,0.6130500758725341
3530,0.9763120398955117,0.023687960104488245
3531,0.20729537366548043,0.7927046263345195
3532,0.9763120398955117,0.023687960104488245
3533,0.9763120398955117,0.023687960104488245
3534,0.9763120398955117,0.023687960104488245
3535,0.9763120398955117,0.023687960104488245
3536,0.666028208253526,0.33397179174647396
3537,0.666028208253526,0.33397179174647396
3538,0.9763120398955117,0.023687960104488245
3539,0.9763120398955117,0.023687960104488245
3540,0.666028208253526,0.33397179174647396
3541,0.666028208253526,0.33397179174647396
3542,0.666028208253526,0.33397179174647396
3543,0.9763120398955117,0.023687960104488245
3544,0.8584183673469388,0.14158163265306123
3545,0.5389703767615761,0.46102962323842395
3546,0.666028208253526,0.33397179174647396
3547,0.9763120398955117,0.023687960104488245
3548,0.7967914438502673,0.20320855614973263
3549,0.7967914438502673,0.20320855614973263
3550,0.7747524752475248,0.22524752475247525
3551,0.7747524752475248,0.22524752475247525
3552,0.5389703767615761,0.46102962323842395
3553,0.9763120398955117,0.023687960104488245
3554,0.9763120398955117,0.023687960104488245
3555,0.666028208253526,0.33397179174647396
3556,0.9763120398955117,0.023687960104488245
3557,0.9763120398955117,0.023687960104488245
3558,0.666028208253526,0.33397179174647396
3559,0.9763120398955117,0.023687960104488245
3560,0.9,0.1
3561,0.38694992412746587,0.6130500758725341
3562,0.9,0.1
3563,0.38694992412746587,0.6130500758725341
3564,0.9763120398955117,0.023687960104488245
3565,0.9763120398955117,0.023687960104488245
3566,0.9763120398955117,0.023687960104488245
3567,0.8952478283086357,0.10475217169136433
3568,0.666028208253526,0.33397179174647396
3569,0.9763120398955117,0.023687960104488245
3570,0.7967914438502673,0.20320855614973263
3571,0.8952478283086357,0.10475217169136433
3572,0.5389703767615761,0.46102962323842395
3573,0.9763120398955117,0.023687960104488245
3574,0.9763120398955117,0.023687960104488245
3575,0.9763120398955117,0.023687960104488245
3576,0.9763120398955117,0.023687960104488245
3577,0.9763120398955117,0.023687960104488245
3578,0.9763120398955117,0.023687960104488245
3579,0.5389703767615761,0.46102962323842395
3580,0.9763120398955117,0.023687960104488245
3581,0.9763120398955117,0.023687960104488245
3582,0.38694992412746587,0.6130500758725341
3583,0.9763120398955117,0.023687960104488245
3584,0.9763120398955117,0.023687960104488245
3585,0.9763120398955117,0.023687960104488245
3586,0.666028208253526,0.33397179174647396
3587,0.9,0.1
3588,0.9,0.1
3589,0.7194950911640954,0.2805049088359046
3590,0.9763120398955117,0.023687960104488245
3591,0.9763120398955117,0.023687960104488245
3592,0.9763120398955117,0.023687960104488245
3593,0.9763120398955117,0.023687960104488245
3594,0.38694992412746587,0.6130500758725341
3595,0.38694992412746587,0.6130500758725341
3596,0.666028208253526,0.33397179174647396
3597,0.38694992412746587,0.6130500758725341
3598,0.8999638858793788,0.10003611412062116
3599,0.6047619047619047,0.3952380952380952
3600,0.9763120398955117,0.023687960104488245
3601,0.9763120398955117,0.023687960104488245
3602,0.8566308243727598,0.14336917562724014
3603,0.9763120398955117,0.023687960104488245
3604,0.9763120398955117,0.023687960104488245
3605,0.9763120398955117,0.023687960104488245
3606,0.666028208253526,0.33397179174647396
3607,0.9763120398955117,0.023687960104488245
3608,0.9763120398955117,0.023687960104488245
3609,0.38694992412746587,0.6130500758725341
3610,0.9763120398955117,0.023687960104488245
3611,0.38694992412746587,0.6130500758725341
3612,0.5389703767615761,0.46102962323842395
3613,0.9763120398955117,0.023687960104488245
3614,0.9763120398955117,0.023687960104488245
3615,0.38694992412746587,0.6130500758725341
3616,0.20729537366548043,0.7927046263345195
3617,0.9763120398955117,0.023687960104488245
3618,0.20729537366548043,0.7927046263345195
3619,0.9763120398955117,0.023687960104488245
3620,0.8999638858793788,0.10003611412062116
3621,0.5701219512195121,0.4298780487804878
3622,0.8952478283086357,0.10475217169136433
3623,0.8952478283086357,0.10475217169136433
3624,0.9763120398955117,0.023687960104488245
3625,0.7194950911640954,0.2805049088359046
3626,0.38694992412746587,0.6130500758725341
3627,0.666028208253526,0.33397179174647396
3628,0.38694992412746587,0.6130500758725341
3629,0.9763120398955117,0.023687960104488245
3630,0.5389703767615761,0.46102962323842395
3631,0.38694992412746587,0.6130500758725341
3632,0.666028208253526,0.33397179174647396
3633,0.38694992412746587,0.6130500758725341
3634,0.9763120398955117,0.023687960104488245
3635,0.5389703767615761,0.46102962323842395
3636,0.9763120398955117,0.023687960104488245
3637,0.20729537366548043,0.7927046263345195
3638,0.8999638858793788,0.10003611412062116
3639,0.8999638858793788,0.10003611412062116
3640,0.9763120398955117,0.023687960104488245
3641,0.666028208253526,0.33397179174647396
3642,0.20729537366548043,0.7927046263345195
3643,0.9,0.1
3644,0.5389703767615761,0.46102962323842395
3645,0.9763120398955117,0.023687960104488245
3646,0.9763120398955117,0.023687960104488245
3647,0.5389703767615761,0.46102962323842395
3648,0.8952478283086357,0.10475217169136433
3649,0.9763120398955117,0.023687960104488245
3650,0.6047619047619047,0.3952380952380952
3651,0.9763120398955117,0.023687960104488245
3652,0.8999638858793788,0.10003611412062116
3653,0.9763120398955117,0.023687960104488245
3654,0.666028208253526,0.33397179174647396
3655,0.9763120398955117,0.023687960104488245
3656,0.666028208253526,0.33397179174647396
3657,0.9763120398955117,0.023687960104488245
3658,0.8999638858793788,0.10003611412062116
3659,0.9763120398955117,0.023687960104488245
3660,0.9763120398955117,0.023687960104488245
3661,0.20729537366548043,0.7927046263345195
3662,0.8999638858793788,0.10003611412062116
3663,0.38694992412746587,0.6130500758725341
3664,0.8999638858793788,0.10003611412062116
3665,0.20729537366548043,0.7927046263345195
3666,0.20729537366548043,0.7927046263345195
3667,0.9763120398955117,0.023687960104488245
3668,0.9763120398955117,0.023687960104488245
3669,0.8999638858793788,0.10003611412062116
3670,0.9763120398955117,0.023687960104488245
3671,0.20729537366548043,0.7927046263345195
3672,0.5389703767615761,0.46102962323842395
3673,0.8999638858793788,0.10003611412062116
3674,0.38694992412746587,0.6130500758725341
3675,0.20729537366548043,0.7927046263345195
3676,0.5389703767615761,0.46102962323842395
3677,0.9763120398955117,0.023687960104488245
3678,0.666028208253526,0.33397179174647396
3679,0.9763120398955117,0.023687960104488245
3680,0.5701219512195121,0.4298780487804878
3681,0.9763120398955117,0.023687960104488245
3682,0.666028208253526,0.33397179174647396
3683,0.666028208253526,0.33397179174647396
3684,0.38694992412746587,0.6130500758725341
3685,0.9763120398955117,0.023687960104488245
3686,0.9763120398955117,0.023687960104488245
3687,0.8999638858793788,0.10003611412062116
3688,0.9763120398955117,0.023687960104488245
3689,0.38694992412746587,0.6130500758725341
3690,0.9763120398955117,0.023687960104488245
3691,0.9763120398955117,0.023687960104488245
3692,0.9763120398955117,0.023687960104488245
3693,0.8566308243727598,0.14336917562724014
3694,0.8584183673469388,0.14158163265306123
3695,0.9763120398955117,0.023687960104488245
3696,0.666028208253526,0.33397179174647396
3697,0.8952478283086357,0.10475217169136433
3698,0.9763120398955117,0.023687960104488245
3699,0.9763120398955117,0.023687960104488245
3700,0.20729537366548043,0.7927046263345195
3701,0.666028208253526,0.33397179174647396
3702,0.5389703767615761,0.46102962323842395
3703,0.666028208253526,0.33397179174647396
3704,0.666028208253526,0.33397179174647396
3705,0.38694992412746587,0.6130500758725341
3706,0.666028208253526,0.33397179174647396
3707,0.8999638858793788,0.10003611412062116
3708,0.9763120398955117,0.023687960104488245
3709,0.666028208253526,0.33397179174647396
3710,0.38694992412746587,0.6130500758725341
3711,0.38694992412746587,0.6130500758725341
3712,0.9763120398955117,0.023687960104488245
3713,0.9763120398955117,0.023687960104488245
3714,0.9763120398955117,0.023687960104488245
3715,0.38694992412746587,0.6130500758725341
3716,0.8999638858793788,0.10003611412062116
3717,0.666028208253526,0.33397179174647396
3718,0.38694992412746587,0.6130500758725341
3719,0.9763120398955117,0.023687960104488245
3720,0.38694992412746587,0.6130500758725341
3721,0.9763120398955117,0.023687960104488245
3722,0.9763120398955117,0.023687960104488245
3723,0.38694992412746587,0.6130500758725341
3724,0.9763120398955117,0.023687960104488245
3725,0.9763120398955117,0.023687960104488245
3726,0.9763120398955117,0.023687960104488245
3727,0.666028208253526,0.33397179174647396
3728,0.9,0.1
3729,0.9763120398955117,0.023687960104488245
3730,0.9763120398955117,0.023687960104488245
3731,0.9763120398955117,0.023687960104488245
3732,0.9763120398955117,0.023687960104488245
3733,0.9763120398955117,0.023687960104488245
3734,0.666028208253526,0.33397179174647396
3735,0.8999638858793788,0.10003611412062116
3736,0.38694992412746587,0.6130500758725341
3737,0.666028208253526,0.33397179174647396
3738,0.9763120398955117,0.023687960104488245
3739,0.666028208253526,0.33397179174647396
3740,0.7967914438502673,0.20320855614973263
3741,0.8999638858793788,0.10003611412062116
3742,0.5389703767615761,0.46102962323842395
3743,0.9763120398955117,0.023687960104488245
3744,0.20729537366548043,0.7927046263345195
3745,0.9763120398955117,0.023687960104488245
3746,0.9763120398955117,0.023687960104488245
3747,0.8566308243727598,0.14336917562724014
3748,0.8999638858793788,0.10003611412062116
3749,0.5389703767615761,0.46102962323842395
3750,0.38694992412746587,0.6130500758725341
3751,0.9763120398955117,0.023687960104488245
3752,0.9763120398955117,0.023687960104488245
3753,0.666028208253526,0.33397179174647396
3754,0.5389703767615761,0.46102962323842395
3755,0.9763120398955117,0.023687960104488245
3756,0.38694992412746587,0.6130500758725341
3757,0.38694992412746587,0.6130500758725341
3758,0.38694992412746587,0.6130500758725341
3759,0.6047619047619047,0.3952380952380952
3760,0.38694992412746587,0.6130500758725341
3761,0.9763120398955117,0.023687960104488245
3762,0.9763120398955117,0.023687960104488245
3763,0.9763120398955117,0.023687960104488245
3764,0.38694992412746587,0.6130500758725341
3765,0.9763120398955117,0.023687960104488245
3766,0.5389703767615761,0.46102962323842395
3767,0.38694992412746587,0.6130500758725341
3768,0.5389703767615761,0.46102962323842395
3769,0.9763120398955117,0.023687960104488245
3770,0.9763120398955117,0.023687960104488245
3771,0.9763120398955117,0.023687960104488245
3772,0.9763120398955117,0.023687960104488245
3773,0.9,0.1
3774,0.9,0.1
3775,0.38694992412746587,0.6130500758725341
3776,0.9,0.1
3777,0.8999638858793788,0.10003611412062116
3778,0.9763120398955117,0.023687960104488245
3779,0.8999638858793788,0.10003611412062116
3780,0.8999638858793788,0.10003611412062116
3781,0.9763120398955117,0.023687960104488245
3782,0.7747524752475248,0.22524752475247525
3783,0.5701219512195121,0.4298780487804878
3784,0.8999638858793788,0.10003611412062116
3785,0.20729537366548043,0.7927046263345195
3786,0.9,0.1
3787,0.9763120398955117,0.023687960104488245
3788,0.666028208253526,0.33397179174647396
3789,0.9763120398955117,0.023687960104488245
3790,0.8952478283086357,0.10475217169136433
3791,0.7747524752475248,0.22524752475247525
3792,0.38694992412746587,0.6130500758725341
3793,0.9763120398955117,0.023687960104488245
3794,0.9763120398955117,0.023687960104488245
3795,0.8999638858793788,0.10003611412062116
3796,0.666028208253526,0.33397179174647396
3797,0.38694992412746587,0.6130500758725341
3798,0.8999638858793788,0.10003611412062116
3799,0.9763120398955117,0.023687960104488245
3800,0.38694992412746587,0.6130500758725341
3801,0.20729537366548043,0.7927046263345195
3802,0.38694992412746587,0.6130500758725341
3803,0.38694992412746587,0.6130500758725341
3804,0.9763120398955117,0.023687960104488245
3805,0.38694992412746587,0.6130500758725341
3806,0.38694992412746587,0.6130500758725341
3807,0.9763120398955117,0.023687960104488245
3808,0.8999638858793788,0.10003611412062116
3809,0.9,0.1
3810,0.20729537366548043,0.7927046263345195
3811,0.9763120398955117,0.023687960104488245
3812,0.9763120398955117,0.023687960104488245
3813,0.9763120398955117,0.023687960104488245
3814,0.666028208253526,0.33397179174647396
3815,0.9,0.1
3816,0.9763120398955117,0.023687960104488245
3817,0.9763120398955117,0.023687960104488245
3818,0.20729537366548043,0.7927046263345195
3819,0.8584183673469388,0.14158163265306123
3820,0.9763120398955117,0.023687960104488245
3821,0.9763120398955117,0.023687960104488245
3822,0.5389703767615761,0.46102962323842395
3823,0.9763120398955117,0.023687960104488245
3824,0.9763120398955117,0.023687960104488245
3825,0.666028208253526,0.33397179174647396
3826,0.9763120398955117,0.023687960104488245
3827,0.9763120398955117,0.023687960104488245
3828,0.9763120398955117,0.023687960104488245
3829,0.8999638858793788,0.10003611412062116
3830,0.9763120398955117,0.023687960104488245
3831,0.666028208253526,0.33397179174647396
3832,0.9763120398955117,0.023687960104488245
3833,0.38694992412746587,0.6130500758725341
3834,0.9763120398955117,0.023687960104488245
3835,0.666028208253526,0.33397179174647396
3836,0.9763120398955117,0.023687960104488245
3837,0.9763120398955117,0.023687960104488245
3838,0.8952478283086357,0.10475217169136433
3839,0.9763120398955117,0.023687960104488245
3840,0.5389703767615761,0.46102962323842395
3841,0.20729537366548043,0.7927046263345195
3842,0.9763120398955117,0.023687960104488245
3843,0.9763120398955117,0.023687960104488245
3844,0.666028208253526,0.33397179174647396
3845,0.9763120398955117,0.023687960104488245
3846,0.38694992412746587,0.6130500758725341
3847,0.9763120398955117,0.023687960104488245
3848,0.666028208253526,0.33397179174647396
3849,0.5389703767615761,0.46102962323842395
3850,0.9763120398955117,0.023687960104488245
3851,0.9763120398955117,0.023687960104488245
3852,0.9763120398955117,0.023687960104488245
3853,0.9763120398955117,0.023687960104488245
3854,0.20729537366548043,0.7927046263345195
3855,0.8999638858793788,0.10003611412062116
3856,0.666028208253526,0.33397179174647396
3857,0.9763120398955117,0.023687960104488245
3858,0.9763120398955117,0.023687960104488245
3859,0.5701219512195121,0.4298780487804878
3860,0.9763120398955117,0.023687960104488245
3861,0.8999638858793788,0.10003611412062116
3862,0.9763120398955117,0.023687960104488245
3863,0.8999638858793788,0.10003611412062116
3864,0.8566308243727598,0.14336917562724014
3865,0.8584183673469388,0.14158163265306123
3866,0.9763120398955117,0.023687960104488245
3867,0.7194950911640954,0.2805049088359046
3868,0.9763120398955117,0.023687960104488245
3869,0.666028208253526,0.33397179174647396
3870,0.666028208253526,0.33397179174647396
3871,0.9763120398955117,0.023687960104488245
3872,0.8952478283086357,0.10475217169136433
3873,0.38694992412746587,0.6130500758725341
3874,0.9763120398955117,0.023687960104488245
3875,0.666028208253526,0.33397179174647396
3876,0.9763120398955117,0.023687960104488245
3877,0.9763120398955117,0.023687960104488245
3878,0.38694992412746587,0.6130500758725341
3879,0.9763120398955117,0.023687960104488245
3880,0.5389703767615761,0.46102962323842395
3881,0.9,0.1
3882,0.9763120398955117,0.023687960104488245
3883,0.8999638858793788,0.10003611412062116
3884,0.9763120398955117,0.023687960104488245
3885,0.7747524752475248,0.22524752475247525
3886,0.7194950911640954,0.2805049088359046
3887,0.8584183673469388,0.14158163265306123
3888,0.666028208253526,0.33397179174647396
3889,0.5389703767615761,0.46102962323842395
3890,0.8999638858793788,0.10003611412062116
3891,0.9763120398955117,0.023687960104488245
3892,0.666028208253526,0.33397179174647396
3893,0.9,0.1
3894,0.8999638858793788,0.10003611412062116
3895,0.666028208253526,0.33397179174647396
3896,0.5389703767615761,0.46102962323842395
3897,0.666028208253526,0.33397179174647396
3898,0.666028208253526,0.33397179174647396
3899,0.20729537366548043,0.7927046263345195
3900,0.9,0.1
3901,0.5389703767615761,0.46102962323842395
3902,0.666028208253526,0.33397179174647396
3903,0.666028208253526,0.33397179174647396
3904,0.666028208253526,0.33397179174647396
3905,0.38694992412746587,0.6130500758725341
3906,0.9763120398955117,0.023687960104488245
3907,0.9763120398955117,0.023687960104488245
3908,0.38694992412746587,0.6130500758725341
3909,0.9,0.1
3910,0.38694992412746587,0.6130500758725341
3911,0.666028208253526,0.33397179174647396
3912,0.8999638858793788,0.10003611412062116
3913,0.666028208253526,0.33397179174647396
3914,0.9763120398955117,0.023687960104488245
3915,0.7967914438502673,0.20320855614973263
3916,0.20729537366548043,0.7927046263345195
3917,0.666028208253526,0.33397179174647396
3918,0.20729537366548043,0.7927046263345195
3919,0.9,0.1
3920,0.9763120398955117,0.023687960104488245
3921,0.8952478283086357,0.10475217169136433
3922,0.9763120398955117,0.023687960104488245
3923,0.8999638858793788,0.10003611412062116
3924,0.38694992412746587,0.6130500758725341
3925,0.9763120398955117,0.023687960104488245
3926,0.666028208253526,0.33397179174647396
3927,0.9763120398955117,0.023687960104488245
3928,0.9,0.1
3929,0.8952478283086357,0.10475217169136433
3930,0.9763120398955117,0.023687960104488245
3931,0.8584183673469388,0.14158163265306123
3932,0.9763120398955117,0.023687960104488245
3933,0.6047619047619047,0.3952380952380952
3934,0.666028208253526,0.33397179174647396
3935,0.7967914438502673,0.20320855614973263
3936,0.9763120398955117,0.023687960104488245
3937,0.5389703767615761,0.46102962323842395
3938,0.5701219512195121,0.4298780487804878
3939,0.5701219512195121,0.4298780487804878
3940,0.38694992412746587,0.6130500758725341
3941,0.7967914438502673,0.20320855614973263
3942,0.9763120398955117,0.023687960104488245
3943,0.9763120398955117,0.023687960104488245
3944,0.7194950911640954,0.2805049088359046
3945,0.9763120398955117,0.023687960104488245
3946,0.666028208253526,0.33397179174647396
3947,0.6047619047619047,0.3952380952380952
3948,0.38694992412746587,0.6130500758725341
3949,0.9763120398955117,0.023687960104488245
3950,0.666028208253526,0.33397179174647396
3951,0.8566308243727598,0.14336917562724014
3952,0.9763120398955117,0.023687960104488245
3953,0.9763120398955117,0.023687960104488245
3954,0.9763120398955117,0.023687960104488245
3955,0.7967914438502673,0.20320855614973263
3956,0.666028208253526,0.33397179174647396
3957,0.38694992412746587,0.6130500758725341
3958,0.38694992412746587,0.6130500758725341
3959,0.38694992412746587,0.6130500758725341
3960,0.9763120398955117,0.023687960104488245
3961,0.38694992412746587,0.6130500758725341
3962,0.8999638858793788,0.10003611412062116
3963,0.38694992412746587,0.6130500758725341
3964,0.9763120398955117,0.023687960104488245
3965,0.9763120398955117,0.023687960104488245
3966,0.9,0.1
3967,0.9763120398955117,0.023687960104488245
3968,0.9763120398955117,0.023687960104488245
3969,0.7194950911640954,0.2805049088359046
3970,0.666028208253526,0.33397179174647396
3971,0.8584183673469388,0.14158163265306123
3972,0.666028208253526,0.33397179174647396
3973,0.9763120398955117,0.023687960104488245
3974,0.666028208253526,0.33397179174647396
3975,0.9763120398955117,0.023687960104488245
3976,0.9763120398955117,0.023687960104488245
3977,0.9763120398955117,0.023687960104488245
3978,0.8999638858793788,0.10003611412062116
3979,0.9763120398955117,0.023687960104488245
3980,0.5389703767615761,0.46102962323842395
3981,0.9763120398955117,0.023687960104488245
3982,0.7194950911640954,0.2805049088359046
3983,0.9763120398955117,0.023687960104488245
3984,0.8952478283086357,0.10475217169136433
3985,0.8566308243727598,0.14336917562724014
3986,0.666028208253526,0.33397179174647396
3987,0.38694992412746587,0.6130500758725341
3988,0.9763120398955117,0.023687960104488245
3989,0.666028208253526,0.33397179174647396
3990,0.9763120398955117,0.023687960104488245
3991,0.9763120398955117,0.023687960104488245
3992,0.5389703767615761,0.46102962323842395
3993,0.9763120398955117,0.023687960104488245
3994,0.666028208253526,0.33397179174647396
3995,0.9,0.1
3996,0.9763120398955117,0.023687960104488245
3997,0.666028208253526,0.33397179174647396
3998,0.20729537366548043,0.7927046263345195
3999,0.9763120398955117,0.023687960104488245
4000,0.9,0.1
4001,0.9763120398955117,0.023687960104488245
4002,0.9,0.1
4003,0.666028208253526,0.33397179174647396
4004,0.5389703767615761,0.46102962323842395
4005,0.666028208253526,0.33397179174647396
4006,0.666028208253526,0.33397179174647396
4007,0.9763120398955117,0.023687960104488245
4008,0.9763120398955117,0.023687960104488245
4009,0.5389703767615761,0.46102962323842395
4010,0.5389703767615761,0.46102962323842395
4011,0.8999638858793788,0.10003611412062116
4012,0.9763120398955117,0.023687960104488245
4013,0.9763120398955117,0.023687960104488245
4014,0.666028208253526,0.33397179174647396
4015,0.666028208253526,0.33397179174647396
4016,0.9763120398955117,0.023687960104488245
4017,0.7194950911640954,0.2805049088359046
4018,0.9763120398955117,0.023687960104488245
4019,0.5389703767615761,0.46102962323842395
4020,0.38694992412746587,0.6130500758725341
4021,0.5389703767615761,0.46102962323842395
4022,0.9763120398955117,0.023687960104488245
4023,0.20729537366548043,0.7927046263345195
4024,0.9763120398955117,0.023687960104488245
4025,0.9,0.1
4026,0.9763120398955117,0.023687960104488245
4027,0.666028208253526,0.33397179174647396
4028,0.9763120398955117,0.023687960104488245
4029,0.666028208253526,0.33397179174647396
4030,0.9763120398955117,0.023687960104488245
4031,0.9763120398955117,0.023687960104488245
4032,0.20729537366548043,0.7927046263345195
4033,0.9763120398955117,0.023687960104488245
4034,0.9763120398955117,0.023687960104488245
4035,0.8952478283086357,0.10475217169136433
4036,0.666028208253526,0.33397179174647396
4037,0.9763120398955117,0.023687960104488245
4038,0.38694992412746587,0.6130500758725341
4039,0.8952478283086357,0.10475217169136433
4040,0.20729537366548043,0.7927046263345195
4041,0.8999638858793788,0.10003611412062116
4042,0.8999638858793788,0.10003611412062116
4043,0.20729537366548043,0.7927046263345195
4044,0.38694992412746587,0.6130500758725341
4045,0.9763120398955117,0.023687960104488245
4046,0.666028208253526,0.33397179174647396
4047,0.9763120398955117,0.023687960104488245
4048,0.9763120398955117,0.023687960104488245
4049,0.9763120398955117,0.023687960104488245
4050,0.9763120398955117,0.023687960104488245
4051,0.9763120398955117,0.023687960104488245
4052,0.9763120398955117,0.023687960104488245
4053,0.9763120398955117,0.023687960104488245
4054,0.9763120398955117,0.023687960104488245
4055,0.666028208253526,0.33397179174647396
4056,0.9763120398955117,0.023687960104488245
4057,0.9763120398955117,0.023687960104488245
4058,0.666028208253526,0.33397179174647396
4059,0.666028208253526,0.33397179174647396
4060,0.9763120398955117,0.023687960104488245
4061,0.666028208253526,0.33397179174647396
4062,0.5389703767615761,0.46102962323842395
4063,0.5701219512195121,0.4298780487804878
4064,0.20729537366548043,0.7927046263345195
4065,0.666028208253526,0.33397179174647396
4066,0.666028208253526,0.33397179174647396
4067,0.8999638858793788,0.10003611412062116
4068,0.9763120398955117,0.023687960104488245
4069,0.8952478283086357,0.10475217169136433
4070,0.666028208253526,0.33397179174647396
4071,0.9763120398955117,0.023687960104488245
4072,0.5389703767615761,0.46102962323842395
4073,0.9763120398955117,0.023687960104488245
4074,0.666028208253526,0.33397179174647396
4075,0.9763120398955117,0.023687960104488245
4076,0.666028208253526,0.33397179174647396
4077,0.9763120398955117,0.023687960104488245
4078,0.9763120398955117,0.023687960104488245
4079,0.9763120398955117,0.023687960104488245
4080,0.666028208253526,0.33397179174647396
4081,0.9763120398955117,0.023687960104488245
4082,0.9763120398955117,0.023687960104488245
4083,0.38694992412746587,0.6130500758725341
4084,0.9763120398955117,0.023687960104488245
4085,0.8999638858793788,0.10003611412062116
4086,0.38694992412746587,0.6130500758725341
4087,0.9763120398955117,0.023687960104488245
4088,0.9763120398955117,0.023687960104488245
4089,0.9763120398955117,0.023687960104488245
4090,0.38694992412746587,0.6130500758725341
4091,0.38694992412746587,0.6130500758725341
4092,0.9,0.1
4093,0.9763120398955117,0.023687960104488245
4094,0.7194950911640954,0.2805049088359046
4095,0.666028208253526,0.33397179174647396
4096,0.7747524752475248,0.22524752475247525
4097,0.20729537366548043,0.7927046263345195
4098,0.8952478283086357,0.10475217169136433
4099,0.7967914438502673,0.20320855614973263
4100,0.9763120398955117,0.023687960104488245
4101,0.5389703767615761,0.46102962323842395
4102,0.9763120398955117,0.023687960104488245
4103,0.9763120398955117,0.023687960104488245
4104,0.9763120398955117,0.023687960104488245
4105,0.666028208253526,0.33397179174647396
4106,0.9763120398955117,0.023687960104488245
4107,0.666028208253526,0.33397179174647396
4108,0.38694992412746587,0.6130500758725341
4109,0.9763120398955117,0.023687960104488245
4110,0.5389703767615761,0.46102962323842395
4111,0.9763120398955117,0.023687960104488245
4112,0.8566308243727598,0.14336917562724014
4113,0.9763120398955117,0.023687960104488245
4114,0.9763120398955117,0.023687960104488245
4115,0.9763120398955117,0.023687960104488245
4116,0.9763120398955117,0.023687960104488245
4117,0.9,0.1
4118,0.20729537366548043,0.7927046263345195
4119,0.38694992412746587,0.6130500758725341
4120,0.38694992412746587,0.6130500758725341
4121,0.9763120398955117,0.023687960104488245
4122,0.9,0.1
4123,0.9763120398955117,0.023687960104488245
4124,0.8999638858793788,0.10003611412062116
4125,0.666028208253526,0.33397179174647396
4126,0.9763120398955117,0.023687960104488245
4127,0.666028208253526,0.33397179174647396
4128,0.38694992412746587,0.6130500758725341
4129,0.5389703767615761,0.46102962323842395
4130,0.9763120398955117,0.023687960104488245
4131,0.9763120398955117,0.023687960104488245
4132,0.20729537366548043,0.7927046263345195
4133,0.7194950911640954,0.2805049088359046
4134,0.9763120398955117,0.023687960104488245
4135,0.9763120398955117,0.023687960104488245
4136,0.9763120398955117,0.023687960104488245
4137,0.9763120398955117,0.023687960104488245
4138,0.38694992412746587,0.6130500758725341
4139,0.666028208253526,0.33397179174647396
4140,0.8999638858793788,0.10003611412062116
4141,0.9763120398955117,0.023687960104488245
4142,0.9763120398955117,0.023687960104488245
4143,0.8999638858793788,0.10003611412062116
4144,0.38694992412746587,0.6130500758725341
4145,0.20729537366548043,0.7927046263345195
4146,0.9763120398955117,0.023687960104488245
4147,0.666028208253526,0.33397179174647396
4148,0.5389703767615761,0.46102962323842395
4149,0.9763120398955117,0.023687960104488245
4150,0.38694992412746587,0.6130500758725341
4151,0.9763120398955117,0.023687960104488245
4152,0.9763120398955117,0.023687960104488245
4153,0.9763120398955117,0.023687960104488245
4154,0.666028208253526,0.33397179174647396
4155,0.9763120398955117,0.023687960104488245
4156,0.8584183673469388,0.14158163265306123
4157,0.8999638858793788,0.10003611412062116
4158,0.666028208253526,0.33397179174647396
4159,0.38694992412746587,0.6130500758725341
4160,0.9763120398955117,0.023687960104488245
4161,0.7967914438502673,0.20320855614973263
4162,0.8952478283086357,0.10475217169136433
4163,0.9763120398955117,0.023687960104488245
4164,0.9763120398955117,0.023687960104488245
4165,0.7967914438502673,0.20320855614973263
4166,0.666028208253526,0.33397179174647396
4167,0.9763120398955117,0.023687960104488245
4168,0.9763120398955117,0.023687960104488245
4169,0.38694992412746587,0.6130500758725341
4170,0.20729537366548043,0.7927046263345195
4171,0.666028208253526,0.33397179174647396
4172,0.5389703767615761,0.46102962323842395
4173,0.9763120398955117,0.023687960104488245
4174,0.20729537366548043,0.7927046263345195
4175,0.666028208253526,0.33397179174647396
4176,0.8952478283086357,0.10475217169136433
4177,0.666028208253526,0.33397179174647396
4178,0.666028208253526,0.33397179174647396
4179,0.9763120398955117,0.023687960104488245
4180,0.8999638858793788,0.10003611412062116
4181,0.9763120398955117,0.023687960104488245
4182,0.9763120398955117,0.023687960104488245
4183,0.9763120398955117,0.023687960104488245
4184,0.38694992412746587,0.6130500758725341
4185,0.666028208253526,0.33397179174647396
4186,0.9,0.1
4187,0.9763120398955117,0.023687960104488245
4188,0.9763120398955117,0.023687960104488245
4189,0.38694992412746587,0.6130500758725341
4190,0.38694992412746587,0.6130500758725341
4191,0.38694992412746587,0.6130500758725341
4192,0.38694992412746587,0.6130500758725341
4193,0.9,0.1
4194,0.6047619047619047,0.3952380952380952
4195,0.5701219512195121,0.4298780487804878
4196,0.9763120398955117,0.023687960104488245
4197,0.5389703767615761,0.46102962323842395
4198,0.666028208253526,0.33397179174647396
4199,0.9763120398955117,0.023687960104488245
4200,0.9763120398955117,0.023687960104488245
4201,0.38694992412746587,0.6130500758725341
4202,0.8999638858793788,0.10003611412062116
4203,0.38694992412746587,0.6130500758725341
4204,0.5389703767615761,0.46102962323842395
4205,0.666028208253526,0.33397179174647396
4206,0.38694992412746587,0.6130500758725341
4207,0.5389703767615761,0.46102962323842395
4208,0.9763120398955117,0.023687960104488245
4209,0.7967914438502673,0.20320855614973263
4210,0.8952478283086357,0.10475217169136433
4211,0.5389703767615761,0.46102962323842395
4212,0.9763120398955117,0.023687960104488245
4213,0.666028208253526,0.33397179174647396
4214,0.9763120398955117,0.023687960104488245
4215,0.7967914438502673,0.20320855614973263
4216,0.38694992412746587,0.6130500758725341
4217,0.8999638858793788,0.10003611412062116
4218,0.9763120398955117,0.023687960104488245
4219,0.9763120398955117,0.023687960104488245
4220,0.7194950911640954,0.2805049088359046
4221,0.9763120398955117,0.023687960104488245
4222,0.9,0.1
4223,0.9763120398955117,0.023687960104488245
4224,0.38694992412746587,0.6130500758725341
4225,0.7194950911640954,0.2805049088359046
4226,0.9763120398955117,0.023687960104488245
4227,0.8999638858793788,0.10003611412062116
4228,0.38694992412746587,0.6130500758725341
4229,0.9763120398955117,0.023687960104488245
4230,0.9763120398955117,0.023687960104488245
4231,0.9763120398955117,0.023687960104488245
4232,0.8999638858793788,0.10003611412062116
4233,0.9763120398955117,0.023687960104488245
4234,0.38694992412746587,0.6130500758725341
4235,0.9763120398955117,0.023687960104488245
4236,0.9763120398955117,0.023687960104488245
4237,0.6047619047619047,0.3952380952380952
4238,0.9,0.1
4239,0.666028208253526,0.33397179174647396
4240,0.38694992412746587,0.6130500758725341
4241,0.7967914438502673,0.20320855614973263
4242,0.9763120398955117,0.023687960104488245
4243,0.6047619047619047,0.3952380952380952
4244,0.20729537366548043,0.7927046263345195
4245,0.20729537366548043,0.7927046263345195
4246,0.5389703767615761,0.46102962323842395
4247,0.9763120398955117,0.023687960104488245
4248,0.9763120398955117,0.023687960104488245
4249,0.9763120398955117,0.023687960104488245
4250,0.666028208253526,0.33397179174647396
4251,0.9763120398955117,0.023687960104488245
4252,0.38694992412746587,0.6130500758725341
4253,0.9763120398955117,0.023687960104488245
4254,0.9763120398955117,0.023687960104488245
4255,0.5389703767615761,0.46102962323842395
4256,0.9763120398955117,0.023687960104488245
4257,0.20729537366548043,0.7927046263345195
4258,0.5389703767615761,0.46102962323842395
4259,0.9763120398955117,0.023687960104488245
4260,0.8952478283086357,0.10475217169136433
4261,0.20729537366548043,0.7927046263345195
4262,0.9763120398955117,0.023687960104488245
4263,0.38694992412746587,0.6130500758725341
4264,0.38694992412746587,0.6130500758725341
4265,0.8952478283086357,0.10475217169136433
4266,0.8952478283086357,0.10475217169136433
4267,0.9763120398955117,0.023687960104488245
4268,0.5701219512195121,0.4298780487804878
4269,0.38694992412746587,0.6130500758725341
4270,0.8952478283086357,0.10475217169136433
4271,0.9763120398955117,0.023687960104488245
4272,0.9763120398955117,0.023687960104488245
4273,0.8952478283086357,0.10475217169136433
4274,0.9,0.1
4275,0.7967914438502673,0.20320855614973263
4276,0.666028208253526,0.33397179174647396
4277,0.5389703767615761,0.46102962323842395
4278,0.9763120398955117,0.023687960104488245
4279,0.9763120398955117,0.023687960104488245
4280,0.9763120398955117,0.023687960104488245
4281,0.8952478283086357,0.10475217169136433
4282,0.38694992412746587,0.6130500758725341
4283,0.38694992412746587,0.6130500758725341
4284,0.9763120398955117,0.023687960104488245
4285,0.9,0.1
4286,0.9763120398955117,0.023687960104488245
4287,0.9763120398955117,0.023687960104488245
4288,0.8584183673469388,0.14158163265306123
4289,0.9763120398955117,0.023687960104488245
4290,0.5389703767615761,0.46102962323842395
4291,0.9763120398955117,0.023687960104488245
4292,0.9763120398955117,0.023687960104488245
4293,0.7967914438502673,0.20320855614973263
4294,0.5389703767615761,0.46102962323842395
4295,0.8952478283086357,0.10475217169136433
4296,0.9,0.1
4297,0.5389703767615761,0.46102962323842395
4298,0.9763120398955117,0.023687960104488245
4299,0.9763120398955117,0.023687960104488245
4300,0.6047619047619047,0.3952380952380952
4301,0.9763120398955117,0.023687960104488245
4302,0.8999638858793788,0.10003611412062116
4303,0.9763120398955117,0.023687960104488245
4304,0.9763120398955117,0.023687960104488245
4305,0.5389703767615761,0.46102962323842395
4306,0.666028208253526,0.33397179174647396
4307,0.666028208253526,0.33397179174647396
4308,0.9763120398955117,0.023687960104488245
4309,0.666028208253526,0.33397179174647396
4310,0.9,0.1
4311,0.9,0.1
4312,0.666028208253526,0.33397179174647396
4313,0.9763120398955117,0.023687960104488245
4314,0.9763120398955117,0.023687960104488245
4315,0.9763120398955117,0.023687960104488245
4316,0.9763120398955117,0.023687960104488245
4317,0.9763120398955117,0.023687960104488245
4318,0.38694992412746587,0.6130500758725341
4319,0.666028208253526,0.33397179174647396
4320,0.9763120398955117,0.023687960104488245
4321,0.38694992412746587,0.6130500758725341
4322,0.9763120398955117,0.023687960104488245
4323,0.9763120398955117,0.023687960104488245
4324,0.8952478283086357,0.10475217169136433
4325,0.38694992412746587,0.6130500758725341
4326,0.9763120398955117,0.023687960104488245
4327,0.20729537366548043,0.7927046263345195
4328,0.8999638858793788,0.10003611412062116
4329,0.8999638858793788,0.10003611412062116
4330,0.9,0.1
4331,0.666028208253526,0.33397179174647396
4332,0.6047619047619047,0.3952380952380952
4333,0.9763120398955117,0.023687960104488245
4334,0.666028208253526,0.33397179174647396
4335,0.5389703767615761,0.46102962323842395
4336,0.5389703767615761,0.46102962323842395
4337,0.20729537366548043,0.7927046263345195
4338,0.9763120398955117,0.023687960104488245
4339,0.9763120398955117,0.023687960104488245
4340,0.9763120398955117,0.023687960104488245
4341,0.9763120398955117,0.023687960104488245
4342,0.9763120398955117,0.023687960104488245
4343,0.38694992412746587,0.6130500758725341
4344,0.20729537366548043,0.7927046263345195
4345,0.5389703767615761,0.46102962323842395
4346,0.9763120398955117,0.023687960104488245
4347,0.8952478283086357,0.10475217169136433
4348,0.9763120398955117,0.023687960104488245
4349,0.8584183673469388,0.14158163265306123
4350,0.8999638858793788,0.10003611412062116
4351,0.8584183673469388,0.14158163265306123
4352,0.7194950911640954,0.2805049088359046
4353,0.9763120398955117,0.023687960104488245
4354,0.9,0.1
4355,0.38694992412746587,0.6130500758725341
4356,0.9763120398955117,0.023687960104488245
4357,0.38694992412746587,0.6130500758725341
4358,0.5389703767615761,0.46102962323842395
4359,0.666028208253526,0.33397179174647396
4360,0.666028208253526,0.33397179174647396
4361,0.5389703767615761,0.46102962323842395
4362,0.9763120398955117,0.023687960104488245
4363,0.8999638858793788,0.10003611412062116
4364,0.9763120398955117,0.023687960104488245
4365,0.5389703767615761,0.46102962323842395
4366,0.30357142857142855,0.6964285714285714
4367,0.9763120398955117,0.023687960104488245
4368,0.8999638858793788,0.10003611412062116
4369,0.5389703767615761,0.46102962323842395
4370,0.5389703767615761,0.46102962323842395
4371,0.20729537366548043,0.7927046263345195
4372,0.8584183673469388,0.14158163265306123
4373,0.9763120398955117,0.023687960104488245
4374,0.5389703767615761,0.46102962323842395
4375,0.9763120398955117,0.023687960104488245
4376,0.9,0.1
4377,0.9763120398955117,0.023687960104488245
4378,0.9763120398955117,0.023687960104488245
4379,0.9,0.1
4380,0.9763120398955117,0.023687960104488245
4381,0.5389703767615761,0.46102962323842395
4382,0.9,0.1
4383,0.9763120398955117,0.023687960104488245
4384,0.8952478283086357,0.10475217169136433
4385,0.9763120398955117,0.023687960104488245
4386,0.9,0.1
4387,0.5389703767615761,0.46102962323842395
4388,0.666028208253526,0.33397179174647396
4389,0.5389703767615761,0.46102962323842395
4390,0.9,0.1
4391,0.8584183673469388,0.14158163265306123
4392,0.9,0.1
4393,0.9763120398955117,0.023687960104488245
4394,0.38694992412746587,0.6130500758725341
4395,0.9763120398955117,0.023687960104488245
4396,0.38694992412746587,0.6130500758725341
4397,0.7194950911640954,0.2805049088359046
4398,0.9763120398955117,0.023687960104488245
4399,0.20729537366548043,0.7927046263345195
4400,0.9763120398955117,0.023687960104488245
4401,0.8584183673469388,0.14158163265306123
4402,0.38694992412746587,0.6130500758725341
4403,0.9763120398955117,0.023687960104488245
4404,0.9763120398955117,0.023687960104488245
4405,0.9763120398955117,0.023687960104488245
4406,0.8566308243727598,0.14336917562724014
4407,0.20729537366548043,0.7927046263345195
4408,0.9763120398955117,0.023687960104488245
4409,0.9763120398955117,0.023687960104488245
4410,0.38694992412746587,0.6130500758725341
4411,0.9,0.1
4412,0.5389703767615761,0.46102962323842395
4413,0.9763120398955117,0.023687960104488245
4414,0.5389703767615761,0.46102962323842395
4415,0.9763120398955117,0.023687960104488245
4416,0.7967914438502673,0.20320855614973263
4417,0.9763120398955117,0.023687960104488245
4418,0.666028208253526,0.33397179174647396
4419,0.9763120398955117,0.023687960104488245
4420,0.9763120398955117,0.023687960104488245
4421,0.8999638858793788,0.10003611412062116
4422,0.5389703767615761,0.46102962323842395
4423,0.38694992412746587,0.6130500758725341
4424,0.9763120398955117,0.023687960104488245
4425,0.9763120398955117,0.023687960104488245
4426,0.9763120398955117,0.023687960104488245
4427,0.8999638858793788,0.10003611412062116
4428,0.5389703767615761,0.46102962323842395
4429,0.9763120398955117,0.023687960104488245
4430,0.7747524752475248,0.22524752475247525
4431,0.666028208253526,0.33397179174647396
4432,0.666028208253526,0.33397179174647396
4433,0.9763120398955117,0.023687960104488245
4434,0.666028208253526,0.33397179174647396
4435,0.9763120398955117,0.023687960104488245
4436,0.9,0.1
4437,0.5389703767615761,0.46102962323842395
4438,0.9763120398955117,0.023687960104488245
4439,0.8952478283086357,0.10475217169136433
4440,0.8952478283086357,0.10475217169136433
4441,0.666028208253526,0.33397179174647396
4442,0.38694992412746587,0.6130500758725341
4443,0.9763120398955117,0.023687960104488245
4444,0.5701219512195121,0.4298780487804878
4445,0.7194950911640954,0.2805049088359046
4446,0.666028208253526,0.33397179174647396
4447,0.20729537366548043,0.7927046263345195
4448,0.9763120398955117,0.023687960104488245
4449,0.7747524752475248,0.22524752475247525
4450,0.5701219512195121,0.4298780487804878
4451,0.9763120398955117,0.023687960104488245
4452,0.9763120398955117,0.023687960104488245
4453,0.9763120398955117,0.023687960104488245
4454,0.7967914438502673,0.20320855614973263
4455,0.666028208253526,0.33397179174647396
4456,0.9,0.1
4457,0.38694992412746587,0.6130500758725341
4458,0.38694992412746587,0.6130500758725341
4459,0.20729537366548043,0.7927046263345195
4460,0.666028208253526,0.33397179174647396
4461,0.38694992412746587,0.6130500758725341
4462,0.9763120398955117,0.023687960104488245
4463,0.38694992412746587,0.6130500758725341
4464,0.9763120398955117,0.023687960104488245
4465,0.20729537366548043,0.7927046263345195
4466,0.8952478283086357,0.10475217169136433
4467,0.8999638858793788,0.10003611412062116
4468,0.9763120398955117,0.023687960104488245
4469,0.38694992412746587,0.6130500758725341
4470,0.38694992412746587,0.6130500758725341
4471,0.38694992412746587,0.6130500758725341
4472,0.5389703767615761,0.46102962323842395
4473,0.38694992412746587,0.6130500758725341
4474,0.8999638858793788,0.10003611412062116
4475,0.8999638858793788,0.10003611412062116
4476,0.9,0.1
4477,0.9763120398955117,0.023687960104488245
4478,0.666028208253526,0.33397179174647396
4479,0.38694992412746587,0.6130500758725341
4480,0.8952478283086357,0.10475217169136433
4481,0.8999638858793788,0.10003611412062116
4482,0.9763120398955117,0.023687960104488245
4483,0.9763120398955117,0.023687960104488245
4484,0.8999638858793788,0.10003611412062116
4485,0.9763120398955117,0.023687960104488245
4486,0.9763120398955117,0.023687960104488245
4487,0.666028208253526,0.33397179174647396
4488,0.9763120398955117,0.023687960104488245
4489,0.9763120398955117,0.023687960104488245
4490,0.9763120398955117,0.023687960104488245
4491,0.6047619047619047,0.3952380952380952
4492,0.38694992412746587,0.6130500758725341
4493,0.666028208253526,0.33397179174647396
4494,0.666028208253526,0.33397179174647396
4495,0.38694992412746587,0.6130500758725341
4496,0.5389703767615761,0.46102962323842395
4497,0.9763120398955117,0.023687960104488245
4498,0.666028208253526,0.33397179174647396
4499,0.9763120398955117,0.023687960104488245
4500,0.5701219512195121,0.4298780487804878
4501,0.5389703767615761,0.46102962323842395
4502,0.9763120398955117,0.023687960104488245
4503,0.9763120398955117,0.023687960104488245
4504,0.20729537366548043,0.7927046263345195
4505,0.9763120398955117,0.023687960104488245
4506,0.8952478283086357,0.10475217169136433
4507,0.8999638858793788,0.10003611412062116
4508,0.9763120398955117,0.023687960104488245
4509,0.5389703767615761,0.46102962323842395
4510,0.9763120398955117,0.023687960104488245
4511,0.9763120398955117,0.023687960104488245
4512,0.7967914438502673,0.20320855614973263
4513,0.20729537366548043,0.7927046263345195
4514,0.5389703767615761,0.46102962323842395
4515,0.38694992412746587,0.6130500758725341
4516,0.38694992412746587,0.6130500758725341
4517,0.8952478283086357,0.10475217169136433
4518,0.666028208253526,0.33397179174647396
4519,0.9,0.1
4520,0.5701219512195121,0.4298780487804878
4521,0.9763120398955117,0.023687960104488245
4522,0.20729537366548043,0.7927046263345195
4523,0.9763120398955117,0.023687960104488245
4524,0.7747524752475248,0.22524752475247525
4525,0.9763120398955117,0.023687960104488245
4526,0.9763120398955117,0.023687960104488245
4527,0.9763120398955117,0.023687960104488245
4528,0.8952478283086357,0.10475217169136433
4529,0.9763120398955117,0.023687960104488245
4530,0.38694992412746587,0.6130500758725341
4531,0.5389703767615761,0.46102962323842395
4532,0.7194950911640954,0.2805049088359046
4533,0.9763120398955117,0.023687960104488245
4534,0.9763120398955117,0.023687960104488245
4535,0.9763120398955117,0.023687960104488245
4536,0.38694992412746587,0.6130500758725341
4537,0.9763120398955117,0.023687960104488245
4538,0.666028208253526,0.33397179174647396
4539,0.5389703767615761,0.46102962323842395
4540,0.9763120398955117,0.023687960104488245
4541,0.9763120398955117,0.023687960104488245
4542,0.20729537366548043,0.7927046263345195
4543,0.9763120398955117,0.023687960104488245
4544,0.38694992412746587,0.6130500758725341
4545,0.9763120398955117,0.023687960104488245
4546,0.9763120398955117,0.023687960104488245
4547,0.9763120398955117,0.023687960104488245
4548,0.5389703767615761,0.46102962323842395
4549,0.20729537366548043,0.7927046263345195
4550,0.9763120398955117,0.023687960104488245
4551,0.9763120398955117,0.023687960104488245
4552,0.8999638858793788,0.10003611412062116
4553,0.9,0.1
4554,0.7194950911640954,0.2805049088359046
4555,0.9763120398955117,0.023687960104488245
4556,0.8952478283086357,0.10475217169136433
4557,0.8584183673469388,0.14158163265306123
4558,0.8999638858793788,0.10003611412062116
4559,0.38694992412746587,0.6130500758725341
4560,0.5389703767615761,0.46102962323842395
4561,0.666028208253526,0.33397179174647396
4562,0.9763120398955117,0.023687960104488245
4563,0.8999638858793788,0.10003611412062116
4564,0.20729537366548043,0.7927046263345195
4565,0.9763120398955117,0.023687960104488245
4566,0.9763120398955117,0.023687960104488245
4567,0.8584183673469388,0.14158163265306123
4568,0.9763120398955117,0.023687960104488245
4569,0.9763120398955117,0.023687960104488245
4570,0.9763120398955117,0.023687960104488245
4571,0.9763120398955117,0.023687960104488245
4572,0.9763120398955117,0.023687960104488245
4573,0.8999638858793788,0.10003611412062116
4574,0.8999638858793788,0.10003611412062116
4575,0.9763120398955117,0.023687960104488245
4576,0.9763120398955117,0.023687960104488245
4577,0.9763120398955117,0.023687960104488245
4578,0.9,0.1
4579,0.38694992412746587,0.6130500758725341
4580,0.20729537366548043,0.7927046263345195
4581,0.9763120398955117,0.023687960104488245
4582,0.7194950911640954,0.2805049088359046
4583,0.9763120398955117,0.023687960104488245
4584,0.9763120398955117,0.023687960104488245
4585,0.9763120398955117,0.023687960104488245
4586,0.9763120398955117,0.023687960104488245
4587,0.9763120398955117,0.023687960104488245
4588,0.666028208253526,0.33397179174647396
4589,0.666028208253526,0.33397179174647396
4590,0.38694992412746587,0.6130500758725341
4591,0.5389703767615761,0.46102962323842395
4592,0.38694992412746587,0.6130500758725341
4593,0.9,0.1
4594,0.9763120398955117,0.023687960104488245
4595,0.38694992412746587,0.6130500758725341
4596,0.8999638858793788,0.10003611412062116
4597,0.9763120398955117,0.023687960104488245
4598,0.9,0.1
4599,0.38694992412746587,0.6130500758725341
4600,0.20729537366548043,0.7927046263345195
4601,0.666028208253526,0.33397179174647396
4602,0.9,0.1
4603,0.666028208253526,0.33397179174647396
4604,0.9763120398955117,0.023687960104488245
4605,0.9763120398955117,0.023687960104488245
4606,0.666028208253526,0.33397179174647396
4607,0.9763120398955117,0.023687960104488245
4608,0.8952478283086357,0.10475217169136433
4609,0.9763120398955117,0.023687960104488245
4610,0.666028208253526,0.33397179174647396
4611,0.38694992412746587,0.6130500758725341
4612,0.9763120398955117,0.023687960104488245
4613,0.8999638858793788,0.10003611412062116
4614,0.666028208253526,0.33397179174647396
4615,0.9763120398955117,0.023687960104488245
4616,0.666028208253526,0.33397179174647396
4617,0.666028208253526,0.33397179174647396
4618,0.7194950911640954,0.2805049088359046
4619,0.7967914438502673,0.20320855614973263
4620,0.9763120398955117,0.023687960104488245
4621,0.8999638858793788,0.10003611412062116
4622,0.8584183673469388,0.14158163265306123
4623,0.9,0.1
4624,0.9763120398955117,0.023687960104488245
4625,0.9763120398955117,0.023687960104488245
4626,0.666028208253526,0.33397179174647396
4627,0.5389703767615761,0.46102962323842395
4628,0.8952478283086357,0.10475217169136433
4629,0.8952478283086357,0.10475217169136433
4630,0.9763120398955117,0.023687960104488245
4631,0.9763120398955117,0.023687960104488245
4632,0.9763120398955117,0.023687960104488245
4633,0.9763120398955117,0.023687960104488245
4634,0.20729537366548043,0.7927046263345195
4635,0.666028208253526,0.33397179174647396
4636,0.9763120398955117,0.023687960104488245
4637,0.9763120398955117,0.023687960104488245
4638,0.9763120398955117,0.023687960104488245
4639,0.8999638858793788,0.10003611412062116
4640,0.666028208253526,0.33397179174647396
4641,0.5389703767615761,0.46102962323842395
4642,0.9763120398955117,0.023687960104488245
4643,0.38694992412746587,0.6130500758725341
4644,0.9763120398955117,0.023687960104488245
4645,0.8952478283086357,0.10475217169136433
4646,0.5389703767615761,0.46102962323842395
4647,0.666028208253526,0.33397179174647396
4648,0.9763120398955117,0.023687960104488245
4649,0.9763120398955117,0.023687960104488245
4650,0.9763120398955117,0.023687960104488245
4651,0.38694992412746587,0.6130500758725341
4652,0.5389703767615761,0.46102962323842395
4653,0.9,0.1
4654,0.9763120398955117,0.023687960104488245
4655,0.38694992412746587,0.6130500758725341
4656,0.8999638858793788,0.10003611412062116
4657,0.9763120398955117,0.023687960104488245
4658,0.666028208253526,0.33397179174647396
4659,0.38694992412746587,0.6130500758725341
4660,0.8999638858793788,0.10003611412062116
4661,0.9763120398955117,0.023687960104488245
4662,0.8999638858793788,0.10003611412062116
4663,0.9763120398955117,0.023687960104488245
4664,0.20729537366548043,0.7927046263345195
4665,0.9763120398955117,0.023687960104488245
4666,0.38694992412746587,0.6130500758725341
4667,0.8999638858793788,0.10003611412062116
4668,0.9,0.1
4669,0.9763120398955117,0.023687960104488245
4670,0.9763120398955117,0.023687960104488245
4671,0.666028208253526,0.33397179174647396
4672,0.9,0.1
4673,0.9,0.1
4674,0.38694992412746587,0.6130500758725341
4675,0.8999638858793788,0.10003611412062116
4676,0.666028208253526,0.33397179174647396
4677,0.38694992412746587,0.6130500758725341
4678,0.9763120398955117,0.023687960104488245
4679,0.20729537366548043,0.7927046263345195
4680,0.9763120398955117,0.023687960104488245
4681,0.9763120398955117,0.023687960104488245
4682,0.666028208253526,0.33397179174647396
4683,0.666028208253526,0.33397179174647396
4684,0.9,0.1
4685,0.9763120398955117,0.023687960104488245
4686,0.8999638858793788,0.10003611412062116
4687,0.20729537366548043,0.7927046263345195
4688,0.9763120398955117,0.023687960104488245
4689,0.9763120398955117,0.023687960104488245
4690,0.5389703767615761,0.46102962323842395
4691,0.38694992412746587,0.6130500758725341
4692,0.38694992412746587,0.6130500758725341
4693,0.9763120398955117,0.023687960104488245
4694,0.9763120398955117,0.023687960104488245
4695,0.666028208253526,0.33397179174647396
4696,0.8952478283086357,0.10475217169136433
4697,0.7194950911640954,0.2805049088359046
4698,0.9763120398955117,0.023687960104488245
4699,0.7967914438502673,0.20320855614973263
4700,0.9763120398955117,0.023687960104488245
4701,0.9763120398955117,0.023687960104488245
4702,0.8952478283086357,0.10475217169136433
4703,0.5389703767615761,0.46102962323842395
4704,0.9763120398955117,0.023687960104488245
4705,0.5389703767615761,0.46102962323842395
4706,0.9763120398955117,0.023687960104488245
4707,0.666028208253526,0.33397179174647396
4708,0.9763120398955117,0.023687960104488245
4709,0.9763120398955117,0.023687960104488245
4710,0.666028208253526,0.33397179174647396
4711,0.9763120398955117,0.023687960104488245
4712,0.30357142857142855,0.6964285714285714
4713,0.9,0.1
4714,0.5389703767615761,0.46102962323842395
4715,0.8999638858793788,0.10003611412062116
4716,0.666028208253526,0.33397179174647396
4717,0.9763120398955117,0.023687960104488245
4718,0.666028208253526,0.33397179174647396
4719,0.9763120398955117,0.023687960104488245
4720,0.9763120398955117,0.023687960104488245
4721,0.7967914438502673,0.20320855614973263
4722,0.9763120398955117,0.023687960104488245
4723,0.9763120398955117,0.023687960104488245
4724,0.8999638858793788,0.10003611412062116
4725,0.5389703767615761,0.46102962323842395
4726,0.8999638858793788,0.10003611412062116
4727,0.38694992412746587,0.6130500758725341
4728,0.20729537366548043,0.7927046263345195
4729,0.9763120398955117,0.023687960104488245
4730,0.7967914438502673,0.20320855614973263
4731,0.666028208253526,0.33397179174647396
4732,0.7194950911640954,0.2805049088359046
4733,0.38694992412746587,0.6130500758725341
4734,0.9763120398955117,0.023687960104488245
4735,0.20729537366548043,0.7927046263345195
4736,0.666028208253526,0.33397179174647396
4737,0.9763120398955117,0.023687960104488245
4738,0.9763120398955117,0.023687960104488245
4739,0.9763120398955117,0.023687960104488245
4740,0.7747524752475248,0.22524752475247525
4741,0.20729537366548043,0.7927046263345195
4742,0.8952478283086357,0.10475217169136433
4743,0.9763120398955117,0.023687960104488245
4744,0.9763120398955117,0.023687960104488245
4745,0.9763120398955117,0.023687960104488245
4746,0.9763120398955117,0.023687960104488245
4747,0.666028208253526,0.33397179174647396
4748,0.38694992412746587,0.6130500758725341
4749,0.9763120398955117,0.023687960104488245
4750,0.5389703767615761,0.46102962323842395
4751,0.9,0.1
4752,0.9763120398955117,0.023687960104488245
4753,0.7967914438502673,0.20320855614973263
4754,0.9763120398955117,0.023687960104488245
4755,0.9,0.1
4756,0.9763120398955117,0.023687960104488245
4757,0.8566308243727598,0.14336917562724014
4758,0.666028208253526,0.33397179174647396
4759,0.8952478283086357,0.10475217169136433
4760,0.666028208253526,0.33397179174647396
4761,0.666028208253526,0.33397179174647396
4762,0.9763120398955117,0.023687960104488245
4763,0.9763120398955117,0.023687960104488245
4764,0.666028208253526,0.33397179174647396
4765,0.8952478283086357,0.10475217169136433
4766,0.9763120398955117,0.023687960104488245
4767,0.9763120398955117,0.023687960104488245
4768,0.20729537366548043,0.7927046263345195
4769,0.666028208253526,0.33397179174647396
4770,0.38694992412746587,0.6130500758725341
4771,0.7194950911640954,0.2805049088359046
4772,0.20729537366548043,0.7927046263345195
4773,0.666028208253526,0.33397179174647396
4774,0.9763120398955117,0.023687960104488245
4775,0.7194950911640954,0.2805049088359046
4776,0.9763120398955117,0.023687960104488245
4777,0.5389703767615761,0.46102962323842395
4778,0.9763120398955117,0.023687960104488245
4779,0.7194950911640954,0.2805049088359046
4780,0.6047619047619047,0.3952380952380952
4781,0.9763120398955117,0.023687960104488245
4782,0.9763120398955117,0.023687960104488245
4783,0.5389703767615761,0.46102962323842395
4784,0.666028208253526,0.33397179174647396
4785,0.9763120398955117,0.023687960104488245
4786,0.9763120398955117,0.023687960104488245
4787,0.8952478283086357,0.10475217169136433
4788,0.9763120398955117,0.023687960104488245
4789,0.9763120398955117,0.023687960104488245
4790,0.9763120398955117,0.023687960104488245
4791,0.7194950911640954,0.2805049088359046
4792,0.9763120398955117,0.023687960104488245
4793,0.9763120398955117,0.023687960104488245
4794,0.38694992412746587,0.6130500758725341
4795,0.8999638858793788,0.10003611412062116
4796,0.8999638858793788,0.10003611412062116
4797,0.9763120398955117,0.023687960104488245
4798,0.5389703767615761,0.46102962323842395
4799,0.8952478283086357,0.10475217169136433
4800,0.9763120398955117,0.023687960104488245
4801,0.666028208253526,0.33397179174647396
4802,0.9763120398955117,0.023687960104488245
4803,0.5389703767615761,0.46102962323842395
4804,0.8999638858793788,0.10003611412062116
4805,0.8952478283086357,0.10475217169136433
4806,0.666028208253526,0.33397179174647396
4807,0.8999638858793788,0.10003611412062116
4808,0.8999638858793788,0.10003611412062116
4809,0.38694992412746587,0.6130500758725341
4810,0.666028208253526,0.33397179174647396
4811,0.9763120398955117,0.023687960104488245
4812,0.9,0.1
4813,0.9,0.1
4814,0.9763120398955117,0.023687960104488245
4815,0.8999638858793788,0.10003611412062116
4816,0.8999638858793788,0.10003611412062116
4817,0.8952478283086357,0.10475217169136433
4818,0.9,0.1
4819,0.38694992412746587,0.6130500758725341
4820,0.666028208253526,0.33397179174647396
4821,0.38694992412746587,0.6130500758725341
4822,0.38694992412746587,0.6130500758725341
4823,0.9763120398955117,0.023687960104488245
4824,0.9763120398955117,0.023687960104488245
4825,0.9,0.1
4826,0.9763120398955117,0.023687960104488245
4827,0.9763120398955117,0.023687960104488245
4828,0.9763120398955117,0.023687960104488245
4829,0.9763120398955117,0.023687960104488245
4830,0.38694992412746587,0.6130500758725341
4831,0.666028208253526,0.33397179174647396
4832,0.9763120398955117,0.023687960104488245
4833,0.9763120398955117,0.023687960104488245
4834,0.38694992412746587,0.6130500758725341
4835,0.9,0.1
4836,0.8999638858793788,0.10003611412062116
4837,0.38694992412746587,0.6130500758725341
4838,0.38694992412746587,0.6130500758725341
4839,0.9763120398955117,0.023687960104488245
4840,0.20729537366548043,0.7927046263345195
4841,0.666028208253526,0.33397179174647396
4842,0.9,0.1
4843,0.9763120398955117,0.023687960104488245
4844,0.30357142857142855,0.6964285714285714
4845,0.666028208253526,0.33397179174647396
4846,0.9763120398955117,0.023687960104488245
4847,0.8999638858793788,0.10003611412062116
4848,0.9763120398955117,0.023687960104488245
4849,0.8999638858793788,0.10003611412062116
4850,0.9763120398955117,0.023687960104488245
4851,0.5389703767615761,0.46102962323842395
4852,0.9763120398955117,0.023687960104488245
4853,0.5389703767615761,0.46102962323842395
4854,0.8952478283086357,0.10475217169136433
4855,0.8999638858793788,0.10003611412062116
4856,0.9763120398955117,0.023687960104488245
4857,0.9763120398955117,0.023687960104488245
4858,0.9763120398955117,0.023687960104488245
4859,0.8952478283086357,0.10475217169136433
4860,0.7194950911640954,0.2805049088359046
4861,0.8952478283086357,0.10475217169136433
4862,0.9763120398955117,0.023687960104488245
4863,0.666028208253526,0.33397179174647396
4864,0.8584183673469388,0.14158163265306123
4865,0.38694992412746587,0.6130500758725341
4866,0.20729537366548043,0.7927046263345195
4867,0.38694992412746587,0.6130500758725341
4868,0.8999638858793788,0.10003611412062116
4869,0.7747524752475248,0.22524752475247525
4870,0.20729537366548043,0.7927046263345195
4871,0.8999638858793788,0.10003611412062116
4872,0.9763120398955117,0.023687960104488245
4873,0.666028208253526,0.33397179174647396
4874,0.38694992412746587,0.6130500758725341
4875,0.9763120398955117,0.023687960104488245
4876,0.666028208253526,0.33397179174647396
4877,0.666028208253526,0.33397179174647396
4878,0.20729537366548043,0.7927046263345195
4879,0.9763120398955117,0.023687960104488245
4880,0.9763120398955117,0.023687960104488245
4881,0.9763120398955117,0.023687960104488245
4882,0.8999638858793788,0.10003611412062116
4883,0.8999638858793788,0.10003611412062116
,1,2
0,0.5389703767615761,0.46102962323842395
1,0.666028208253526,0.33397179174647396
2,0.7967914438502673,0.20320855614973263
3,0.8952478283086357,0.10475217169136433
4,0.5389703767615761,0.46102962323842395
5,0.9763120398955117,0.023687960104488245
6,0.20729537366548043,0.7927046263345195
7,0.666028208253526,0.33397179174647396
8,0.9763120398955117,0.023687960104488245
9,0.20729537366548043,0.7927046263345195
10,0.5389703767615761,0.46102962323842395
11,0.8566308243727598,0.14336917562724014
12,0.9763120398955117,0.023687960104488245
13,0.38694992412746587,0.6130500758725341
14,0.9763120398955117,0.023687960104488245
15,0.8584183673469388,0.14158163265306123
16,0.7194950911640954,0.2805049088359046
17,0.9763120398955117,0.023687960104488245
18,0.38694992412746587,0.6130500758725341
19,0.9763120398955117,0.023687960104488245
20,0.38694992412746587,0.6130500758725341
21,0.9763120398955117,0.023687960104488245
22,0.666028208253526,0.33397179174647396
23,0.666028208253526,0.33397179174647396
24,0.666028208253526,0.33397179174647396
25,0.8566308243727598,0.14336917562724014
26,0.5389703767615761,0.46102962323842395
27,0.9763120398955117,0.023687960104488245
28,0.20729537366548043,0.7927046263345195
29,0.9763120398955117,0.023687960104488245
30,0.8952478283086357,0.10475217169136433
31,0.8999638858793788,0.10003611412062116
32,0.9763120398955117,0.023687960104488245
33,0.38694992412746587,0.6130500758725341
34,0.9763120398955117,0.023687960104488245
35,0.7967914438502673,0.20320855614973263
36,0.9763120398955117,0.023687960104488245
37,0.38694992412746587,0.6130500758725341
38,0.9,0.1
39,0.20729537366548043,0.7927046263345195
40,0.8952478283086357,0.10475217169136433
41,0.8566308243727598,0.14336917562724014
42,0.5389703767615761,0.46102962323842395
43,0.9763120398955117,0.023687960104488245
44,0.9763120398955117,0.023687960104488245
45,0.5389703767615761,0.46102962323842395
46,0.9763120398955117,0.023687960104488245
47,0.38694992412746587,0.6130500758725341
48,0.20729537366548043,0.7927046263345195
49,0.9763120398955117,0.023687960104488245
50,0.8952478283086357,0.10475217169136433
51,0.8999638858793788,0.10003611412062116
52,0.666028208253526,0.33397179174647396
53,0.38694992412746587,0.6130500758725341
54,0.9,0.1
55,0.6047619047619047,0.3952380952380952
56,0.9763120398955117,0.023687960104488245
57,0.9763120398955117,0.023687960104488245
58,0.9763120398955117,0.023687960104488245
59,0.9763120398955117,0.023687960104488245
60,0.38694992412746587,0.6130500758725341
61,0.9763120398955117,0.023687960104488245
62,0.9763120398955117,0.023687960104488245
63,0.5389703767615761,0.46102962323842395
64,0.8999638858793788,0.10003611412062116
65,0.666028208253526,0.33397179174647396
66,0.30357142857142855,0.6964285714285714
67,0.9763120398955117,0.023687960104488245
68,0.666028208253526,0.33397179174647396
69,0.9763120398955117,0.023687960104488245
70,0.38694992412746587,0.6130500758725341
71,0.9763120398955117,0.023687960104488245
72,0.666028208253526,0.33397179174647396
73,0.9763120398955117,0.023687960104488245
74,0.38694992412746587,0.6130500758725341
75,0.666028208253526,0.33397179174647396
76,0.9763120398955117,0.023687960104488245
77,0.9763120398955117,0.023687960104488245
78,0.8999638858793788,0.10003611412062116
79,0.9763120398955117,0.023687960104488245
80,0.8952478283086357,0.10475217169136433
81,0.8584183673469388,0.14158163265306123
82,0.666028208253526,0.33397179174647396
83,0.9763120398955117,0.023687960104488245
84,0.9763120398955117,0.023687960104488245
85,0.9763120398955117,0.023687960104488245
86,0.38694992412746587,0.6130500758725341
87,0.20729537366548043,0.7927046263345195
88,0.9763120398955117,0.023687960104488245
89,0.8952478283086357,0.10475217169136433
90,0.5701219512195121,0.4298780487804878
91,0.9763120398955117,0.023687960104488245
92,0.8566308243727598,0.14336917562724014
93,0.8952478283086357,0.10475217169136433
94,0.7194950911640954,0.2805049088359046
95,0.8999638858793788,0.10003611412062116
96,0.9763120398955117,0.023687960104488245
97,0.666028208253526,0.33397179174647396
98,0.9763120398955117,0.023687960104488245
99,0.38694992412746587,0.6130500758725341
100,0.9763120398955117,0.023687960104488245
101,0.5389703767615761,0.46102962323842395
102,0.5389703767615761,0.46102962323842395
103,0.38694992412746587,0.6130500758725341
104,0.9763120398955117,0.023687960104488245
105,0.9763120398955117,0.023687960104488245
106,0.9763120398955117,0.023687960104488245
107,0.9,0.1
108,0.9763120398955117,0.023687960104488245
109,0.9763120398955117,0.023687960104488245
110,0.9763120398955117,0.023687960104488245
111,0.20729537366548043,0.7927046263345195
112,0.38694992412746587,0.6130500758725341
113,0.666028208253526,0.33397179174647396
114,0.6047619047619047,0.3952380952380952
115,0.9,0.1
116,0.9763120398955117,0.023687960104488245
117,0.9763120398955117,0.023687960104488245
118,0.8952478283086357,0.10475217169136433
119,0.9763120398955117,0.023687960104488245
120,0.7747524752475248,0.22524752475247525
121,0.9,0.1
122,0.9763120398955117,0.023687960104488245
123,0.9763120398955117,0.023687960104488245
124,0.5389703767615761,0.46102962323842395
125,0.9763120398955117,0.023687960104488245
126,0.20729537366548043,0.7927046263345195
127,0.9763120398955117,0.023687960104488245
128,0.8584183673469388,0.14158163265306123
129,0.9763120398955117,0.023687960104488245
130,0.9763120398955117,0.023687960104488245
131,0.5389703767615761,0.46102962323842395
132,0.38694992412746587,0.6130500758725341
133,0.38694992412746587,0.6130500758725341
134,0.38694992412746587,0.6130500758725341
135,0.38694992412746587,0.6130500758725341
136,0.9763120398955117,0.023687960104488245
137,0.7194950911640954,0.2805049088359046
138,0.9763120398955117,0.023687960104488245
139,0.8952478283086357,0.10475217169136433
140,0.9763120398955117,0.023687960104488245
141,0.9763120398955117,0.023687960104488245
142,0.38694992412746587,0.6130500758725341
143,0.8584183673469388,0.14158163265306123
144,0.8952478283086357,0.10475217169136433
145,0.38694992412746587,0.6130500758725341
146,0.666028208253526,0.33397179174647396
147,0.8999638858793788,0.10003611412062116
148,0.20729537366548043,0.7927046263345195
149,0.9763120398955117,0.023687960104488245
150,0.9763120398955117,0.023687960104488245
151,0.20729537366548043,0.7927046263345195
152,0.5389703767615761,0.46102962323842395
153,0.20729537366548043,0.7927046263345195
154,0.9763120398955117,0.023687960104488245
155,0.9763120398955117,0.023687960104488245
156,0.666028208253526,0.33397179174647396
157,0.9763120398955117,0.023687960104488245
158,0.666028208253526,0.33397179174647396
159,0.9763120398955117,0.023687960104488245
160,0.666028208253526,0.33397179174647396
161,0.8999638858793788,0.10003611412062116
162,0.9763120398955117,0.023687960104488245
163,0.8999638858793788,0.10003611412062116
164,0.9763120398955117,0.023687960104488245
165,0.9763120398955117,0.023687960104488245
166,0.8999638858793788,0.10003611412062116
167,0.666028208253526,0.33397179174647396
168,0.8952478283086357,0.10475217169136433
169,0.9763120398955117,0.023687960104488245
170,0.38694992412746587,0.6130500758725341
171,0.9763120398955117,0.023687960104488245
172,0.5389703767615761,0.46102962323842395
173,0.666028208253526,0.33397179174647396
174,0.8999638858793788,0.10003611412062116
175,0.5701219512195121,0.4298780487804878
176,0.38694992412746587,0.6130500758725341
177,0.5389703767615761,0.46102962323842395
178,0.38694992412746587,0.6130500758725341
179,0.9763120398955117,0.023687960104488245
180,0.9763120398955117,0.023687960104488245
181,0.8999638858793788,0.10003611412062116
182,0.5701219512195121,0.4298780487804878
183,0.8952478283086357,0.10475217169136433
184,0.38694992412746587,0.6130500758725341
185,0.8999638858793788,0.10003611412062116
186,0.7967914438502673,0.20320855614973263
187,0.20729537366548043,0.7927046263345195
188,0.38694992412746587,0.6130500758725341
189,0.9763120398955117,0.023687960104488245
190,0.9763120398955117,0.023687960104488245
191,0.9763120398955117,0.023687960104488245
192,0.9763120398955117,0.023687960104488245
193,0.9763120398955117,0.023687960104488245
194,0.8999638858793788,0.10003611412062116
195,0.7194950911640954,0.2805049088359046
196,0.38694992412746587,0.6130500758725341
197,0.666028208253526,0.33397179174647396
198,0.8952478283086357,0.10475217169136433
199,0.8999638858793788,0.10003611412062116
200,0.9763120398955117,0.023687960104488245
201,0.9763120398955117,0.023687960104488245
202,0.8999638858793788,0.10003611412062116
203,0.8999638858793788,0.10003611412062116
204,0.9763120398955117,0.023687960104488245
205,0.5389703767615761,0.46102962323842395
206,0.666028208253526,0.33397179174647396
207,0.9763120398955117,0.023687960104488245
208,0.9763120398955117,0.023687960104488245
209,0.9763120398955117,0.023687960104488245
210,0.38694992412746587,0.6130500758725341
211,0.38694992412746587,0.6130500758725341
212,0.9763120398955117,0.023687960104488245
213,0.9763120398955117,0.023687960104488245
214,0.9763120398955117,0.023687960104488245
215,0.9763120398955117,0.023687960104488245
216,0.20729537366548043,0.7927046263345195
217,0.9763120398955117,0.023687960104488245
218,0.9,0.1
219,0.666028208253526,0.33397179174647396
220,0.9763120398955117,0.023687960104488245
221,0.38694992412746587,0.6130500758725341
222,0.5389703767615761,0.46102962323842395
223,0.9763120398955117,0.023687960104488245
224,0.20729537366548043,0.7927046263345195
225,0.9763120398955117,0.023687960104488245
226,0.9763120398955117,0.023687960104488245
227,0.9763120398955117,0.023687960104488245
228,0.9763120398955117,0.023687960104488245
229,0.9763120398955117,0.023687960104488245
230,0.666028208253526,0.33397179174647396
231,0.9763120398955117,0.023687960104488245
232,0.666028208253526,0.33397179174647396
233,0.9763120398955117,0.023687960104488245
234,0.9763120398955117,0.023687960104488245
235,0.9763120398955117,0.023687960104488245
236,0.666028208253526,0.33397179174647396
237,0.8952478283086357,0.10475217169136433
238,0.9763120398955117,0.023687960104488245
239,0.38694992412746587,0.6130500758725341
240,0.8952478283086357,0.10475217169136433
241,0.38694992412746587,0.6130500758725341
242,0.666028208253526,0.33397179174647396
243,0.9763120398955117,0.023687960104488245
244,0.20729537366548043,0.7927046263345195
245,0.9763120398955117,0.023687960104488245
246,0.9,0.1
247,0.666028208253526,0.33397179174647396
248,0.9763120398955117,0.023687960104488245
249,0.38694992412746587,0.6130500758725341
250,0.9763120398955117,0.023687960104488245
251,0.9763120398955117,0.023687960104488245
252,0.38694992412746587,0.6130500758725341
253,0.38694992412746587,0.6130500758725341
254,0.666028208253526,0.33397179174647396
255,0.7194950911640954,0.2805049088359046
256,0.9,0.1
257,0.9763120398955117,0.023687960104488245
258,0.9763120398955117,0.023687960104488245
259,0.9763120398955117,0.023687960104488245
260,0.9763120398955117,0.023687960104488245
261,0.666028208253526,0.33397179174647396
262,0.9763120398955117,0.023687960104488245
263,0.7747524752475248,0.22524752475247525
264,0.9,0.1
265,0.9,0.1
266,0.9763120398955117,0.023687960104488245
267,0.20729537366548043,0.7927046263345195
268,0.9763120398955117,0.023687960104488245
269,0.9763120398955117,0.023687960104488245
270,0.8999638858793788,0.10003611412062116
271,0.666028208253526,0.33397179174647396
272,0.20729537366548043,0.7927046263345195
273,0.20729537366548043,0.7927046263345195
274,0.8952478283086357,0.10475217169136433
275,0.6047619047619047,0.3952380952380952
276,0.6047619047619047,0.3952380952380952
277,0.8952478283086357,0.10475217169136433
278,0.9763120398955117,0.023687960104488245
279,0.9763120398955117,0.023687960104488245
280,0.20729537366548043,0.7927046263345195
281,0.9763120398955117,0.023687960104488245
282,0.20729537366548043,0.7927046263345195
283,0.9763120398955117,0.023687960104488245
284,0.8999638858793788,0.10003611412062116
285,0.7194950911640954,0.2805049088359046
286,0.9763120398955117,0.023687960104488245
287,0.5389703767615761,0.46102962323842395
288,0.9763120398955117,0.023687960104488245
289,0.9763120398955117,0.023687960104488245
290,0.666028208253526,0.33397179174647396
291,0.38694992412746587,0.6130500758725341
292,0.9,0.1
293,0.7747524752475248,0.22524752475247525
294,0.20729537366548043,0.7927046263345195
295,0.8999638858793788,0.10003611412062116
296,0.5389703767615761,0.46102962323842395
297,0.9763120398955117,0.023687960104488245
298,0.9763120398955117,0.023687960104488245
299,0.9763120398955117,0.023687960104488245
300,0.9763120398955117,0.023687960104488245
301,0.8999638858793788,0.10003611412062116
302,0.38694992412746587,0.6130500758725341
303,0.5389703767615761,0.46102962323842395
304,0.38694992412746587,0.6130500758725341
305,0.9763120398955117,0.023687960104488245
306,0.9763120398955117,0.023687960104488245
307,0.9763120398955117,0.023687960104488245
308,0.38694992412746587,0.6130500758725341
309,0.9763120398955117,0.023687960104488245
310,0.9763120398955117,0.023687960104488245
311,0.38694992412746587,0.6130500758725341
312,0.666028208253526,0.33397179174647396
313,0.9763120398955117,0.023687960104488245
314,0.7194950911640954,0.2805049088359046
315,0.8952478283086357,0.10475217169136433
316,0.38694992412746587,0.6130500758725341
317,0.9763120398955117,0.023687960104488245
318,0.8999638858793788,0.10003611412062116
319,0.9763120398955117,0.023687960104488245
320,0.8584183673469388,0.14158163265306123
321,0.9763120398955117,0.023687960104488245
322,0.38694992412746587,0.6130500758725341
323,0.9763120398955117,0.023687960104488245
324,0.38694992412746587,0.6130500758725341
325,0.666028208253526,0.33397179174647396
326,0.9763120398955117,0.023687960104488245
327,0.8566308243727598,0.14336917562724014
328,0.9763120398955117,0.023687960104488245
329,0.6047619047619047,0.3952380952380952
330,0.8999638858793788,0.10003611412062116
331,0.8952478283086357,0.10475217169136433
332,0.9763120398955117,0.023687960104488245
333,0.8584183673469388,0.14158163265306123
334,0.9763120398955117,0.023687960104488245
335,0.666028208253526,0.33397179174647396
336,0.9763120398955117,0.023687960104488245
337,0.20729537366548043,0.7927046263345195
338,0.7967914438502673,0.20320855614973263
339,0.9763120398955117,0.023687960104488245
340,0.666028208253526,0.33397179174647396
341,0.8952478283086357,0.10475217169136433
342,0.8999638858793788,0.10003611412062116
343,0.9763120398955117,0.023687960104488245
344,0.7194950911640954,0.2805049088359046
345,0.9,0.1
346,0.9763120398955117,0.023687960104488245
347,0.8999638858793788,0.10003611412062116
348,0.9,0.1
349,0.9763120398955117,0.023687960104488245
350,0.9763120398955117,0.023687960104488245
351,0.9763120398955117,0.023687960104488245
352,0.9763120398955117,0.023687960104488245
353,0.666028208253526,0.33397179174647396
354,0.9763120398955117,0.023687960104488245
355,0.8999638858793788,0.10003611412062116
356,0.20729537366548043,0.7927046263345195
357,0.8999638858793788,0.10003611412062116
358,0.666028208253526,0.33397179174647396
359,0.9763120398955117,0.023687960104488245
360,0.666028208253526,0.33397179174647396
361,0.9,0.1
362,0.5389703767615761,0.46102962323842395
363,0.8566308243727598,0.14336917562724014
364,0.9763120398955117,0.023687960104488245
365,0.20729537366548043,0.7927046263345195
366,0.9763120398955117,0.023687960104488245
367,0.38694992412746587,0.6130500758725341
368,0.666028208253526,0.33397179174647396
369,0.9763120398955117,0.023687960104488245
370,0.5389703767615761,0.46102962323842395
371,0.7194950911640954,0.2805049088359046
372,0.20729537366548043,0.7927046263345195
373,0.9763120398955117,0.023687960104488245
374,0.5389703767615761,0.46102962323842395
375,0.9763120398955117,0.023687960104488245
376,0.9763120398955117,0.023687960104488245
377,0.38694992412746587,0.6130500758725341
378,0.5389703767615761,0.46102962323842395
379,0.7967914438502673,0.20320855614973263
380,0.9763120398955117,0.023687960104488245
381,0.5389703767615761,0.46102962323842395
382,0.9763120398955117,0.023687960104488245
383,0.9763120398955117,0.023687960104488245
384,0.8952478283086357,0.10475217169136433
385,0.5389703767615761,0.46102962323842395
386,0.9763120398955117,0.023687960104488245
387,0.38694992412746587,0.6130500758725341
388,0.7194950911640954,0.2805049088359046
389,0.8999638858793788,0.10003611412062116
390,0.8999638858793788,0.10003611412062116
391,0.5389703767615761,0.46102962323842395
392,0.666028208253526,0.33397179174647396
393,0.6047619047619047,0.3952380952380952
394,0.9763120398955117,0.023687960104488245
395,0.9763120398955117,0.023687960104488245
396,0.38694992412746587,0.6130500758725341
397,0.666028208253526,0.33397179174647396
398,0.20729537366548043,0.7927046263345195
399,0.9763120398955117,0.023687960104488245
400,0.7194950911640954,0.2805049088359046
401,0.9763120398955117,0.023687960104488245
402,0.20729537366548043,0.7927046263345195
403,0.9763120398955117,0.023687960104488245
404,0.38694992412746587,0.6130500758725341
405,0.5389703767615761,0.46102962323842395
406,0.8999638858793788,0.10003611412062116
407,0.9763120398955117,0.023687960104488245
408,0.9763120398955117,0.023687960104488245
409,0.9763120398955117,0.023687960104488245
410,0.9763120398955117,0.023687960104488245
411,0.8952478283086357,0.10475217169136433
412,0.38694992412746587,0.6130500758725341
413,0.9763120398955117,0.023687960104488245
414,0.9763120398955117,0.023687960104488245
415,0.666028208253526,0.33397179174647396
416,0.666028208253526,0.33397179174647396
417,0.9763120398955117,0.023687960104488245
418,0.666028208253526,0.33397179174647396
419,0.5389703767615761,0.46102962323842395
420,0.9763120398955117,0.023687960104488245
421,0.9763120398955117,0.023687960104488245
422,0.666028208253526,0.33397179174647396
423,0.5389703767615761,0.46102962323842395
424,0.666028208253526,0.33397179174647396
425,0.9763120398955117,0.023687960104488245
426,0.9,0.1
427,0.38694992412746587,0.6130500758725341
428,0.5389703767615761,0.46102962323842395
429,0.5389703767615761,0.46102962323842395
430,0.8584183673469388,0.14158163265306123
431,0.9,0.1
432,0.8584183673469388,0.14158163265306123
433,0.9763120398955117,0.023687960104488245
434,0.666028208253526,0.33397179174647396
435,0.38694992412746587,0.6130500758725341
436,0.20729537366548043,0.7927046263345195
437,0.666028208253526,0.33397179174647396
438,0.9,0.1
439,0.9763120398955117,0.023687960104488245
440,0.8999638858793788,0.10003611412062116
441,0.666028208253526,0.33397179174647396
442,0.8952478283086357,0.10475217169136433
443,0.9763120398955117,0.023687960104488245
444,0.9763120398955117,0.023687960104488245
445,0.8999638858793788,0.10003611412062116
446,0.8952478283086357,0.10475217169136433
447,0.9763120398955117,0.023687960104488245
448,0.9763120398955117,0.023687960104488245
449,0.5389703767615761,0.46102962323842395
450,0.9763120398955117,0.023687960104488245
451,0.9763120398955117,0.023687960104488245
452,0.5389703767615761,0.46102962323842395
453,0.9763120398955117,0.023687960104488245
454,0.20729537366548043,0.7927046263345195
455,0.9763120398955117,0.023687960104488245
456,0.20729537366548043,0.7927046263345195
457,0.9763120398955117,0.023687960104488245
458,0.7747524752475248,0.22524752475247525
459,0.9763120398955117,0.023687960104488245
460,0.666028208253526,0.33397179174647396
461,0.38694992412746587,0.6130500758725341
462,0.5389703767615761,0.46102962323842395
463,0.9763120398955117,0.023687960104488245
464,0.5389703767615761,0.46102962323842395
465,0.9763120398955117,0.023687960104488245
466,0.666028208253526,0.33397179174647396
467,0.8952478283086357,0.10475217169136433
468,0.9763120398955117,0.023687960104488245
469,0.666028208253526,0.33397179174647396
470,0.20729537366548043,0.7927046263345195
471,0.9763120398955117,0.023687960104488245
472,0.9763120398955117,0.023687960104488245
473,0.666028208253526,0.33397179174647396
474,0.38694992412746587,0.6130500758725341
475,0.666028208253526,0.33397179174647396
476,0.9763120398955117,0.023687960104488245
477,0.666028208253526,0.33397179174647396
478,0.9763120398955117,0.023687960104488245
479,0.8952478283086357,0.10475217169136433
480,0.5389703767615761,0.46102962323842395
481,0.9763120398955117,0.023687960104488245
482,0.9763120398955117,0.023687960104488245
483,0.9763120398955117,0.023687960104488245
484,0.38694992412746587,0.6130500758725341
485,0.5389703767615761,0.46102962323842395
486,0.9,0.1
487,0.5389703767615761,0.46102962323842395
488,0.8566308243727598,0.14336917562724014
489,0.9,0.1
490,0.666028208253526,0.33397179174647396
491,0.8999638858793788,0.10003611412062116
492,0.8999638858793788,0.10003611412062116
493,0.9,0.1
494,0.9763120398955117,0.023687960104488245
495,0.666028208253526,0.33397179174647396
496,0.9763120398955117,0.023687960104488245
497,0.9763120398955117,0.023687960104488245
498,0.9763120398955117,0.023687960104488245
499,0.38694992412746587,0.6130500758725341
500,0.8999638858793788,0.10003611412062116
501,0.20729537366548043,0.7927046263345195
502,0.38694992412746587,0.6130500758725341
503,0.9763120398955117,0.023687960104488245
504,0.20729537366548043,0.7927046263345195
505,0.9763120398955117,0.023687960104488245
506,0.666028208253526,0.33397179174647396
507,0.9763120398955117,0.023687960104488245
508,0.9763120398955117,0.023687960104488245
509,0.38694992412746587,0.6130500758725341
510,0.9763120398955117,0.023687960104488245
511,0.7194950911640954,0.2805049088359046
512,0.666028208253526,0.33397179174647396
513,0.8952478283086357,0.10475217169136433
514,0.9763120398955117,0.023687960104488245
515,0.38694992412746587,0.6130500758725341
516,0.9763120398955117,0.023687960104488245
517,0.9,0.1
518,0.9763120398955117,0.023687960104488245
519,0.8999638858793788,0.10003611412062116
520,0.8999638858793788,0.10003611412062116
521,0.38694992412746587,0.6130500758725341
522,0.8566308243727598,0.14336917562724014
523,0.8999638858793788,0.10003611412062116
524,0.8999638858793788,0.10003611412062116
525,0.9763120398955117,0.023687960104488245
526,0.9763120398955117,0.023687960104488245
527,0.9763120398955117,0.023687960104488245
528,0.9763120398955117,0.023687960104488245
529,0.9763120398955117,0.023687960104488245
530,0.9763120398955117,0.023687960104488245
531,0.9763120398955117,0.023687960104488245
532,0.666028208253526,0.33397179174647396
533,0.666028208253526,0.33397179174647396
534,0.5389703767615761,0.46102962323842395
535,0.9763120398955117,0.023687960104488245
536,0.8999638858793788,0.10003611412062116
537,0.5389703767615761,0.46102962323842395
538,0.5701219512195121,0.4298780487804878
539,0.9,0.1
540,0.9763120398955117,0.023687960104488245
541,0.9,0.1
542,0.666028208253526,0.33397179174647396
543,0.38694992412746587,0.6130500758725341
544,0.8952478283086357,0.10475217169136433
545,0.9,0.1
546,0.9763120398955117,0.023687960104488245
547,0.9763120398955117,0.023687960104488245
548,0.5389703767615761,0.46102962323842395
549,0.5389703767615761,0.46102962323842395
550,0.666028208253526,0.33397179174647396
551,0.666028208253526,0.33397179174647396
552,0.5389703767615761,0.46102962323842395
553,0.8999638858793788,0.10003611412062116
554,0.9,0.1
555,0.9,0.1
556,0.20729537366548043,0.7927046263345195
557,0.5389703767615761,0.46102962323842395
558,0.5389703767615761,0.46102962323842395
559,0.20729537366548043,0.7927046263345195
560,0.9763120398955117,0.023687960104488245
561,0.9763120398955117,0.023687960104488245
562,0.9763120398955117,0.023687960104488245
563,0.9,0.1
564,0.9,0.1
565,0.5389703767615761,0.46102962323842395
566,0.9763120398955117,0.023687960104488245
567,0.7194950911640954,0.2805049088359046
568,0.7747524752475248,0.22524752475247525
569,0.5389703767615761,0.46102962323842395
570,0.20729537366548043,0.7927046263345195
571,0.9763120398955117,0.023687960104488245
572,0.38694992412746587,0.6130500758725341
573,0.9763120398955117,0.023687960104488245
574,0.9763120398955117,0.023687960104488245
575,0.9763120398955117,0.023687960104488245
576,0.9,0.1
577,0.38694992412746587,0.6130500758725341
578,0.666028208253526,0.33397179174647396
579,0.38694992412746587,0.6130500758725341
580,0.9763120398955117,0.023687960104488245
581,0.9763120398955117,0.023687960104488245
582,0.9763120398955117,0.023687960104488245
583,0.9763120398955117,0.023687960104488245
584,0.666028208253526,0.33397179174647396
585,0.38694992412746587,0.6130500758725341
586,0.8952478283086357,0.10475217169136433
587,0.20729537366548043,0.7927046263345195
588,0.9763120398955117,0.023687960104488245
589,0.8999638858793788,0.10003611412062116
590,0.38694992412746587,0.6130500758725341
591,0.9763120398955117,0.023687960104488245
592,0.5389703767615761,0.46102962323842395
593,0.8952478283086357,0.10475217169136433
594,0.666028208253526,0.33397179174647396
595,0.9763120398955117,0.023687960104488245
596,0.8952478283086357,0.10475217169136433
597,0.8999638858793788,0.10003611412062116
598,0.666028208253526,0.33397179174647396
599,0.8999638858793788,0.10003611412062116
600,0.38694992412746587,0.6130500758725341
601,0.38694992412746587,0.6130500758725341
602,0.666028208253526,0.33397179174647396
603,0.8566308243727598,0.14336917562724014
604,0.8999638858793788,0.10003611412062116
605,0.8584183673469388,0.14158163265306123
606,0.9763120398955117,0.023687960104488245
607,0.5389703767615761,0.46102962323842395
608,0.9763120398955117,0.023687960104488245
609,0.9763120398955117,0.023687960104488245
610,0.8952478283086357,0.10475217169136433
611,0.9763120398955117,0.023687960104488245
612,0.5389703767615761,0.46102962323842395
613,0.30357142857142855,0.6964285714285714
614,0.20729537366548043,0.7927046263345195
615,0.9,0.1
616,0.8999638858793788,0.10003611412062116
617,0.666028208253526,0.33397179174647396
618,0.666028208253526,0.33397179174647396
619,0.666028208253526,0.33397179174647396
620,0.20729537366548043,0.7927046263345195
621,0.9763120398955117,0.023687960104488245
622,0.7967914438502673,0.20320855614973263
623,0.9763120398955117,0.023687960104488245
624,0.7747524752475248,0.22524752475247525
625,0.9763120398955117,0.023687960104488245
626,0.666028208253526,0.33397179174647396
627,0.9763120398955117,0.023687960104488245
628,0.666028208253526,0.33397179174647396
629,0.5389703767615761,0.46102962323842395
630,0.5389703767615761,0.46102962323842395
631,0.5389703767615761,0.46102962323842395
632,0.8999638858793788,0.10003611412062116
633,0.9763120398955117,0.023687960104488245
634,0.8584183673469388,0.14158163265306123
635,0.9763120398955117,0.023687960104488245
636,0.9,0.1
637,0.8584183673469388,0.14158163265306123
638,0.9763120398955117,0.023687960104488245
639,0.9763120398955117,0.023687960104488245
640,0.9763120398955117,0.023687960104488245
641,0.9763120398955117,0.023687960104488245
642,0.7194950911640954,0.2805049088359046
643,0.20729537366548043,0.7927046263345195
644,0.9763120398955117,0.023687960104488245
645,0.9763120398955117,0.023687960104488245
646,0.666028208253526,0.33397179174647396
647,0.9763120398955117,0.023687960104488245
648,0.9763120398955117,0.023687960104488245
649,0.9763120398955117,0.023687960104488245
650,0.9763120398955117,0.023687960104488245
651,0.38694992412746587,0.6130500758725341
652,0.666028208253526,0.33397179174647396
653,0.8952478283086357,0.10475217169136433
654,0.9763120398955117,0.023687960104488245
655,0.9763120398955117,0.023687960104488245
656,0.9763120398955117,0.023687960104488245
657,0.666028208253526,0.33397179174647396
658,0.38694992412746587,0.6130500758725341
659,0.666028208253526,0.33397179174647396
660,0.9763120398955117,0.023687960104488245
661,0.666028208253526,0.33397179174647396
662,0.666028208253526,0.33397179174647396
663,0.9763120398955117,0.023687960104488245
664,0.38694992412746587,0.6130500758725341
665,0.9,0.1
666,0.9763120398955117,0.023687960104488245
667,0.5701219512195121,0.4298780487804878
668,0.9763120398955117,0.023687960104488245
669,0.7194950911640954,0.2805049088359046
670,0.9763120398955117,0.023687960104488245
671,0.20729537366548043,0.7927046263345195
672,0.5389703767615761,0.46102962323842395
673,0.9763120398955117,0.023687960104488245
674,0.5389703767615761,0.46102962323842395
675,0.5389703767615761,0.46102962323842395
676,0.9763120398955117,0.023687960104488245
677,0.9763120398955117,0.023687960104488245
678,0.7194950911640954,0.2805049088359046
679,0.9763120398955117,0.023687960104488245
680,0.9763120398955117,0.023687960104488245
681,0.7967914438502673,0.20320855614973263
682,0.666028208253526,0.33397179174647396
683,0.9763120398955117,0.023687960104488245
684,0.9763120398955117,0.023687960104488245
685,0.8999638858793788,0.10003611412062116
686,0.9763120398955117,0.023687960104488245
687,0.9763120398955117,0.023687960104488245
688,0.5389703767615761,0.46102962323842395
689,0.8999638858793788,0.10003611412062116
690,0.9763120398955117,0.023687960104488245
691,0.8584183673469388,0.14158163265306123
692,0.9,0.1
693,0.5389703767615761,0.46102962323842395
694,0.666028208253526,0.33397179174647396
695,0.666028208253526,0.33397179174647396
696,0.9,0.1
697,0.5389703767615761,0.46102962323842395
698,0.38694992412746587,0.6130500758725341
699,0.666028208253526,0.33397179174647396
700,0.8999638858793788,0.10003611412062116
701,0.38694992412746587,0.6130500758725341
702,0.9763120398955117,0.023687960104488245
703,0.9763120398955117,0.023687960104488245
704,0.9763120398955117,0.023687960104488245
705,0.5389703767615761,0.46102962323842395
706,0.5701219512195121,0.4298780487804878
707,0.9,0.1
708,0.666028208253526,0.33397179174647396
709,0.666028208253526,0.33397179174647396
710,0.38694992412746587,0.6130500758725341
711,0.5701219512195121,0.4298780487804878
712,0.9763120398955117,0.023687960104488245
713,0.9763120398955117,0.023687960104488245
714,0.9763120398955117,0.023687960104488245
715,0.9763120398955117,0.023687960104488245
716,0.9763120398955117,0.023687960104488245
717,0.38694992412746587,0.6130500758725341
718,0.20729537366548043,0.7927046263345195
719,0.38694992412746587,0.6130500758725341
720,0.9763120398955117,0.023687960104488245
721,0.38694992412746587,0.6130500758725341
722,0.666028208253526,0.33397179174647396
723,0.38694992412746587,0.6130500758725341
724,0.9,0.1
725,0.9763120398955117,0.023687960104488245
726,0.666028208253526,0.33397179174647396
727,0.5389703767615761,0.46102962323842395
728,0.8999638858793788,0.10003611412062116
729,0.9,0.1
730,0.9763120398955117,0.023687960104488245
731,0.8952478283086357,0.10475217169136433
732,0.8999638858793788,0.10003611412062116
733,0.8566308243727598,0.14336917562724014
734,0.5389703767615761,0.46102962323842395
735,0.9763120398955117,0.023687960104488245
736,0.38694992412746587,0.6130500758725341
737,0.666028208253526,0.33397179174647396
738,0.5389703767615761,0.46102962323842395
739,0.9763120398955117,0.023687960104488245
740,0.8952478283086357,0.10475217169136433
741,0.9763120398955117,0.023687960104488245
742,0.9763120398955117,0.023687960104488245
743,0.9763120398955117,0.023687960104488245
744,0.5389703767615761,0.46102962323842395
745,0.9763120398955117,0.023687960104488245
746,0.9763120398955117,0.023687960104488245
747,0.9763120398955117,0.023687960104488245
748,0.5389703767615761,0.46102962323842395
749,0.8584183673469388,0.14158163265306123
750,0.9,0.1
751,0.8952478283086357,0.10475217169136433
752,0.666028208253526,0.33397179174647396
753,0.9763120398955117,0.023687960104488245
754,0.9763120398955117,0.023687960104488245
755,0.9763120398955117,0.023687960104488245
756,0.666028208253526,0.33397179174647396
757,0.9763120398955117,0.023687960104488245
758,0.5389703767615761,0.46102962323842395
759,0.9763120398955117,0.023687960104488245
760,0.7194950911640954,0.2805049088359046
761,0.5389703767615761,0.46102962323842395
762,0.5389703767615761,0.46102962323842395
763,0.20729537366548043,0.7927046263345195
764,0.666028208253526,0.33397179174647396
765,0.20729537366548043,0.7927046263345195
766,0.9763120398955117,0.023687960104488245
767,0.9763120398955117,0.023687960104488245
768,0.9763120398955117,0.023687960104488245
769,0.8584183673469388,0.14158163265306123
770,0.5701219512195121,0.4298780487804878
771,0.9763120398955117,0.023687960104488245
772,0.666028208253526,0.33397179174647396
773,0.9763120398955117,0.023687960104488245
774,0.38694992412746587,0.6130500758725341
775,0.9763120398955117,0.023687960104488245
776,0.9763120398955117,0.023687960104488245
777,0.5389703767615761,0.46102962323842395
778,0.7194950911640954,0.2805049088359046
779,0.9763120398955117,0.023687960104488245
780,0.9763120398955117,0.023687960104488245
781,0.9763120398955117,0.023687960104488245
782,0.5389703767615761,0.46102962323842395
783,0.9763120398955117,0.023687960104488245
784,0.9763120398955117,0.023687960104488245
785,0.5389703767615761,0.46102962323842395
786,0.9763120398955117,0.023687960104488245
787,0.38694992412746587,0.6130500758725341
788,0.9763120398955117,0.023687960104488245
789,0.5389703767615761,0.46102962323842395
790,0.9763120398955117,0.023687960104488245
791,0.8952478283086357,0.10475217169136433
792,0.666028208253526,0.33397179174647396
793,0.9763120398955117,0.023687960104488245
794,0.666028208253526,0.33397179174647396
795,0.666028208253526,0.33397179174647396
796,0.666028208253526,0.33397179174647396
797,0.5389703767615761,0.46102962323842395
798,0.8999638858793788,0.10003611412062116
799,0.5389703767615761,0.46102962323842395
800,0.8584183673469388,0.14158163265306123
801,0.666028208253526,0.33397179174647396
802,0.38694992412746587,0.6130500758725341
803,0.9763120398955117,0.023687960104488245
804,0.9763120398955117,0.023687960104488245
805,0.666028208253526,0.33397179174647396
806,0.38694992412746587,0.6130500758725341
807,0.8952478283086357,0.10475217169136433
808,0.666028208253526,0.33397179174647396
809,0.9763120398955117,0.023687960104488245
810,0.9763120398955117,0.023687960104488245
811,0.38694992412746587,0.6130500758725341
812,0.9763120398955117,0.023687960104488245
813,0.7194950911640954,0.2805049088359046
814,0.9763120398955117,0.023687960104488245
815,0.7747524752475248,0.22524752475247525
816,0.9763120398955117,0.023687960104488245
817,0.38694992412746587,0.6130500758725341
818,0.9763120398955117,0.023687960104488245
819,0.9763120398955117,0.023687960104488245
820,0.9763120398955117,0.023687960104488245
821,0.5389703767615761,0.46102962323842395
822,0.38694992412746587,0.6130500758725341
823,0.9763120398955117,0.023687960104488245
824,0.8584183673469388,0.14158163265306123
825,0.6047619047619047,0.3952380952380952
826,0.8999638858793788,0.10003611412062116
827,0.9763120398955117,0.023687960104488245
828,0.5389703767615761,0.46102962323842395
829,0.9763120398955117,0.023687960104488245
830,0.666028208253526,0.33397179174647396
831,0.38694992412746587,0.6130500758725341
832,0.9763120398955117,0.023687960104488245
833,0.38694992412746587,0.6130500758725341
834,0.9763120398955117,0.023687960104488245
835,0.9763120398955117,0.023687960104488245
836,0.666028208253526,0.33397179174647396
837,0.8566308243727598,0.14336917562724014
838,0.8952478283086357,0.10475217169136433
839,0.20729537366548043,0.7927046263345195
840,0.38694992412746587,0.6130500758725341
841,0.666028208253526,0.33397179174647396
842,0.9763120398955117,0.023687960104488245
843,0.8999638858793788,0.10003611412062116
844,0.7967914438502673,0.20320855614973263
845,0.666028208253526,0.33397179174647396
846,0.38694992412746587,0.6130500758725341
847,0.30357142857142855,0.6964285714285714
848,0.8999638858793788,0.10003611412062116
849,0.9763120398955117,0.023687960104488245
850,0.9763120398955117,0.023687960104488245
851,0.38694992412746587,0.6130500758725341
852,0.8999638858793788,0.10003611412062116
853,0.9763120398955117,0.023687960104488245
854,0.5389703767615761,0.46102962323842395
855,0.8999638858793788,0.10003611412062116
856,0.9763120398955117,0.023687960104488245
857,0.666028208253526,0.33397179174647396
858,0.38694992412746587,0.6130500758725341
859,0.9763120398955117,0.023687960104488245
860,0.9763120398955117,0.023687960104488245
861,0.9763120398955117,0.023687960104488245
862,0.8999638858793788,0.10003611412062116
863,0.9763120398955117,0.023687960104488245
864,0.8999638858793788,0.10003611412062116
865,0.8999638858793788,0.10003611412062116
866,0.666028208253526,0.33397179174647396
867,0.666028208253526,0.33397179174647396
868,0.9,0.1
869,0.9763120398955117,0.023687960104488245
870,0.9763120398955117,0.023687960104488245
871,0.5389703767615761,0.46102962323842395
872,0.666028208253526,0.33397179174647396
873,0.20729537366548043,0.7927046263345195
874,0.9763120398955117,0.023687960104488245
875,0.20729537366548043,0.7927046263345195
876,0.5389703767615761,0.46102962323842395
877,0.9,0.1
878,0.38694992412746587,0.6130500758725341
879,0.9763120398955117,0.023687960104488245
880,0.8952478283086357,0.10475217169136433
881,0.8952478283086357,0.10475217169136433
882,0.9763120398955117,0.023687960104488245
883,0.9763120398955117,0.023687960104488245
884,0.666028208253526,0.33397179174647396
885,0.8999638858793788,0.10003611412062116
886,0.38694992412746587,0.6130500758725341
887,0.38694992412746587,0.6130500758725341
888,0.7194950911640954,0.2805049088359046
889,0.38694992412746587,0.6130500758725341
890,0.9,0.1
891,0.9763120398955117,0.023687960104488245
892,0.9763120398955117,0.023687960104488245
893,0.9,0.1
894,0.9763120398955117,0.023687960104488245
895,0.9,0.1
896,0.38694992412746587,0.6130500758725341
897,0.38694992412746587,0.6130500758725341
898,0.8999638858793788,0.10003611412062116
899,0.9763120398955117,0.023687960104488245
900,0.9763120398955117,0.023687960104488245
901,0.9763120398955117,0.023687960104488245
902,0.666028208253526,0.33397179174647396
903,0.9763120398955117,0.023687960104488245
904,0.9763120398955117,0.023687960104488245
905,0.666028208253526,0.33397179174647396
906,0.5701219512195121,0.4298780487804878
907,0.8584183673469388,0.14158163265306123
908,0.9763120398955117,0.023687960104488245
909,0.38694992412746587,0.6130500758725341
910,0.9763120398955117,0.023687960104488245
911,0.666028208253526,0.33397179174647396
912,0.9763120398955117,0.023687960104488245
913,0.20729537366548043,0.7927046263345195
914,0.9763120398955117,0.023687960104488245
915,0.666028208253526,0.33397179174647396
916,0.38694992412746587,0.6130500758725341
917,0.20729537366548043,0.7927046263345195
918,0.9763120398955117,0.023687960104488245
919,0.9763120398955117,0.023687960104488245
920,0.9763120398955117,0.023687960104488245
921,0.9763120398955117,0.023687960104488245
922,0.9763120398955117,0.023687960104488245
923,0.666028208253526,0.33397179174647396
924,0.20729537366548043,0.7927046263345195
925,0.38694992412746587,0.6130500758725341
926,0.9763120398955117,0.023687960104488245
927,0.7194950911640954,0.2805049088359046
928,0.666028208253526,0.33397179174647396
929,0.666028208253526,0.33397179174647396
930,0.666028208253526,0.33397179174647396
931,0.9763120398955117,0.023687960104488245
932,0.9763120398955117,0.023687960104488245
933,0.9763120398955117,0.023687960104488245
934,0.38694992412746587,0.6130500758725341
935,0.38694992412746587,0.6130500758725341
936,0.666028208253526,0.33397179174647396
937,0.38694992412746587,0.6130500758725341
938,0.38694992412746587,0.6130500758725341
939,0.666028208253526,0.33397179174647396
940,0.9763120398955117,0.023687960104488245
941,0.666028208253526,0.33397179174647396
942,0.7967914438502673,0.20320855614973263
943,0.20729537366548043,0.7927046263345195
944,0.9763120398955117,0.023687960104488245
945,0.9763120398955117,0.023687960104488245
946,0.9763120398955117,0.023687960104488245
947,0.9763120398955117,0.023687960104488245
948,0.38694992412746587,0.6130500758725341
949,0.9763120398955117,0.023687960104488245
950,0.38694992412746587,0.6130500758725341
951,0.9763120398955117,0.023687960104488245
952,0.9763120398955117,0.023687960104488245
953,0.9763120398955117,0.023687960104488245
954,0.9763120398955117,0.023687960104488245
955,0.9763120398955117,0.023687960104488245
956,0.9763120398955117,0.023687960104488245
957,0.38694992412746587,0.6130500758725341
958,0.7194950911640954,0.2805049088359046
959,0.5389703767615761,0.46102962323842395
960,0.9763120398955117,0.023687960104488245
961,0.9763120398955117,0.023687960104488245
962,0.5389703767615761,0.46102962323842395
963,0.20729537366548043,0.7927046263345195
964,0.9763120398955117,0.023687960104488245
965,0.8952478283086357,0.10475217169136433
966,0.666028208253526,0.33397179174647396
967,0.5389703767615761,0.46102962323842395
968,0.9,0.1
969,0.7194950911640954,0.2805049088359046
970,0.666028208253526,0.33397179174647396
971,0.20729537366548043,0.7927046263345195
972,0.38694992412746587,0.6130500758725341
973,0.9763120398955117,0.023687960104488245
974,0.8952478283086357,0.10475217169136433
975,0.20729537366548043,0.7927046263345195
976,0.8999638858793788,0.10003611412062116
977,0.9763120398955117,0.023687960104488245
978,0.20729537366548043,0.7927046263345195
979,0.8999638858793788,0.10003611412062116
980,0.5389703767615761,0.46102962323842395
981,0.8952478283086357,0.10475217169136433
982,0.8999638858793788,0.10003611412062116
983,0.9763120398955117,0.023687960104488245
984,0.666028208253526,0.33397179174647396
985,0.9763120398955117,0.023687960104488245
986,0.666028208253526,0.33397179174647396
987,0.8999638858793788,0.10003611412062116
988,0.8952478283086357,0.10475217169136433
989,0.5389703767615761,0.46102962323842395
990,0.38694992412746587,0.6130500758725341
991,0.666028208253526,0.33397179174647396
992,0.9763120398955117,0.023687960104488245
993,0.9763120398955117,0.023687960104488245
994,0.38694992412746587,0.6130500758725341
995,0.9763120398955117,0.023687960104488245
996,0.38694992412746587,0.6130500758725341
997,0.9763120398955117,0.023687960104488245
998,0.38694992412746587,0.6130500758725341
999,0.8952478283086357,0.10475217169136433
1000,0.666028208253526,0.33397179174647396
1001,0.7967914438502673,0.20320855614973263
1002,0.38694992412746587,0.6130500758725341
1003,0.8584183673469388,0.14158163265306123
1004,0.9763120398955117,0.023687960104488245
1005,0.9763120398955117,0.023687960104488245
1006,0.666028208253526,0.33397179174647396
1007,0.20729537366548043,0.7927046263345195
1008,0.9,0.1
1009,0.9763120398955117,0.023687960104488245
1010,0.9763120398955117,0.023687960104488245
1011,0.5389703767615761,0.46102962323842395
1012,0.8999638858793788,0.10003611412062116
1013,0.9763120398955117,0.023687960104488245
1014,0.5389703767615761,0.46102962323842395
1015,0.8584183673469388,0.14158163265306123
1016,0.9763120398955117,0.023687960104488245
1017,0.7967914438502673,0.20320855614973263
1018,0.9763120398955117,0.023687960104488245
1019,0.9763120398955117,0.023687960104488245
1020,0.9763120398955117,0.023687960104488245
1021,0.9763120398955117,0.023687960104488245
1022,0.38694992412746587,0.6130500758725341
1023,0.9763120398955117,0.023687960104488245
1024,0.9763120398955117,0.023687960104488245
1025,0.5701219512195121,0.4298780487804878
1026,0.8999638858793788,0.10003611412062116
1027,0.38694992412746587,0.6130500758725341
1028,0.38694992412746587,0.6130500758725341
1029,0.38694992412746587,0.6130500758725341
1030,0.38694992412746587,0.6130500758725341
1031,0.9,0.1
1032,0.9763120398955117,0.023687960104488245
1033,0.38694992412746587,0.6130500758725341
1034,0.9763120398955117,0.023687960104488245
1035,0.9763120398955117,0.023687960104488245
1036,0.20729537366548043,0.7927046263345195
1037,0.9763120398955117,0.023687960104488245
1038,0.666028208253526,0.33397179174647396
1039,0.666028208253526,0.33397179174647396
1040,0.9763120398955117,0.023687960104488245
1041,0.9763120398955117,0.023687960104488245
1042,0.38694992412746587,0.6130500758725341
1043,0.666028208253526,0.33397179174647396
1044,0.6047619047619047,0.3952380952380952
1045,0.9763120398955117,0.023687960104488245
1046,0.9763120398955117,0.023687960104488245
1047,0.666028208253526,0.33397179174647396
1048,0.666028208253526,0.33397179174647396
1049,0.666028208253526,0.33397179174647396
1050,0.9763120398955117,0.023687960104488245
1051,0.666028208253526,0.33397179174647396
1052,0.8999638858793788,0.10003611412062116
1053,0.20729537366548043,0.7927046263345195
1054,0.20729537366548043,0.7927046263345195
1055,0.9763120398955117,0.023687960104488245
1056,0.9763120398955117,0.023687960104488245
1057,0.9763120398955117,0.023687960104488245
1058,0.8952478283086357,0.10475217169136433
1059,0.5701219512195121,0.4298780487804878
1060,0.8952478283086357,0.10475217169136433
1061,0.38694992412746587,0.6130500758725341
1062,0.5389703767615761,0.46102962323842395
1063,0.20729537366548043,0.7927046263345195
1064,0.38694992412746587,0.6130500758725341
1065,0.8999638858793788,0.10003611412062116
1066,0.38694992412746587,0.6130500758725341
1067,0.9,0.1
1068,0.5389703767615761,0.46102962323842395
1069,0.38694992412746587,0.6130500758725341
1070,0.9763120398955117,0.023687960104488245
1071,0.38694992412746587,0.6130500758725341
1072,0.9763120398955117,0.023687960104488245
1073,0.38694992412746587,0.6130500758725341
1074,0.5701219512195121,0.4298780487804878
1075,0.666028208253526,0.33397179174647396
1076,0.9763120398955117,0.023687960104488245
1077,0.666028208253526,0.33397179174647396
1078,0.9763120398955117,0.023687960104488245
1079,0.38694992412746587,0.6130500758725341
1080,0.7194950911640954,0.2805049088359046
1081,0.5389703767615761,0.46102962323842395
1082,0.9763120398955117,0.023687960104488245
1083,0.666028208253526,0.33397179174647396
1084,0.9763120398955117,0.023687960104488245
1085,0.8999638858793788,0.10003611412062116
1086,0.8952478283086357,0.10475217169136433
1087,0.9763120398955117,0.023687960104488245
1088,0.20729537366548043,0.7927046263345195
1089,0.9763120398955117,0.023687960104488245
1090,0.9763120398955117,0.023687960104488245
1091,0.9763120398955117,0.023687960104488245
1092,0.8584183673469388,0.14158163265306123
1093,0.9763120398955117,0.023687960104488245
1094,0.38694992412746587,0.6130500758725341
1095,0.9763120398955117,0.023687960104488245
1096,0.7967914438502673,0.20320855614973263
1097,0.5389703767615761,0.46102962323842395
1098,0.38694992412746587,0.6130500758725341
1099,0.38694992412746587,0.6130500758725341
1100,0.5389703767615761,0.46102962323842395
1101,0.9763120398955117,0.023687960104488245
1102,0.7194950911640954,0.2805049088359046
1103,0.38694992412746587,0.6130500758725341
1104,0.9763120398955117,0.023687960104488245
1105,0.666028208253526,0.33397179174647396
1106,0.5701219512195121,0.4298780487804878
1107,0.666028208253526,0.33397179174647396
1108,0.38694992412746587,0.6130500758725341
1109,0.9763120398955117,0.023687960104488245
1110,0.666028208253526,0.33397179174647396
1111,0.8999638858793788,0.10003611412062116
1112,0.666028208253526,0.33397179174647396
1113,0.5389703767615761,0.46102962323842395
1114,0.666028208253526,0.33397179174647396
1115,0.9763120398955117,0.023687960104488245
1116,0.9763120398955117,0.023687960104488245
1117,0.5389703767615761,0.46102962323842395
1118,0.8584183673469388,0.14158163265306123
1119,0.666028208253526,0.33397179174647396
1120,0.9763120398955117,0.023687960104488245
1121,0.9763120398955117,0.023687960104488245
1122,0.9763120398955117,0.023687960104488245
1123,0.9,0.1
1124,0.8999638858793788,0.10003611412062116
1125,0.8999638858793788,0.10003611412062116
1126,0.20729537366548043,0.7927046263345195
1127,0.9763120398955117,0.023687960104488245
1128,0.9763120398955117,0.023687960104488245
1129,0.666028208253526,0.33397179174647396
1130,0.5389703767615761,0.46102962323842395
1131,0.9763120398955117,0.023687960104488245
1132,0.9,0.1
1133,0.9763120398955117,0.023687960104488245
1134,0.9763120398955117,0.023687960104488245
1135,0.5389703767615761,0.46102962323842395
1136,0.9763120398955117,0.023687960104488245
1137,0.8999638858793788,0.10003611412062116
1138,0.9763120398955117,0.023687960104488245
1139,0.9763120398955117,0.023687960104488245
1140,0.9763120398955117,0.023687960104488245
1141,0.5389703767615761,0.46102962323842395
1142,0.9763120398955117,0.023687960104488245
1143,0.9763120398955117,0.023687960104488245
1144,0.7967914438502673,0.20320855614973263
1145,0.8952478283086357,0.10475217169136433
1146,0.9763120398955117,0.023687960104488245
1147,0.7194950911640954,0.2805049088359046
1148,0.5389703767615761,0.46102962323842395
1149,0.20729537366548043,0.7927046263345195
1150,0.9763120398955117,0.023687960104488245
1151,0.666028208253526,0.33397179174647396
1152,0.9763120398955117,0.023687960104488245
1153,0.666028208253526,0.33397179174647396
1154,0.8584183673469388,0.14158163265306123
1155,0.20729537366548043,0.7927046263345195
1156,0.666028208253526,0.33397179174647396
1157,0.666028208253526,0.33397179174647396
1158,0.5389703767615761,0.46102962323842395
1159,0.38694992412746587,0.6130500758725341
1160,0.9763120398955117,0.023687960104488245
1161,0.9763120398955117,0.023687960104488245
1162,0.8999638858793788,0.10003611412062116
1163,0.38694992412746587,0.6130500758725341
1164,0.9763120398955117,0.023687960104488245
1165,0.666028208253526,0.33397179174647396
1166,0.20729537366548043,0.7927046263345195
1167,0.666028208253526,0.33397179174647396
1168,0.20729537366548043,0.7927046263345195
1169,0.20729537366548043,0.7927046263345195
1170,0.20729537366548043,0.7927046263345195
1171,0.9763120398955117,0.023687960104488245
1172,0.5389703767615761,0.46102962323842395
1173,0.20729537366548043,0.7927046263345195
1174,0.9763120398955117,0.023687960104488245
1175,0.38694992412746587,0.6130500758725341
1176,0.5389703767615761,0.46102962323842395
1177,0.9763120398955117,0.023687960104488245
1178,0.5389703767615761,0.46102962323842395
1179,0.9,0.1
1180,0.9763120398955117,0.023687960104488245
1181,0.9763120398955117,0.023687960104488245
1182,0.666028208253526,0.33397179174647396
1183,0.9,0.1
1184,0.5389703767615761,0.46102962323842395
1185,0.9763120398955117,0.023687960104488245
1186,0.9763120398955117,0.023687960104488245
1187,0.666028208253526,0.33397179174647396
1188,0.9763120398955117,0.023687960104488245
1189,0.7194950911640954,0.2805049088359046
1190,0.666028208253526,0.33397179174647396
1191,0.666028208253526,0.33397179174647396
1192,0.9763120398955117,0.023687960104488245
1193,0.7194950911640954,0.2805049088359046
1194,0.666028208253526,0.33397179174647396
1195,0.9763120398955117,0.023687960104488245
1196,0.9763120398955117,0.023687960104488245
1197,0.38694992412746587,0.6130500758725341
1198,0.5701219512195121,0.4298780487804878
1199,0.9763120398955117,0.023687960104488245
1200,0.666028208253526,0.33397179174647396
1201,0.666028208253526,0.33397179174647396
1202,0.666028208253526,0.33397179174647396
1203,0.666028208253526,0.33397179174647396
1204,0.666028208253526,0.33397179174647396
1205,0.8584183673469388,0.14158163265306123
1206,0.8999638858793788,0.10003611412062116
1207,0.8999638858793788,0.10003611412062116
1208,0.8999638858793788,0.10003611412062116
1209,0.7747524752475248,0.22524752475247525
1210,0.666028208253526,0.33397179174647396
1211,0.8952478283086357,0.10475217169136433
1212,0.5389703767615761,0.46102962323842395
1213,0.9763120398955117,0.023687960104488245
1214,0.9763120398955117,0.023687960104488245
1215,0.9763120398955117,0.023687960104488245
1216,0.20729537366548043,0.7927046263345195
1217,0.666028208253526,0.33397179174647396
1218,0.5389703767615761,0.46102962323842395
1219,0.6047619047619047,0.3952380952380952
1220,0.9763120398955117,0.023687960104488245
1221,0.9763120398955117,0.023687960104488245
1222,0.9763120398955117,0.023687960104488245
1223,0.38694992412746587,0.6130500758725341
1224,0.20729537366548043,0.7927046263345195
1225,0.5389703767615761,0.46102962323842395
1226,0.38694992412746587,0.6130500758725341
1227,0.7967914438502673,0.20320855614973263
1228,0.20729537366548043,0.7927046263345195
1229,0.7194950911640954,0.2805049088359046
1230,0.38694992412746587,0.6130500758725341
1231,0.9763120398955117,0.023687960104488245
1232,0.9763120398955117,0.023687960104488245
1233,0.9763120398955117,0.023687960104488245
1234,0.9763120398955117,0.023687960104488245
1235,0.9,0.1
1236,0.20729537366548043,0.7927046263345195
1237,0.9763120398955117,0.023687960104488245
1238,0.9763120398955117,0.023687960104488245
1239,0.38694992412746587,0.6130500758725341
1240,0.38694992412746587,0.6130500758725341
1241,0.666028208253526,0.33397179174647396
1242,0.20729537366548043,0.7927046263345195
1243,0.9763120398955117,0.023687960104488245
1244,0.666028208253526,0.33397179174647396
1245,0.9763120398955117,0.023687960104488245
1246,0.9763120398955117,0.023687960104488245
1247,0.9763120398955117,0.023687960104488245
1248,0.8584183673469388,0.14158163265306123
1249,0.9,0.1
1250,0.9763120398955117,0.023687960104488245
1251,0.38694992412746587,0.6130500758725341
1252,0.9763120398955117,0.023687960104488245
1253,0.5389703767615761,0.46102962323842395
1254,0.9763120398955117,0.023687960104488245
1255,0.9,0.1
1256,0.9763120398955117,0.023687960104488245
1257,0.5389703767615761,0.46102962323842395
1258,0.8999638858793788,0.10003611412062116
1259,0.38694992412746587,0.6130500758725341
1260,0.5389703767615761,0.46102962323842395
1261,0.9763120398955117,0.023687960104488245
1262,0.666028208253526,0.33397179174647396
1263,0.666028208253526,0.33397179174647396
1264,0.38694992412746587,0.6130500758725341
1265,0.7967914438502673,0.20320855614973263
1266,0.9763120398955117,0.023687960104488245
1267,0.38694992412746587,0.6130500758725341
1268,0.8952478283086357,0.10475217169136433
1269,0.9763120398955117,0.023687960104488245
1270,0.9763120398955117,0.023687960104488245
1271,0.38694992412746587,0.6130500758725341
1272,0.38694992412746587,0.6130500758725341
1273,0.5389703767615761,0.46102962323842395
1274,0.9763120398955117,0.023687960104488245
1275,0.5389703767615761,0.46102962323842395
1276,0.20729537366548043,0.7927046263345195
1277,0.38694992412746587,0.6130500758725341
1278,0.20729537366548043,0.7927046263345195
1279,0.9763120398955117,0.023687960104488245
1280,0.8999638858793788,0.10003611412062116
1281,0.666028208253526,0.33397179174647396
1282,0.9763120398955117,0.023687960104488245
1283,0.9,0.1
1284,0.7194950911640954,0.2805049088359046
1285,0.9763120398955117,0.023687960104488245
1286,0.666028208253526,0.33397179174647396
1287,0.9763120398955117,0.023687960104488245
1288,0.5389703767615761,0.46102962323842395
1289,0.9763120398955117,0.023687960104488245
1290,0.9763120398955117,0.023687960104488245
1291,0.9763120398955117,0.023687960104488245
1292,0.20729537366548043,0.7927046263345195
1293,0.20729537366548043,0.7927046263345195
1294,0.20729537366548043,0.7927046263345195
1295,0.38694992412746587,0.6130500758725341
1296,0.7194950911640954,0.2805049088359046
1297,0.5389703767615761,0.46102962323842395
1298,0.8566308243727598,0.14336917562724014
1299,0.9763120398955117,0.023687960104488245
1300,0.7967914438502673,0.20320855614973263
1301,0.8952478283086357,0.10475217169136433
1302,0.5389703767615761,0.46102962323842395
1303,0.20729537366548043,0.7927046263345195
1304,0.9763120398955117,0.023687960104488245
1305,0.9763120398955117,0.023687960104488245
1306,0.9763120398955117,0.023687960104488245
1307,0.666028208253526,0.33397179174647396
1308,0.9763120398955117,0.023687960104488245
1309,0.9,0.1
1310,0.5389703767615761,0.46102962323842395
1311,0.8566308243727598,0.14336917562724014
1312,0.8584183673469388,0.14158163265306123
1313,0.9763120398955117,0.023687960104488245
1314,0.5389703767615761,0.46102962323842395
1315,0.9763120398955117,0.023687960104488245
1316,0.9,0.1
1317,0.8584183673469388,0.14158163265306123
1318,0.9763120398955117,0.023687960104488245
1319,0.9763120398955117,0.023687960104488245
1320,0.7194950911640954,0.2805049088359046
1321,0.38694992412746587,0.6130500758725341
1322,0.8999638858793788,0.10003611412062116
1323,0.5389703767615761,0.46102962323842395
1324,0.9763120398955117,0.023687960104488245
1325,0.38694992412746587,0.6130500758725341
1326,0.7194950911640954,0.2805049088359046
1327,0.9763120398955117,0.023687960104488245
1328,0.666028208253526,0.33397179174647396
1329,0.8952478283086357,0.10475217169136433
1330,0.666028208253526,0.33397179174647396
1331,0.20729537366548043,0.7927046263345195
1332,0.666028208253526,0.33397179174647396
1333,0.9763120398955117,0.023687960104488245
1334,0.38694992412746587,0.6130500758725341
1335,0.9763120398955117,0.023687960104488245
1336,0.9763120398955117,0.023687960104488245
1337,0.38694992412746587,0.6130500758725341
1338,0.20729537366548043,0.7927046263345195
1339,0.9763120398955117,0.023687960104488245
1340,0.9763120398955117,0.023687960104488245
1341,0.666028208253526,0.33397179174647396
1342,0.9763120398955117,0.023687960104488245
1343,0.9763120398955117,0.023687960104488245
1344,0.9763120398955117,0.023687960104488245
1345,0.38694992412746587,0.6130500758725341
1346,0.7194950911640954,0.2805049088359046
1347,0.666028208253526,0.33397179174647396
1348,0.38694992412746587,0.6130500758725341
1349,0.8952478283086357,0.10475217169136433
1350,0.5389703767615761,0.46102962323842395
1351,0.5389703767615761,0.46102962323842395
1352,0.9763120398955117,0.023687960104488245
1353,0.7747524752475248,0.22524752475247525
1354,0.38694992412746587,0.6130500758725341
1355,0.9763120398955117,0.023687960104488245
1356,0.9763120398955117,0.023687960104488245
1357,0.9,0.1
1358,0.7967914438502673,0.20320855614973263
1359,0.9763120398955117,0.023687960104488245
1360,0.7194950911640954,0.2805049088359046
1361,0.666028208253526,0.33397179174647396
1362,0.9763120398955117,0.023687960104488245
1363,0.9763120398955117,0.023687960104488245
1364,0.8999638858793788,0.10003611412062116
1365,0.38694992412746587,0.6130500758725341
1366,0.20729537366548043,0.7927046263345195
1367,0.5389703767615761,0.46102962323842395
1368,0.38694992412746587,0.6130500758725341
1369,0.666028208253526,0.33397179174647396
1370,0.7967914438502673,0.20320855614973263
1371,0.9763120398955117,0.023687960104488245
1372,0.8999638858793788,0.10003611412062116
1373,0.5389703767615761,0.46102962323842395
1374,0.20729537366548043,0.7927046263345195
1375,0.5389703767615761,0.46102962323842395
1376,0.9763120398955117,0.023687960104488245
1377,0.8999638858793788,0.10003611412062116
1378,0.9,0.1
1379,0.7194950911640954,0.2805049088359046
1380,0.6047619047619047,0.3952380952380952
1381,0.666028208253526,0.33397179174647396
1382,0.20729537366548043,0.7927046263345195
1383,0.9763120398955117,0.023687960104488245
1384,0.9763120398955117,0.023687960104488245
1385,0.9763120398955117,0.023687960104488245
1386,0.20729537366548043,0.7927046263345195
1387,0.666028208253526,0.33397179174647396
1388,0.666028208253526,0.33397179174647396
1389,0.5389703767615761,0.46102962323842395
1390,0.8584183673469388,0.14158163265306123
1391,0.9763120398955117,0.023687960104488245
1392,0.9763120398955117,0.023687960104488245
1393,0.9763120398955117,0.023687960104488245
1394,0.9763120398955117,0.023687960104488245
1395,0.5389703767615761,0.46102962323842395
1396,0.9763120398955117,0.023687960104488245
1397,0.9,0.1
1398,0.8999638858793788,0.10003611412062116
1399,0.9763120398955117,0.023687960104488245
1400,0.9763120398955117,0.023687960104488245
1401,0.666028208253526,0.33397179174647396
1402,0.9763120398955117,0.023687960104488245
1403,0.9763120398955117,0.023687960104488245
1404,0.666028208253526,0.33397179174647396
1405,0.9763120398955117,0.023687960104488245
1406,0.8999638858793788,0.10003611412062116
1407,0.9763120398955117,0.023687960104488245
1408,0.38694992412746587,0.6130500758725341
1409,0.9763120398955117,0.023687960104488245
1410,0.5389703767615761,0.46102962323842395
1411,0.9763120398955117,0.023687960104488245
1412,0.38694992412746587,0.6130500758725341
1413,0.5389703767615761,0.46102962323842395
1414,0.20729537366548043,0.7927046263345195
1415,0.9763120398955117,0.023687960104488245
1416,0.9763120398955117,0.023687960104488245
1417,0.9763120398955117,0.023687960104488245
1418,0.30357142857142855,0.6964285714285714
1419,0.666028208253526,0.33397179174647396
1420,0.8999638858793788,0.10003611412062116
1421,0.38694992412746587,0.6130500758725341
1422,0.38694992412746587,0.6130500758725341
1423,0.9763120398955117,0.023687960104488245
1424,0.20729537366548043,0.7927046263345195
1425,0.9763120398955117,0.023687960104488245
1426,0.9763120398955117,0.023687960104488245
1427,0.666028208253526,0.33397179174647396
1428,0.8999638858793788,0.10003611412062116
1429,0.5389703767615761,0.46102962323842395
1430,0.9,0.1
1431,0.8999638858793788,0.10003611412062116
1432,0.666028208253526,0.33397179174647396
1433,0.9763120398955117,0.023687960104488245
1434,0.38694992412746587,0.6130500758725341
1435,0.5389703767615761,0.46102962323842395
1436,0.9763120398955117,0.023687960104488245
1437,0.5701219512195121,0.4298780487804878
1438,0.666028208253526,0.33397179174647396
1439,0.9763120398955117,0.023687960104488245
1440,0.20729537366548043,0.7927046263345195
1441,0.666028208253526,0.33397179174647396
1442,0.5389703767615761,0.46102962323842395
1443,0.38694992412746587,0.6130500758725341
1444,0.5389703767615761,0.46102962323842395
1445,0.5389703767615761,0.46102962323842395
1446,0.5389703767615761,0.46102962323842395
1447,0.666028208253526,0.33397179174647396
1448,0.9763120398955117,0.023687960104488245
1449,0.9763120398955117,0.023687960104488245
1450,0.8952478283086357,0.10475217169136433
1451,0.9763120398955117,0.023687960104488245
1452,0.8566308243727598,0.14336917562724014
1453,0.38694992412746587,0.6130500758725341
1454,0.38694992412746587,0.6130500758725341
1455,0.8999638858793788,0.10003611412062116
1456,0.9763120398955117,0.023687960104488245
1457,0.9763120398955117,0.023687960104488245
1458,0.38694992412746587,0.6130500758725341
1459,0.9763120398955117,0.023687960104488245
1460,0.666028208253526,0.33397179174647396
1461,0.8999638858793788,0.10003611412062116
1462,0.8999638858793788,0.10003611412062116
1463,0.9763120398955117,0.023687960104488245
1464,0.38694992412746587,0.6130500758725341
1465,0.7967914438502673,0.20320855614973263
1466,0.9763120398955117,0.023687960104488245
1467,0.38694992412746587,0.6130500758725341
1468,0.5389703767615761,0.46102962323842395
1469,0.38694992412746587,0.6130500758725341
1470,0.38694992412746587,0.6130500758725341
1471,0.9763120398955117,0.023687960104488245
1472,0.8999638858793788,0.10003611412062116
1473,0.7967914438502673,0.20320855614973263
1474,0.9763120398955117,0.023687960104488245
1475,0.9763120398955117,0.023687960104488245
1476,0.8952478283086357,0.10475217169136433
1477,0.666028208253526,0.33397179174647396
1478,0.9763120398955117,0.023687960104488245
1479,0.9763120398955117,0.023687960104488245
1480,0.666028208253526,0.33397179174647396
1481,0.9763120398955117,0.023687960104488245
1482,0.9763120398955117,0.023687960104488245
1483,0.8952478283086357,0.10475217169136433
1484,0.666028208253526,0.33397179174647396
1485,0.8999638858793788,0.10003611412062116
1486,0.7747524752475248,0.22524752475247525
1487,0.38694992412746587,0.6130500758725341
1488,0.9,0.1
1489,0.8952478283086357,0.10475217169136433
1490,0.666028208253526,0.33397179174647396
1491,0.8584183673469388,0.14158163265306123
1492,0.9,0.1
1493,0.9763120398955117,0.023687960104488245
1494,0.666028208253526,0.33397179174647396
1495,0.9,0.1
1496,0.38694992412746587,0.6130500758725341
1497,0.8952478283086357,0.10475217169136433
1498,0.8999638858793788,0.10003611412062116
1499,0.9763120398955117,0.023687960104488245
1500,0.8952478283086357,0.10475217169136433
1501,0.38694992412746587,0.6130500758725341
1502,0.9763120398955117,0.023687960104488245
1503,0.5389703767615761,0.46102962323842395
1504,0.9763120398955117,0.023687960104488245
1505,0.9763120398955117,0.023687960104488245
1506,0.9763120398955117,0.023687960104488245
1507,0.38694992412746587,0.6130500758725341
1508,0.38694992412746587,0.6130500758725341
1509,0.666028208253526,0.33397179174647396
1510,0.5389703767615761,0.46102962323842395
1511,0.9763120398955117,0.023687960104488245
1512,0.9,0.1
1513,0.5389703767615761,0.46102962323842395
1514,0.9763120398955117,0.023687960104488245
1515,0.5389703767615761,0.46102962323842395
1516,0.38694992412746587,0.6130500758725341
1517,0.8952478283086357,0.10475217169136433
1518,0.9763120398955117,0.023687960104488245
1519,0.666028208253526,0.33397179174647396
1520,0.20729537366548043,0.7927046263345195
1521,0.38694992412746587,0.6130500758725341
1522,0.20729537366548043,0.7927046263345195
1523,0.9763120398955117,0.023687960104488245
1524,0.666028208253526,0.33397179174647396
1525,0.9,0.1
1526,0.7967914438502673,0.20320855614973263
1527,0.9,0.1
1528,0.9763120398955117,0.023687960104488245
1529,0.9763120398955117,0.023687960104488245
1530,0.9763120398955117,0.023687960104488245
1531,0.38694992412746587,0.6130500758725341
1532,0.38694992412746587,0.6130500758725341
1533,0.9763120398955117,0.023687960104488245
1534,0.666028208253526,0.33397179174647396
1535,0.666028208253526,0.33397179174647396
1536,0.9763120398955117,0.023687960104488245
1537,0.666028208253526,0.33397179174647396
1538,0.9763120398955117,0.023687960104488245
1539,0.9763120398955117,0.023687960104488245
1540,0.9763120398955117,0.023687960104488245
1541,0.9763120398955117,0.023687960104488245
1542,0.5389703767615761,0.46102962323842395
1543,0.8952478283086357,0.10475217169136433
1544,0.9763120398955117,0.023687960104488245
1545,0.9763120398955117,0.023687960104488245
1546,0.666028208253526,0.33397179174647396
1547,0.38694992412746587,0.6130500758725341
1548,0.5389703767615761,0.46102962323842395
1549,0.8999638858793788,0.10003611412062116
1550,0.5389703767615761,0.46102962323842395
1551,0.9763120398955117,0.023687960104488245
1552,0.9763120398955117,0.023687960104488245
1553,0.666028208253526,0.33397179174647396
1554,0.9763120398955117,0.023687960104488245
1555,0.9763120398955117,0.023687960104488245
1556,0.9763120398955117,0.023687960104488245
1557,0.8999638858793788,0.10003611412062116
1558,0.9763120398955117,0.023687960104488245
1559,0.9763120398955117,0.023687960104488245
1560,0.9763120398955117,0.023687960104488245
1561,0.38694992412746587,0.6130500758725341
1562,0.9763120398955117,0.023687960104488245
1563,0.9763120398955117,0.023687960104488245
1564,0.38694992412746587,0.6130500758725341
1565,0.9763120398955117,0.023687960104488245
1566,0.8999638858793788,0.10003611412062116
1567,0.9763120398955117,0.023687960104488245
1568,0.666028208253526,0.33397179174647396
1569,0.9763120398955117,0.023687960104488245
1570,0.20729537366548043,0.7927046263345195
1571,0.9763120398955117,0.023687960104488245
1572,0.9,0.1
1573,0.9763120398955117,0.023687960104488245
1574,0.9763120398955117,0.023687960104488245
1575,0.8952478283086357,0.10475217169136433
1576,0.38694992412746587,0.6130500758725341
1577,0.9,0.1
1578,0.8999638858793788,0.10003611412062116
1579,0.5389703767615761,0.46102962323842395
1580,0.9763120398955117,0.023687960104488245
1581,0.9763120398955117,0.023687960104488245
1582,0.666028208253526,0.33397179174647396
1583,0.9763120398955117,0.023687960104488245
1584,0.8566308243727598,0.14336917562724014
1585,0.9763120398955117,0.023687960104488245
1586,0.9763120398955117,0.023687960104488245
1587,0.9763120398955117,0.023687960104488245
1588,0.38694992412746587,0.6130500758725341
1589,0.666028208253526,0.33397179174647396
1590,0.9763120398955117,0.023687960104488245
1591,0.9,0.1
1592,0.8999638858793788,0.10003611412062116
1593,0.9763120398955117,0.023687960104488245
1594,0.9763120398955117,0.023687960104488245
1595,0.9763120398955117,0.023687960104488245
1596,0.9763120398955117,0.023687960104488245
1597,0.5389703767615761,0.46102962323842395
1598,0.9763120398955117,0.023687960104488245
1599,0.9763120398955117,0.023687960104488245
1600,0.20729537366548043,0.7927046263345195
1601,0.5389703767615761,0.46102962323842395
1602,0.9763120398955117,0.023687960104488245
1603,0.8566308243727598,0.14336917562724014
1604,0.7967914438502673,0.20320855614973263
1605,0.9763120398955117,0.023687960104488245
1606,0.9763120398955117,0.023687960104488245
1607,0.9763120398955117,0.023687960104488245
1608,0.9763120398955117,0.023687960104488245
1609,0.38694992412746587,0.6130500758725341
1610,0.38694992412746587,0.6130500758725341
1611,0.9763120398955117,0.023687960104488245
1612,0.8999638858793788,0.10003611412062116
1613,0.5389703767615761,0.46102962323842395
1614,0.666028208253526,0.33397179174647396
1615,0.666028208253526,0.33397179174647396
1616,0.7194950911640954,0.2805049088359046
1617,0.8999638858793788,0.10003611412062116
1618,0.5701219512195121,0.4298780487804878
1619,0.5389703767615761,0.46102962323842395
1620,0.9,0.1
1621,0.20729537366548043,0.7927046263345195
1622,0.8999638858793788,0.10003611412062116
1623,0.9763120398955117,0.023687960104488245
1624,0.9763120398955117,0.023687960104488245
1625,0.9763120398955117,0.023687960104488245
1626,0.666028208253526,0.33397179174647396
1627,0.38694992412746587,0.6130500758725341
1628,0.9763120398955117,0.023687960104488245
1629,0.8999638858793788,0.10003611412062116
1630,0.38694992412746587,0.6130500758725341
1631,0.9763120398955117,0.023687960104488245
1632,0.38694992412746587,0.6130500758725341
1633,0.8566308243727598,0.14336917562724014
1634,0.9763120398955117,0.023687960104488245
1635,0.20729537366548043,0.7927046263345195
1636,0.9763120398955117,0.023687960104488245
1637,0.666028208253526,0.33397179174647396
1638,0.8952478283086357,0.10475217169136433
1639,0.38694992412746587,0.6130500758725341
1640,0.9763120398955117,0.023687960104488245
1641,0.8584183673469388,0.14158163265306123
1642,0.38694992412746587,0.6130500758725341
1643,0.9763120398955117,0.023687960104488245
1644,0.7747524752475248,0.22524752475247525
1645,0.8566308243727598,0.14336917562724014
1646,0.9763120398955117,0.023687960104488245
1647,0.8999638858793788,0.10003611412062116
1648,0.5389703767615761,0.46102962323842395
1649,0.666028208253526,0.33397179174647396
1650,0.20729537366548043,0.7927046263345195
1651,0.9763120398955117,0.023687960104488245
1652,0.38694992412746587,0.6130500758725341
1653,0.8999638858793788,0.10003611412062116
1654,0.20729537366548043,0.7927046263345195
1655,0.38694992412746587,0.6130500758725341
1656,0.666028208253526,0.33397179174647396
1657,0.38694992412746587,0.6130500758725341
1658,0.5389703767615761,0.46102962323842395
1659,0.9,0.1
1660,0.9763120398955117,0.023687960104488245
1661,0.8952478283086357,0.10475217169136433
1662,0.38694992412746587,0.6130500758725341
1663,0.38694992412746587,0.6130500758725341
1664,0.8584183673469388,0.14158163265306123
1665,0.38694992412746587,0.6130500758725341
1666,0.8999638858793788,0.10003611412062116
1667,0.9763120398955117,0.023687960104488245
1668,0.9763120398955117,0.023687960104488245
1669,0.7194950911640954,0.2805049088359046
1670,0.5389703767615761,0.46102962323842395
1671,0.9763120398955117,0.023687960104488245
1672,0.20729537366548043,0.7927046263345195
1673,0.666028208253526,0.33397179174647396
1674,0.8584183673469388,0.14158163265306123
1675,0.9763120398955117,0.023687960104488245
1676,0.38694992412746587,0.6130500758725341
1677,0.9763120398955117,0.023687960104488245
1678,0.38694992412746587,0.6130500758725341
1679,0.5389703767615761,0.46102962323842395
1680,0.9763120398955117,0.023687960104488245
1681,0.9763120398955117,0.023687960104488245
1682,0.20729537366548043,0.7927046263345195
1683,0.8952478283086357,0.10475217169136433
1684,0.38694992412746587,0.6130500758725341
1685,0.9763120398955117,0.023687960104488245
1686,0.9763120398955117,0.023687960104488245
1687,0.8999638858793788,0.10003611412062116
1688,0.9763120398955117,0.023687960104488245
1689,0.9763120398955117,0.023687960104488245
1690,0.8952478283086357,0.10475217169136433
1691,0.9763120398955117,0.023687960104488245
1692,0.38694992412746587,0.6130500758725341
1693,0.9763120398955117,0.023687960104488245
1694,0.9763120398955117,0.023687960104488245
1695,0.9763120398955117,0.023687960104488245
1696,0.666028208253526,0.33397179174647396
1697,0.9763120398955117,0.023687960104488245
1698,0.5389703767615761,0.46102962323842395
1699,0.5389703767615761,0.46102962323842395
1700,0.8999638858793788,0.10003611412062116
1701,0.9763120398955117,0.023687960104488245
1702,0.9,0.1
1703,0.5389703767615761,0.46102962323842395
1704,0.666028208253526,0.33397179174647396
1705,0.9,0.1
1706,0.8999638858793788,0.10003611412062116
1707,0.9,0.1
1708,0.666028208253526,0.33397179174647396
1709,0.8999638858793788,0.10003611412062116
1710,0.666028208253526,0.33397179174647396
1711,0.666028208253526,0.33397179174647396
1712,0.20729537366548043,0.7927046263345195
1713,0.8999638858793788,0.10003611412062116
1714,0.8566308243727598,0.14336917562724014
1715,0.8952478283086357,0.10475217169136433
1716,0.7194950911640954,0.2805049088359046
1717,0.9763120398955117,0.023687960104488245
1718,0.9,0.1
1719,0.38694992412746587,0.6130500758725341
1720,0.666028208253526,0.33397179174647396
1721,0.9763120398955117,0.023687960104488245
1722,0.666028208253526,0.33397179174647396
1723,0.9763120398955117,0.023687960104488245
1724,0.20729537366548043,0.7927046263345195
1725,0.5389703767615761,0.46102962323842395
1726,0.9763120398955117,0.023687960104488245
1727,0.8999638858793788,0.10003611412062116
1728,0.38694992412746587,0.6130500758725341
1729,0.8999638858793788,0.10003611412062116
1730,0.5389703767615761,0.46102962323842395
1731,0.9763120398955117,0.023687960104488245
1732,0.9763120398955117,0.023687960104488245
1733,0.9763120398955117,0.023687960104488245
1734,0.38694992412746587,0.6130500758725341
1735,0.666028208253526,0.33397179174647396
1736,0.9763120398955117,0.023687960104488245
1737,0.9763120398955117,0.023687960104488245
1738,0.38694992412746587,0.6130500758725341
1739,0.8999638858793788,0.10003611412062116
1740,0.38694992412746587,0.6130500758725341
1741,0.666028208253526,0.33397179174647396
1742,0.5389703767615761,0.46102962323842395
1743,0.5701219512195121,0.4298780487804878
1744,0.5389703767615761,0.46102962323842395
1745,0.9763120398955117,0.023687960104488245
1746,0.8584183673469388,0.14158163265306123
1747,0.9763120398955117,0.023687960104488245
1748,0.9763120398955117,0.023687960104488245
1749,0.5389703767615761,0.46102962323842395
1750,0.5389703767615761,0.46102962323842395
1751,0.9763120398955117,0.023687960104488245
1752,0.666028208253526,0.33397179174647396
1753,0.9763120398955117,0.023687960104488245
1754,0.666028208253526,0.33397179174647396
1755,0.20729537366548043,0.7927046263345195
1756,0.666028208253526,0.33397179174647396
1757,0.9763120398955117,0.023687960104488245
1758,0.20729537366548043,0.7927046263345195
1759,0.9763120398955117,0.023687960104488245
1760,0.8952478283086357,0.10475217169136433
1761,0.9763120398955117,0.023687960104488245
1762,0.20729537366548043,0.7927046263345195
1763,0.9763120398955117,0.023687960104488245
1764,0.9763120398955117,0.023687960104488245
1765,0.9763120398955117,0.023687960104488245
1766,0.38694992412746587,0.6130500758725341
1767,0.666028208253526,0.33397179174647396
1768,0.8999638858793788,0.10003611412062116
1769,0.666028208253526,0.33397179174647396
1770,0.8999638858793788,0.10003611412062116
1771,0.9763120398955117,0.023687960104488245
1772,0.9763120398955117,0.023687960104488245
1773,0.9763120398955117,0.023687960104488245
1774,0.666028208253526,0.33397179174647396
1775,0.9763120398955117,0.023687960104488245
1776,0.38694992412746587,0.6130500758725341
1777,0.9763120398955117,0.023687960104488245
1778,0.666028208253526,0.33397179174647396
1779,0.38694992412746587,0.6130500758725341
1780,0.5701219512195121,0.4298780487804878
1781,0.9763120398955117,0.023687960104488245
1782,0.38694992412746587,0.6130500758725341
1783,0.9763120398955117,0.023687960104488245
1784,0.38694992412746587,0.6130500758725341
1785,0.20729537366548043,0.7927046263345195
1786,0.9763120398955117,0.023687960104488245
1787,0.5389703767615761,0.46102962323842395
1788,0.9763120398955117,0.023687960104488245
1789,0.38694992412746587,0.6130500758725341
1790,0.9763120398955117,0.023687960104488245
1791,0.8584183673469388,0.14158163265306123
1792,0.38694992412746587,0.6130500758725341
1793,0.9763120398955117,0.023687960104488245
1794,0.38694992412746587,0.6130500758725341
1795,0.9763120398955117,0.023687960104488245
1796,0.9763120398955117,0.023687960104488245
1797,0.8999638858793788,0.10003611412062116
1798,0.9,0.1
1799,0.666028208253526,0.33397179174647396
1800,0.38694992412746587,0.6130500758725341
1801,0.666028208253526,0.33397179174647396
1802,0.9,0.1
1803,0.666028208253526,0.33397179174647396
1804,0.5389703767615761,0.46102962323842395
1805,0.8952478283086357,0.10475217169136433
1806,0.9763120398955117,0.023687960104488245
1807,0.8999638858793788,0.10003611412062116
1808,0.9763120398955117,0.023687960104488245
1809,0.8584183673469388,0.14158163265306123
1810,0.38694992412746587,0.6130500758725341
1811,0.9763120398955117,0.023687960104488245
1812,0.9763120398955117,0.023687960104488245
1813,0.5389703767615761,0.46102962323842395
1814,0.38694992412746587,0.6130500758725341
1815,0.666028208253526,0.33397179174647396
1816,0.9763120398955117,0.023687960104488245
1817,0.38694992412746587,0.6130500758725341
1818,0.8952478283086357,0.10475217169136433
1819,0.38694992412746587,0.6130500758725341
1820,0.38694992412746587,0.6130500758725341
1821,0.8999638858793788,0.10003611412062116
1822,0.9,0.1
1823,0.9763120398955117,0.023687960104488245
1824,0.666028208253526,0.33397179174647396
1825,0.9763120398955117,0.023687960104488245
1826,0.666028208253526,0.33397179174647396
1827,0.666028208253526,0.33397179174647396
1828,0.9763120398955117,0.023687960104488245
1829,0.9,0.1
1830,0.7194950911640954,0.2805049088359046
1831,0.5389703767615761,0.46102962323842395
1832,0.9763120398955117,0.023687960104488245
1833,0.9763120398955117,0.023687960104488245
1834,0.9763120398955117,0.023687960104488245
1835,0.9,0.1
1836,0.7967914438502673,0.20320855614973263
1837,0.38694992412746587,0.6130500758725341
1838,0.9,0.1
1839,0.7194950911640954,0.2805049088359046
1840,0.9763120398955117,0.023687960104488245
1841,0.8999638858793788,0.10003611412062116
1842,0.9763120398955117,0.023687960104488245
1843,0.666028208253526,0.33397179174647396
1844,0.9763120398955117,0.023687960104488245
1845,0.8999638858793788,0.10003611412062116
1846,0.38694992412746587,0.6130500758725341
1847,0.38694992412746587,0.6130500758725341
1848,0.9763120398955117,0.023687960104488245
1849,0.38694992412746587,0.6130500758725341
1850,0.8584183673469388,0.14158163265306123
1851,0.666028208253526,0.33397179174647396
1852,0.9763120398955117,0.023687960104488245
1853,0.9763120398955117,0.023687960104488245
1854,0.9763120398955117,0.023687960104488245
1855,0.9763120398955117,0.023687960104488245
1856,0.9763120398955117,0.023687960104488245
1857,0.5389703767615761,0.46102962323842395
1858,0.8999638858793788,0.10003611412062116
1859,0.9763120398955117,0.023687960104488245
1860,0.9,0.1
1861,0.8952478283086357,0.10475217169136433
1862,0.8584183673469388,0.14158163265306123
1863,0.9763120398955117,0.023687960104488245
1864,0.9763120398955117,0.023687960104488245
1865,0.9763120398955117,0.023687960104488245
1866,0.9763120398955117,0.023687960104488245
1867,0.9763120398955117,0.023687960104488245
1868,0.20729537366548043,0.7927046263345195
1869,0.7194950911640954,0.2805049088359046
1870,0.9763120398955117,0.023687960104488245
1871,0.9763120398955117,0.023687960104488245
1872,0.7967914438502673,0.20320855614973263
1873,0.9763120398955117,0.023687960104488245
1874,0.9763120398955117,0.023687960104488245
1875,0.38694992412746587,0.6130500758725341
1876,0.5389703767615761,0.46102962323842395
1877,0.38694992412746587,0.6130500758725341
1878,0.9763120398955117,0.023687960104488245
1879,0.9763120398955117,0.023687960104488245
1880,0.9763120398955117,0.023687960104488245
1881,0.20729537366548043,0.7927046263345195
1882,0.20729537366548043,0.7927046263345195
1883,0.38694992412746587,0.6130500758725341
1884,0.9763120398955117,0.023687960104488245
1885,0.5389703767615761,0.46102962323842395
1886,0.666028208253526,0.33397179174647396
1887,0.9763120398955117,0.023687960104488245
1888,0.7194950911640954,0.2805049088359046
1889,0.9763120398955117,0.023687960104488245
1890,0.38694992412746587,0.6130500758725341
1891,0.666028208253526,0.33397179174647396
1892,0.9763120398955117,0.023687960104488245
1893,0.9763120398955117,0.023687960104488245
1894,0.38694992412746587,0.6130500758725341
1895,0.9763120398955117,0.023687960104488245
1896,0.8584183673469388,0.14158163265306123
1897,0.9763120398955117,0.023687960104488245
1898,0.8584183673469388,0.14158163265306123
1899,0.7967914438502673,0.20320855614973263
1900,0.38694992412746587,0.6130500758725341
1901,0.9763120398955117,0.023687960104488245
1902,0.8584183673469388,0.14158163265306123
1903,0.666028208253526,0.33397179174647396
1904,0.666028208253526,0.33397179174647396
1905,0.9763120398955117,0.023687960104488245
1906,0.9763120398955117,0.023687960104488245
1907,0.8584183673469388,0.14158163265306123
1908,0.666028208253526,0.33397179174647396
1909,0.9,0.1
1910,0.38694992412746587,0.6130500758725341
1911,0.666028208253526,0.33397179174647396
1912,0.20729537366548043,0.7927046263345195
1913,0.5389703767615761,0.46102962323842395
1914,0.8952478283086357,0.10475217169136433
1915,0.7967914438502673,0.20320855614973263
1916,0.9763120398955117,0.023687960104488245
1917,0.9763120398955117,0.023687960104488245
1918,0.666028208253526,0.33397179174647396
1919,0.9763120398955117,0.023687960104488245
1920,0.9763120398955117,0.023687960104488245
1921,0.9763120398955117,0.023687960104488245
1922,0.8952478283086357,0.10475217169136433
1923,0.8999638858793788,0.10003611412062116
1924,0.666028208253526,0.33397179174647396
1925,0.9763120398955117,0.023687960104488245
1926,0.20729537366548043,0.7927046263345195
1927,0.20729537366548043,0.7927046263345195
1928,0.5701219512195121,0.4298780487804878
1929,0.8999638858793788,0.10003611412062116
1930,0.7747524752475248,0.22524752475247525
1931,0.8952478283086357,0.10475217169136433
1932,0.8999638858793788,0.10003611412062116
1933,0.9763120398955117,0.023687960104488245
1934,0.8999638858793788,0.10003611412062116
1935,0.9763120398955117,0.023687960104488245
1936,0.9763120398955117,0.023687960104488245
1937,0.20729537366548043,0.7927046263345195
1938,0.38694992412746587,0.6130500758725341
1939,0.20729537366548043,0.7927046263345195
1940,0.9763120398955117,0.023687960104488245
1941,0.9763120398955117,0.023687960104488245
1942,0.8584183673469388,0.14158163265306123
1943,0.20729537366548043,0.7927046263345195
1944,0.20729537366548043,0.7927046263345195
1945,0.9763120398955117,0.023687960104488245
1946,0.7194950911640954,0.2805049088359046
1947,0.7194950911640954,0.2805049088359046
1948,0.9763120398955117,0.023687960104488245
1949,0.20729537366548043,0.7927046263345195
1950,0.8999638858793788,0.10003611412062116
1951,0.666028208253526,0.33397179174647396
1952,0.9763120398955117,0.023687960104488245
1953,0.666028208253526,0.33397179174647396
1954,0.5389703767615761,0.46102962323842395
1955,0.8999638858793788,0.10003611412062116
1956,0.20729537366548043,0.7927046263345195
1957,0.38694992412746587,0.6130500758725341
1958,0.9763120398955117,0.023687960104488245
1959,0.9763120398955117,0.023687960104488245
1960,0.9763120398955117,0.023687960104488245
1961,0.9763120398955117,0.023687960104488245
1962,0.9763120398955117,0.023687960104488245
1963,0.38694992412746587,0.6130500758725341
1964,0.9763120398955117,0.023687960104488245
1965,0.38694992412746587,0.6130500758725341
1966,0.9763120398955117,0.023687960104488245
1967,0.7967914438502673,0.20320855614973263
1968,0.5389703767615761,0.46102962323842395
1969,0.9763120398955117,0.023687960104488245
1970,0.8999638858793788,0.10003611412062116
1971,0.9763120398955117,0.023687960104488245
1972,0.666028208253526,0.33397179174647396
1973,0.9763120398955117,0.023687960104488245
1974,0.666028208253526,0.33397179174647396
1975,0.9763120398955117,0.023687960104488245
1976,0.9763120398955117,0.023687960104488245
1977,0.9,0.1
1978,0.9763120398955117,0.023687960104488245
1979,0.9763120398955117,0.023687960104488245
1980,0.9763120398955117,0.023687960104488245
1981,0.9763120398955117,0.023687960104488245
1982,0.8952478283086357,0.10475217169136433
1983,0.8584183673469388,0.14158163265306123
1984,0.9763120398955117,0.023687960104488245
1985,0.8952478283086357,0.10475217169136433
1986,0.9763120398955117,0.023687960104488245
1987,0.8952478283086357,0.10475217169136433
1988,0.8584183673469388,0.14158163265306123
1989,0.7747524752475248,0.22524752475247525
1990,0.8952478283086357,0.10475217169136433
1991,0.9763120398955117,0.023687960104488245
1992,0.9763120398955117,0.023687960104488245
1993,0.9763120398955117,0.023687960104488245
1994,0.9,0.1
1995,0.9763120398955117,0.023687960104488245
1996,0.9763120398955117,0.023687960104488245
1997,0.38694992412746587,0.6130500758725341
1998,0.9763120398955117,0.023687960104488245
1999,0.5389703767615761,0.46102962323842395
2000,0.38694992412746587,0.6130500758725341
2001,0.666028208253526,0.33397179174647396
2002,0.8584183673469388,0.14158163265306123
2003,0.9763120398955117,0.023687960104488245
2004,0.666028208253526,0.33397179174647396
2005,0.38694992412746587,0.6130500758725341
2006,0.20729537366548043,0.7927046263345195
2007,0.9763120398955117,0.023687960104488245
2008,0.5389703767615761,0.46102962323842395
2009,0.5389703767615761,0.46102962323842395
2010,0.5389703767615761,0.46102962323842395
2011,0.666028208253526,0.33397179174647396
2012,0.8999638858793788,0.10003611412062116
2013,0.5389703767615761,0.46102962323842395
2014,0.5389703767615761,0.46102962323842395
2015,0.9763120398955117,0.023687960104488245
2016,0.9763120398955117,0.023687960104488245
2017,0.9763120398955117,0.023687960104488245
2018,0.666028208253526,0.33397179174647396
2019,0.666028208253526,0.33397179174647396
2020,0.9763120398955117,0.023687960104488245
2021,0.666028208253526,0.33397179174647396
2022,0.5389703767615761,0.46102962323842395
2023,0.38694992412746587,0.6130500758725341
2024,0.8999638858793788,0.10003611412062116
2025,0.9,0.1
2026,0.9763120398955117,0.023687960104488245
2027,0.8952478283086357,0.10475217169136433
2028,0.8952478283086357,0.10475217169136433
2029,0.9763120398955117,0.023687960104488245
2030,0.38694992412746587,0.6130500758725341
2031,0.9763120398955117,0.023687960104488245
2032,0.9763120398955117,0.023687960104488245
2033,0.20729537366548043,0.7927046263345195
2034,0.8952478283086357,0.10475217169136433
2035,0.9763120398955117,0.023687960104488245
2036,0.9763120398955117,0.023687960104488245
2037,0.9763120398955117,0.023687960104488245
2038,0.5389703767615761,0.46102962323842395
2039,0.6047619047619047,0.3952380952380952
2040,0.9763120398955117,0.023687960104488245
2041,0.38694992412746587,0.6130500758725341
2042,0.666028208253526,0.33397179174647396
2043,0.5389703767615761,0.46102962323842395
2044,0.8584183673469388,0.14158163265306123
2045,0.9763120398955117,0.023687960104488245
2046,0.8999638858793788,0.10003611412062116
2047,0.9763120398955117,0.023687960104488245
2048,0.38694992412746587,0.6130500758725341
2049,0.8952478283086357,0.10475217169136433
2050,0.666028208253526,0.33397179174647396
2051,0.9763120398955117,0.023687960104488245
2052,0.666028208253526,0.33397179174647396
2053,0.9763120398955117,0.023687960104488245
2054,0.8566308243727598,0.14336917562724014
2055,0.38694992412746587,0.6130500758725341
2056,0.9,0.1
2057,0.5389703767615761,0.46102962323842395
2058,0.38694992412746587,0.6130500758725341
2059,0.38694992412746587,0.6130500758725341
2060,0.8999638858793788,0.10003611412062116
2061,0.20729537366548043,0.7927046263345195
2062,0.8999638858793788,0.10003611412062116
2063,0.5701219512195121,0.4298780487804878
2064,0.7747524752475248,0.22524752475247525
2065,0.5389703767615761,0.46102962323842395
2066,0.666028208253526,0.33397179174647396
2067,0.7194950911640954,0.2805049088359046
2068,0.7194950911640954,0.2805049088359046
2069,0.38694992412746587,0.6130500758725341
2070,0.38694992412746587,0.6130500758725341
2071,0.666028208253526,0.33397179174647396
2072,0.9763120398955117,0.023687960104488245
2073,0.20729537366548043,0.7927046263345195
2074,0.9763120398955117,0.023687960104488245
2075,0.666028208253526,0.33397179174647396
2076,0.9763120398955117,0.023687960104488245
2077,0.9763120398955117,0.023687960104488245
2078,0.9,0.1
2079,0.9763120398955117,0.023687960104488245
2080,0.9763120398955117,0.023687960104488245
2081,0.5389703767615761,0.46102962323842395
2082,0.9763120398955117,0.023687960104488245
2083,0.9763120398955117,0.023687960104488245
2084,0.38694992412746587,0.6130500758725341
2085,0.38694992412746587,0.6130500758725341
2086,0.9763120398955117,0.023687960104488245
2087,0.9763120398955117,0.023687960104488245
2088,0.9763120398955117,0.023687960104488245
2089,0.666028208253526,0.33397179174647396
2090,0.9763120398955117,0.023687960104488245
2091,0.38694992412746587,0.6130500758725341
2092,0.8999638858793788,0.10003611412062116
2093,0.5389703767615761,0.46102962323842395
2094,0.666028208253526,0.33397179174647396
2095,0.9763120398955117,0.023687960104488245
2096,0.9763120398955117,0.023687960104488245
2097,0.8999638858793788,0.10003611412062116
2098,0.9763120398955117,0.023687960104488245
2099,0.9763120398955117,0.023687960104488245
2100,0.7967914438502673,0.20320855614973263
2101,0.8584183673469388,0.14158163265306123
2102,0.8999638858793788,0.10003611412062116
2103,0.666028208253526,0.33397179174647396
2104,0.8999638858793788,0.10003611412062116
2105,0.666028208253526,0.33397179174647396
2106,0.666028208253526,0.33397179174647396
2107,0.666028208253526,0.33397179174647396
2108,0.9763120398955117,0.023687960104488245
2109,0.9763120398955117,0.023687960104488245
2110,0.666028208253526,0.33397179174647396
2111,0.666028208253526,0.33397179174647396
2112,0.666028208253526,0.33397179174647396
2113,0.8952478283086357,0.10475217169136433
2114,0.6047619047619047,0.3952380952380952
2115,0.8584183673469388,0.14158163265306123
2116,0.666028208253526,0.33397179174647396
2117,0.9763120398955117,0.023687960104488245
2118,0.8584183673469388,0.14158163265306123
2119,0.7194950911640954,0.2805049088359046
2120,0.8999638858793788,0.10003611412062116
2121,0.9763120398955117,0.023687960104488245
2122,0.9763120398955117,0.023687960104488245
2123,0.9763120398955117,0.023687960104488245
2124,0.20729537366548043,0.7927046263345195
2125,0.9763120398955117,0.023687960104488245
2126,0.7194950911640954,0.2805049088359046
2127,0.9,0.1
2128,0.9763120398955117,0.023687960104488245
2129,0.20729537366548043,0.7927046263345195
2130,0.8999638858793788,0.10003611412062116
2131,0.5389703767615761,0.46102962323842395
2132,0.9,0.1
2133,0.9763120398955117,0.023687960104488245
2134,0.8566308243727598,0.14336917562724014
2135,0.666028208253526,0.33397179174647396
2136,0.38694992412746587,0.6130500758725341
2137,0.9763120398955117,0.023687960104488245
2138,0.9763120398955117,0.023687960104488245
2139,0.9763120398955117,0.023687960104488245
2140,0.9763120398955117,0.023687960104488245
2141,0.666028208253526,0.33397179174647396
2142,0.5389703767615761,0.46102962323842395
2143,0.9763120398955117,0.023687960104488245
2144,0.7967914438502673,0.20320855614973263
2145,0.38694992412746587,0.6130500758725341
2146,0.5389703767615761,0.46102962323842395
2147,0.9763120398955117,0.023687960104488245
2148,0.9763120398955117,0.023687960104488245
2149,0.9763120398955117,0.023687960104488245
2150,0.5389703767615761,0.46102962323842395
2151,0.9763120398955117,0.023687960104488245
2152,0.38694992412746587,0.6130500758725341
2153,0.9763120398955117,0.023687960104488245
2154,0.9763120398955117,0.023687960104488245
2155,0.9763120398955117,0.023687960104488245
2156,0.5389703767615761,0.46102962323842395
2157,0.666028208253526,0.33397179174647396
2158,0.38694992412746587,0.6130500758725341
2159,0.9763120398955117,0.023687960104488245
2160,0.9,0.1
2161,0.9763120398955117,0.023687960104488245
2162,0.9763120398955117,0.023687960104488245
2163,0.8999638858793788,0.10003611412062116
2164,0.666028208253526,0.33397179174647396
2165,0.9763120398955117,0.023687960104488245
2166,0.9763120398955117,0.023687960104488245
2167,0.38694992412746587,0.6130500758725341
2168,0.9763120398955117,0.023687960104488245
2169,0.38694992412746587,0.6130500758725341
2170,0.5389703767615761,0.46102962323842395
2171,0.666028208253526,0.33397179174647396
2172,0.666028208253526,0.33397179174647396
2173,0.20729537366548043,0.7927046263345195
2174,0.9763120398955117,0.023687960104488245
2175,0.38694992412746587,0.6130500758725341
2176,0.666028208253526,0.33397179174647396
2177,0.666028208253526,0.33397179174647396
2178,0.8952478283086357,0.10475217169136433
2179,0.666028208253526,0.33397179174647396
2180,0.38694992412746587,0.6130500758725341
2181,0.9763120398955117,0.023687960104488245
2182,0.9763120398955117,0.023687960104488245
2183,0.9763120398955117,0.023687960104488245
2184,0.666028208253526,0.33397179174647396
2185,0.666028208253526,0.33397179174647396
2186,0.38694992412746587,0.6130500758725341
2187,0.38694992412746587,0.6130500758725341
2188,0.20729537366548043,0.7927046263345195
2189,0.9763120398955117,0.023687960104488245
2190,0.8584183673469388,0.14158163265306123
2191,0.666028208253526,0.33397179174647396
2192,0.8999638858793788,0.10003611412062116
2193,0.666028208253526,0.33397179174647396
2194,0.9763120398955117,0.023687960104488245
2195,0.30357142857142855,0.6964285714285714
2196,0.20729537366548043,0.7927046263345195
2197,0.38694992412746587,0.6130500758725341
2198,0.666028208253526,0.33397179174647396
2199,0.8584183673469388,0.14158163265306123
2200,0.9763120398955117,0.023687960104488245
2201,0.9763120398955117,0.023687960104488245
2202,0.38694992412746587,0.6130500758725341
2203,0.666028208253526,0.33397179174647396
2204,0.9763120398955117,0.023687960104488245
2205,0.9763120398955117,0.023687960104488245
2206,0.7194950911640954,0.2805049088359046
2207,0.666028208253526,0.33397179174647396
2208,0.9763120398955117,0.023687960104488245
2209,0.20729537366548043,0.7927046263345195
2210,0.8999638858793788,0.10003611412062116
2211,0.20729537366548043,0.7927046263345195
2212,0.9763120398955117,0.023687960104488245
2213,0.5389703767615761,0.46102962323842395
2214,0.5389703767615761,0.46102962323842395
2215,0.9763120398955117,0.023687960104488245
2216,0.9763120398955117,0.023687960104488245
2217,0.7967914438502673,0.20320855614973263
2218,0.8999638858793788,0.10003611412062116
2219,0.5389703767615761,0.46102962323842395
2220,0.666028208253526,0.33397179174647396
2221,0.20729537366548043,0.7927046263345195
2222,0.9763120398955117,0.023687960104488245
2223,0.38694992412746587,0.6130500758725341
2224,0.9763120398955117,0.023687960104488245
2225,0.9763120398955117,0.023687960104488245
2226,0.38694992412746587,0.6130500758725341
2227,0.9763120398955117,0.023687960104488245
2228,0.5389703767615761,0.46102962323842395
2229,0.8952478283086357,0.10475217169136433
2230,0.666028208253526,0.33397179174647396
2231,0.9763120398955117,0.023687960104488245
2232,0.5389703767615761,0.46102962323842395
2233,0.38694992412746587,0.6130500758725341
2234,0.9763120398955117,0.023687960104488245
2235,0.9,0.1
2236,0.5389703767615761,0.46102962323842395
2237,0.5389703767615761,0.46102962323842395
2238,0.9763120398955117,0.023687960104488245
2239,0.38694992412746587,0.6130500758725341
2240,0.9763120398955117,0.023687960104488245
2241,0.9763120398955117,0.023687960104488245
2242,0.666028208253526,0.33397179174647396
2243,0.9763120398955117,0.023687960104488245
2244,0.9763120398955117,0.023687960104488245
2245,0.7967914438502673,0.20320855614973263
2246,0.9763120398955117,0.023687960104488245
2247,0.5389703767615761,0.46102962323842395
2248,0.9763120398955117,0.023687960104488245
2249,0.9763120398955117,0.023687960104488245
2250,0.9763120398955117,0.023687960104488245
2251,0.9763120398955117,0.023687960104488245
2252,0.9763120398955117,0.023687960104488245
2253,0.9763120398955117,0.023687960104488245
2254,0.8952478283086357,0.10475217169136433
2255,0.8584183673469388,0.14158163265306123
2256,0.9,0.1
2257,0.8566308243727598,0.14336917562724014
2258,0.9763120398955117,0.023687960104488245
2259,0.38694992412746587,0.6130500758725341
2260,0.8999638858793788,0.10003611412062116
2261,0.38694992412746587,0.6130500758725341
2262,0.9763120398955117,0.023687960104488245
2263,0.9763120398955117,0.023687960104488245
2264,0.38694992412746587,0.6130500758725341
2265,0.8952478283086357,0.10475217169136433
2266,0.9763120398955117,0.023687960104488245
2267,0.20729537366548043,0.7927046263345195
2268,0.8999638858793788,0.10003611412062116
2269,0.666028208253526,0.33397179174647396
2270,0.9763120398955117,0.023687960104488245
2271,0.9763120398955117,0.023687960104488245
2272,0.666028208253526,0.33397179174647396
2273,0.9763120398955117,0.023687960104488245
2274,0.9,0.1
2275,0.9,0.1
2276,0.5389703767615761,0.46102962323842395
2277,0.9763120398955117,0.023687960104488245
2278,0.5389703767615761,0.46102962323842395
2279,0.8999638858793788,0.10003611412062116
2280,0.7747524752475248,0.22524752475247525
2281,0.9763120398955117,0.023687960104488245
2282,0.9763120398955117,0.023687960104488245
2283,0.7747524752475248,0.22524752475247525
2284,0.9763120398955117,0.023687960104488245
2285,0.8999638858793788,0.10003611412062116
2286,0.5389703767615761,0.46102962323842395
2287,0.5389703767615761,0.46102962323842395
2288,0.9763120398955117,0.023687960104488245
2289,0.9763120398955117,0.023687960104488245
2290,0.666028208253526,0.33397179174647396
2291,0.9763120398955117,0.023687960104488245
2292,0.9763120398955117,0.023687960104488245
2293,0.38694992412746587,0.6130500758725341
2294,0.8999638858793788,0.10003611412062116
2295,0.9763120398955117,0.023687960104488245
2296,0.8999638858793788,0.10003611412062116
2297,0.666028208253526,0.33397179174647396
2298,0.9,0.1
2299,0.9763120398955117,0.023687960104488245
2300,0.8566308243727598,0.14336917562724014
2301,0.38694992412746587,0.6130500758725341
2302,0.5389703767615761,0.46102962323842395
2303,0.666028208253526,0.33397179174647396
2304,0.38694992412746587,0.6130500758725341
2305,0.7967914438502673,0.20320855614973263
2306,0.666028208253526,0.33397179174647396
2307,0.9763120398955117,0.023687960104488245
2308,0.9763120398955117,0.023687960104488245
2309,0.5389703767615761,0.46102962323842395
2310,0.9763120398955117,0.023687960104488245
2311,0.9763120398955117,0.023687960104488245
2312,0.666028208253526,0.33397179174647396
2313,0.9763120398955117,0.023687960104488245
2314,0.7747524752475248,0.22524752475247525
2315,0.9,0.1
2316,0.9763120398955117,0.023687960104488245
2317,0.8952478283086357,0.10475217169136433
2318,0.666028208253526,0.33397179174647396
2319,0.9763120398955117,0.023687960104488245
2320,0.7194950911640954,0.2805049088359046
2321,0.9763120398955117,0.023687960104488245
2322,0.9763120398955117,0.023687960104488245
2323,0.666028208253526,0.33397179174647396
2324,0.38694992412746587,0.6130500758725341
2325,0.9763120398955117,0.023687960104488245
2326,0.20729537366548043,0.7927046263345195
2327,0.666028208253526,0.33397179174647396
2328,0.9,0.1
2329,0.9763120398955117,0.023687960104488245
2330,0.8999638858793788,0.10003611412062116
2331,0.9763120398955117,0.023687960104488245
2332,0.38694992412746587,0.6130500758725341
2333,0.666028208253526,0.33397179174647396
2334,0.9763120398955117,0.023687960104488245
2335,0.9763120398955117,0.023687960104488245
2336,0.38694992412746587,0.6130500758725341
2337,0.666028208253526,0.33397179174647396
2338,0.9763120398955117,0.023687960104488245
2339,0.38694992412746587,0.6130500758725341
2340,0.7967914438502673,0.20320855614973263
2341,0.38694992412746587,0.6130500758725341
2342,0.38694992412746587,0.6130500758725341
2343,0.666028208253526,0.33397179174647396
2344,0.5389703767615761,0.46102962323842395
2345,0.9763120398955117,0.023687960104488245
2346,0.20729537366548043,0.7927046263345195
2347,0.666028208253526,0.33397179174647396
2348,0.8584183673469388,0.14158163265306123
2349,0.666028208253526,0.33397179174647396
2350,0.9763120398955117,0.023687960104488245
2351,0.9763120398955117,0.023687960104488245
2352,0.9,0.1
2353,0.9763120398955117,0.023687960104488245
2354,0.6047619047619047,0.3952380952380952
2355,0.666028208253526,0.33397179174647396
2356,0.38694992412746587,0.6130500758725341
2357,0.9763120398955117,0.023687960104488245
2358,0.9763120398955117,0.023687960104488245
2359,0.7194950911640954,0.2805049088359046
2360,0.9763120398955117,0.023687960104488245
2361,0.9763120398955117,0.023687960104488245
2362,0.666028208253526,0.33397179174647396
2363,0.38694992412746587,0.6130500758725341
2364,0.9,0.1
2365,0.666028208253526,0.33397179174647396
2366,0.666028208253526,0.33397179174647396
2367,0.9763120398955117,0.023687960104488245
2368,0.5701219512195121,0.4298780487804878
2369,0.20729537366548043,0.7927046263345195
2370,0.38694992412746587,0.6130500758725341
2371,0.9763120398955117,0.023687960104488245
2372,0.666028208253526,0.33397179174647396
2373,0.9,0.1
2374,0.38694992412746587,0.6130500758725341
2375,0.8952478283086357,0.10475217169136433
2376,0.8999638858793788,0.10003611412062116
2377,0.8999638858793788,0.10003611412062116
2378,0.38694992412746587,0.6130500758725341
2379,0.6047619047619047,0.3952380952380952
2380,0.38694992412746587,0.6130500758725341
2381,0.9763120398955117,0.023687960104488245
2382,0.9763120398955117,0.023687960104488245
2383,0.666028208253526,0.33397179174647396
2384,0.20729537366548043,0.7927046263345195
2385,0.38694992412746587,0.6130500758725341
2386,0.9763120398955117,0.023687960104488245
2387,0.9763120398955117,0.023687960104488245
2388,0.9763120398955117,0.023687960104488245
2389,0.666028208253526,0.33397179174647396
2390,0.9763120398955117,0.023687960104488245
2391,0.20729537366548043,0.7927046263345195
2392,0.8584183673469388,0.14158163265306123
2393,0.9763120398955117,0.023687960104488245
2394,0.9763120398955117,0.023687960104488245
2395,0.20729537366548043,0.7927046263345195
2396,0.666028208253526,0.33397179174647396
2397,0.666028208253526,0.33397179174647396
2398,0.8952478283086357,0.10475217169136433
2399,0.38694992412746587,0.6130500758725341
2400,0.9763120398955117,0.023687960104488245
2401,0.7967914438502673,0.20320855614973263
2402,0.38694992412746587,0.6130500758725341
2403,0.38694992412746587,0.6130500758725341
2404,0.7967914438502673,0.20320855614973263
2405,0.666028208253526,0.33397179174647396
2406,0.9763120398955117,0.023687960104488245
2407,0.9763120398955117,0.023687960104488245
2408,0.666028208253526,0.33397179174647396
2409,0.9763120398955117,0.023687960104488245
2410,0.7194950911640954,0.2805049088359046
2411,0.20729537366548043,0.7927046263345195
2412,0.9763120398955117,0.023687960104488245
2413,0.5389703767615761,0.46102962323842395
2414,0.666028208253526,0.33397179174647396
2415,0.20729537366548043,0.7927046263345195
2416,0.9,0.1
2417,0.9763120398955117,0.023687960104488245
2418,0.38694992412746587,0.6130500758725341
2419,0.38694992412746587,0.6130500758725341
2420,0.38694992412746587,0.6130500758725341
2421,0.9763120398955117,0.023687960104488245
2422,0.9763120398955117,0.023687960104488245
2423,0.9763120398955117,0.023687960104488245
2424,0.9,0.1
2425,0.666028208253526,0.33397179174647396
2426,0.9763120398955117,0.023687960104488245
2427,0.5389703767615761,0.46102962323842395
2428,0.8584183673469388,0.14158163265306123
2429,0.8952478283086357,0.10475217169136433
2430,0.9763120398955117,0.023687960104488245
2431,0.38694992412746587,0.6130500758725341
2432,0.9763120398955117,0.023687960104488245
2433,0.9763120398955117,0.023687960104488245
2434,0.9763120398955117,0.023687960104488245
2435,0.38694992412746587,0.6130500758725341
2436,0.9763120398955117,0.023687960104488245
2437,0.8952478283086357,0.10475217169136433
2438,0.666028208253526,0.33397179174647396
2439,0.20729537366548043,0.7927046263345195
2440,0.9,0.1
2441,0.9763120398955117,0.023687960104488245
2442,0.8584183673469388,0.14158163265306123
2443,0.9763120398955117,0.023687960104488245
2444,0.9763120398955117,0.023687960104488245
2445,0.5389703767615761,0.46102962323842395
2446,0.9763120398955117,0.023687960104488245
2447,0.8999638858793788,0.10003611412062116
2448,0.9763120398955117,0.023687960104488245
2449,0.9763120398955117,0.023687960104488245
2450,0.9763120398955117,0.023687960104488245
2451,0.9763120398955117,0.023687960104488245
2452,0.5389703767615761,0.46102962323842395
2453,0.9,0.1
2454,0.5389703767615761,0.46102962323842395
2455,0.8999638858793788,0.10003611412062116
2456,0.38694992412746587,0.6130500758725341
2457,0.9,0.1
2458,0.9763120398955117,0.023687960104488245
2459,0.5389703767615761,0.46102962323842395
2460,0.666028208253526,0.33397179174647396
2461,0.8952478283086357,0.10475217169136433
2462,0.9763120398955117,0.023687960104488245
2463,0.38694992412746587,0.6130500758725341
2464,0.8999638858793788,0.10003611412062116
2465,0.9,0.1
2466,0.8999638858793788,0.10003611412062116
2467,0.9763120398955117,0.023687960104488245
2468,0.7747524752475248,0.22524752475247525
2469,0.9763120398955117,0.023687960104488245
2470,0.38694992412746587,0.6130500758725341
2471,0.666028208253526,0.33397179174647396
2472,0.9763120398955117,0.023687960104488245
2473,0.666028208253526,0.33397179174647396
2474,0.9763120398955117,0.023687960104488245
2475,0.8584183673469388,0.14158163265306123
2476,0.5389703767615761,0.46102962323842395
2477,0.9763120398955117,0.023687960104488245
2478,0.5389703767615761,0.46102962323842395
2479,0.9763120398955117,0.023687960104488245
2480,0.9763120398955117,0.023687960104488245
2481,0.30357142857142855,0.6964285714285714
2482,0.8999638858793788,0.10003611412062116
2483,0.666028208253526,0.33397179174647396
2484,0.9,0.1
2485,0.8952478283086357,0.10475217169136433
2486,0.9763120398955117,0.023687960104488245
2487,0.8584183673469388,0.14158163265306123
2488,0.9763120398955117,0.023687960104488245
2489,0.38694992412746587,0.6130500758725341
2490,0.38694992412746587,0.6130500758725341
2491,0.9763120398955117,0.023687960104488245
2492,0.9763120398955117,0.023687960104488245
2493,0.5389703767615761,0.46102962323842395
2494,0.20729537366548043,0.7927046263345195
2495,0.5389703767615761,0.46102962323842395
2496,0.9763120398955117,0.023687960104488245
2497,0.9763120398955117,0.023687960104488245
2498,0.9763120398955117,0.023687960104488245
2499,0.9763120398955117,0.023687960104488245
2500,0.5389703767615761,0.46102962323842395
2501,0.8999638858793788,0.10003611412062116
2502,0.38694992412746587,0.6130500758725341
2503,0.20729537366548043,0.7927046263345195
2504,0.9763120398955117,0.023687960104488245
2505,0.8999638858793788,0.10003611412062116
2506,0.9,0.1
2507,0.9763120398955117,0.023687960104488245
2508,0.9763120398955117,0.023687960104488245
2509,0.38694992412746587,0.6130500758725341
2510,0.666028208253526,0.33397179174647396
2511,0.666028208253526,0.33397179174647396
2512,0.5701219512195121,0.4298780487804878
2513,0.9763120398955117,0.023687960104488245
2514,0.9763120398955117,0.023687960104488245
2515,0.9763120398955117,0.023687960104488245
2516,0.9763120398955117,0.023687960104488245
2517,0.38694992412746587,0.6130500758725341
2518,0.666028208253526,0.33397179174647396
2519,0.5389703767615761,0.46102962323842395
2520,0.9763120398955117,0.023687960104488245
2521,0.9763120398955117,0.023687960104488245
2522,0.9763120398955117,0.023687960104488245
2523,0.8952478283086357,0.10475217169136433
2524,0.9,0.1
2525,0.38694992412746587,0.6130500758725341
2526,0.9763120398955117,0.023687960104488245
2527,0.38694992412746587,0.6130500758725341
2528,0.9763120398955117,0.023687960104488245
2529,0.9763120398955117,0.023687960104488245
2530,0.9763120398955117,0.023687960104488245
2531,0.666028208253526,0.33397179174647396
2532,0.8584183673469388,0.14158163265306123
2533,0.8952478283086357,0.10475217169136433
2534,0.9763120398955117,0.023687960104488245
2535,0.38694992412746587,0.6130500758725341
2536,0.38694992412746587,0.6130500758725341
2537,0.9763120398955117,0.023687960104488245
2538,0.7967914438502673,0.20320855614973263
2539,0.666028208253526,0.33397179174647396
2540,0.8999638858793788,0.10003611412062116
2541,0.9763120398955117,0.023687960104488245
2542,0.38694992412746587,0.6130500758725341
2543,0.20729537366548043,0.7927046263345195
2544,0.9763120398955117,0.023687960104488245
2545,0.666028208253526,0.33397179174647396
2546,0.5389703767615761,0.46102962323842395
2547,0.9763120398955117,0.023687960104488245
2548,0.20729537366548043,0.7927046263345195
2549,0.8999638858793788,0.10003611412062116
2550,0.8999638858793788,0.10003611412062116
2551,0.7967914438502673,0.20320855614973263
2552,0.20729537366548043,0.7927046263345195
2553,0.8952478283086357,0.10475217169136433
2554,0.666028208253526,0.33397179174647396
2555,0.38694992412746587,0.6130500758725341
2556,0.20729537366548043,0.7927046263345195
2557,0.9763120398955117,0.023687960104488245
2558,0.20729537366548043,0.7927046263345195
2559,0.8952478283086357,0.10475217169136433
2560,0.8999638858793788,0.10003611412062116
2561,0.38694992412746587,0.6130500758725341
2562,0.6047619047619047,0.3952380952380952
2563,0.5701219512195121,0.4298780487804878
2564,0.666028208253526,0.33397179174647396
2565,0.9,0.1
2566,0.666028208253526,0.33397179174647396
2567,0.666028208253526,0.33397179174647396
2568,0.9763120398955117,0.023687960104488245
2569,0.38694992412746587,0.6130500758725341
2570,0.9763120398955117,0.023687960104488245
2571,0.9763120398955117,0.023687960104488245
2572,0.9763120398955117,0.023687960104488245
2573,0.8952478283086357,0.10475217169136433
2574,0.9763120398955117,0.023687960104488245
2575,0.9763120398955117,0.023687960104488245
2576,0.9763120398955117,0.023687960104488245
2577,0.5389703767615761,0.46102962323842395
2578,0.8584183673469388,0.14158163265306123
2579,0.20729537366548043,0.7927046263345195
2580,0.9763120398955117,0.023687960104488245
2581,0.20729537366548043,0.7927046263345195
2582,0.9763120398955117,0.023687960104488245
2583,0.9763120398955117,0.023687960104488245
2584,0.8999638858793788,0.10003611412062116
2585,0.20729537366548043,0.7927046263345195
2586,0.5389703767615761,0.46102962323842395
2587,0.9763120398955117,0.023687960104488245
2588,0.9763120398955117,0.023687960104488245
2589,0.9763120398955117,0.023687960104488245
2590,0.9763120398955117,0.023687960104488245
2591,0.5389703767615761,0.46102962323842395
2592,0.38694992412746587,0.6130500758725341
2593,0.20729537366548043,0.7927046263345195
2594,0.9763120398955117,0.023687960104488245
2595,0.9763120398955117,0.023687960104488245
2596,0.9,0.1
2597,0.9763120398955117,0.023687960104488245
2598,0.9763120398955117,0.023687960104488245
2599,0.7747524752475248,0.22524752475247525
2600,0.9763120398955117,0.023687960104488245
2601,0.7967914438502673,0.20320855614973263
2602,0.666028208253526,0.33397179174647396
2603,0.7967914438502673,0.20320855614973263
2604,0.9763120398955117,0.023687960104488245
2605,0.8566308243727598,0.14336917562724014
2606,0.9763120398955117,0.023687960104488245
2607,0.9,0.1
2608,0.9,0.1
2609,0.9763120398955117,0.023687960104488245
2610,0.9763120398955117,0.023687960104488245
2611,0.8952478283086357,0.10475217169136433
2612,0.8952478283086357,0.10475217169136433
2613,0.9763120398955117,0.023687960104488245
2614,0.7967914438502673,0.20320855614973263
2615,0.5701219512195121,0.4298780487804878
2616,0.9763120398955117,0.023687960104488245
2617,0.666028208253526,0.33397179174647396
2618,0.20729537366548043,0.7927046263345195
2619,0.9763120398955117,0.023687960104488245
2620,0.6047619047619047,0.3952380952380952
2621,0.7194950911640954,0.2805049088359046
2622,0.666028208253526,0.33397179174647396
2623,0.38694992412746587,0.6130500758725341
2624,0.9763120398955117,0.023687960104488245
2625,0.666028208253526,0.33397179174647396
2626,0.20729537366548043,0.7927046263345195
2627,0.8952478283086357,0.10475217169136433
2628,0.38694992412746587,0.6130500758725341
2629,0.7194950911640954,0.2805049088359046
2630,0.6047619047619047,0.3952380952380952
2631,0.8999638858793788,0.10003611412062116
2632,0.9763120398955117,0.023687960104488245
2633,0.38694992412746587,0.6130500758725341
2634,0.5389703767615761,0.46102962323842395
2635,0.666028208253526,0.33397179174647396
2636,0.9763120398955117,0.023687960104488245
2637,0.9763120398955117,0.023687960104488245
2638,0.9763120398955117,0.023687960104488245
2639,0.9763120398955117,0.023687960104488245
2640,0.5389703767615761,0.46102962323842395
2641,0.666028208253526,0.33397179174647396
2642,0.666028208253526,0.33397179174647396
2643,0.9763120398955117,0.023687960104488245
2644,0.9763120398955117,0.023687960104488245
2645,0.9763120398955117,0.023687960104488245
2646,0.666028208253526,0.33397179174647396
2647,0.9,0.1
2648,0.9,0.1
2649,0.9763120398955117,0.023687960104488245
2650,0.6047619047619047,0.3952380952380952
2651,0.30357142857142855,0.6964285714285714
2652,0.5389703767615761,0.46102962323842395
2653,0.5389703767615761,0.46102962323842395
2654,0.9763120398955117,0.023687960104488245
2655,0.9763120398955117,0.023687960104488245
2656,0.9763120398955117,0.023687960104488245
2657,0.8999638858793788,0.10003611412062116
2658,0.38694992412746587,0.6130500758725341
2659,0.9763120398955117,0.023687960104488245
2660,0.38694992412746587,0.6130500758725341
2661,0.20729537366548043,0.7927046263345195
2662,0.9763120398955117,0.023687960104488245
2663,0.9763120398955117,0.023687960104488245
2664,0.20729537366548043,0.7927046263345195
2665,0.9763120398955117,0.023687960104488245
2666,0.9763120398955117,0.023687960104488245
2667,0.20729537366548043,0.7927046263345195
2668,0.9763120398955117,0.023687960104488245
2669,0.8952478283086357,0.10475217169136433
2670,0.9763120398955117,0.023687960104488245
2671,0.38694992412746587,0.6130500758725341
2672,0.666028208253526,0.33397179174647396
2673,0.9763120398955117,0.023687960104488245
2674,0.666028208253526,0.33397179174647396
2675,0.9763120398955117,0.023687960104488245
2676,0.8584183673469388,0.14158163265306123
2677,0.9763120398955117,0.023687960104488245
2678,0.8584183673469388,0.14158163265306123
2679,0.9763120398955117,0.023687960104488245
2680,0.9763120398955117,0.023687960104488245
2681,0.9763120398955117,0.023687960104488245
2682,0.38694992412746587,0.6130500758725341
2683,0.5389703767615761,0.46102962323842395
2684,0.9763120398955117,0.023687960104488245
2685,0.38694992412746587,0.6130500758725341
2686,0.9763120398955117,0.023687960104488245
2687,0.9,0.1
2688,0.7747524752475248,0.22524752475247525
2689,0.8952478283086357,0.10475217169136433
2690,0.6047619047619047,0.3952380952380952
2691,0.20729537366548043,0.7927046263345195
2692,0.5701219512195121,0.4298780487804878
2693,0.9763120398955117,0.023687960104488245
2694,0.38694992412746587,0.6130500758725341
2695,0.7967914438502673,0.20320855614973263
2696,0.8566308243727598,0.14336917562724014
2697,0.9763120398955117,0.023687960104488245
2698,0.9763120398955117,0.023687960104488245
2699,0.666028208253526,0.33397179174647396
2700,0.5389703767615761,0.46102962323842395
2701,0.9763120398955117,0.023687960104488245
2702,0.666028208253526,0.33397179174647396
2703,0.9763120398955117,0.023687960104488245
2704,0.666028208253526,0.33397179174647396
2705,0.20729537366548043,0.7927046263345195
2706,0.5389703767615761,0.46102962323842395
2707,0.38694992412746587,0.6130500758725341
2708,0.9763120398955117,0.023687960104488245
2709,0.8952478283086357,0.10475217169136433
2710,0.8999638858793788,0.10003611412062116
2711,0.9763120398955117,0.023687960104488245
2712,0.7194950911640954,0.2805049088359046
2713,0.9,0.1
2714,0.9763120398955117,0.023687960104488245
2715,0.9763120398955117,0.023687960104488245
2716,0.9763120398955117,0.023687960104488245
2717,0.666028208253526,0.33397179174647396
2718,0.666028208253526,0.33397179174647396
2719,0.5389703767615761,0.46102962323842395
2720,0.9763120398955117,0.023687960104488245
2721,0.38694992412746587,0.6130500758725341
2722,0.9763120398955117,0.023687960104488245
2723,0.9763120398955117,0.023687960104488245
2724,0.9,0.1
2725,0.38694992412746587,0.6130500758725341
2726,0.9763120398955117,0.023687960104488245
2727,0.5389703767615761,0.46102962323842395
2728,0.8999638858793788,0.10003611412062116
2729,0.666028208253526,0.33397179174647396
2730,0.5389703767615761,0.46102962323842395
2731,0.9,0.1
2732,0.9,0.1
2733,0.9763120398955117,0.023687960104488245
2734,0.8999638858793788,0.10003611412062116
2735,0.9763120398955117,0.023687960104488245
2736,0.38694992412746587,0.6130500758725341
2737,0.9,0.1
2738,0.666028208253526,0.33397179174647396
2739,0.20729537366548043,0.7927046263345195
2740,0.9763120398955117,0.023687960104488245
2741,0.9763120398955117,0.023687960104488245
2742,0.38694992412746587,0.6130500758725341
2743,0.9,0.1
2744,0.8952478283086357,0.10475217169136433
2745,0.9763120398955117,0.023687960104488245
2746,0.9763120398955117,0.023687960104488245
2747,0.38694992412746587,0.6130500758725341
2748,0.666028208253526,0.33397179174647396
2749,0.9763120398955117,0.023687960104488245
2750,0.38694992412746587,0.6130500758725341
2751,0.9763120398955117,0.023687960104488245
2752,0.666028208253526,0.33397179174647396
2753,0.9763120398955117,0.023687960104488245
2754,0.9763120398955117,0.023687960104488245
2755,0.38694992412746587,0.6130500758725341
2756,0.666028208253526,0.33397179174647396
2757,0.666028208253526,0.33397179174647396
2758,0.666028208253526,0.33397179174647396
2759,0.8999638858793788,0.10003611412062116
2760,0.9763120398955117,0.023687960104488245
2761,0.9763120398955117,0.023687960104488245
2762,0.38694992412746587,0.6130500758725341
2763,0.9763120398955117,0.023687960104488245
2764,0.666028208253526,0.33397179174647396
2765,0.9763120398955117,0.023687960104488245
2766,0.9763120398955117,0.023687960104488245
2767,0.9,0.1
2768,0.9763120398955117,0.023687960104488245
2769,0.6047619047619047,0.3952380952380952
2770,0.7747524752475248,0.22524752475247525
2771,0.38694992412746587,0.6130500758725341
2772,0.9763120398955117,0.023687960104488245
2773,0.8584183673469388,0.14158163265306123
2774,0.9763120398955117,0.023687960104488245
2775,0.666028208253526,0.33397179174647396
2776,0.9763120398955117,0.023687960104488245
2777,0.666028208253526,0.33397179174647396
2778,0.9763120398955117,0.023687960104488245
2779,0.9763120398955117,0.023687960104488245
2780,0.9,0.1
2781,0.20729537366548043,0.7927046263345195
2782,0.666028208253526,0.33397179174647396
2783,0.9763120398955117,0.023687960104488245
2784,0.9763120398955117,0.023687960104488245
2785,0.38694992412746587,0.6130500758725341
2786,0.9763120398955117,0.023687960104488245
2787,0.9763120398955117,0.023687960104488245
2788,0.9763120398955117,0.023687960104488245
2789,0.38694992412746587,0.6130500758725341
2790,0.20729537366548043,0.7927046263345195
2791,0.20729537366548043,0.7927046263345195
2792,0.9763120398955117,0.023687960104488245
2793,0.666028208253526,0.33397179174647396
2794,0.5389703767615761,0.46102962323842395
2795,0.6047619047619047,0.3952380952380952
2796,0.9763120398955117,0.023687960104488245
2797,0.9,0.1
2798,0.9763120398955117,0.023687960104488245
2799,0.9,0.1
2800,0.9763120398955117,0.023687960104488245
2801,0.20729537366548043,0.7927046263345195
2802,0.20729537366548043,0.7927046263345195
2803,0.9763120398955117,0.023687960104488245
2804,0.38694992412746587,0.6130500758725341
2805,0.38694992412746587,0.6130500758725341
2806,0.666028208253526,0.33397179174647396
2807,0.20729537366548043,0.7927046263345195
2808,0.38694992412746587,0.6130500758725341
2809,0.9763120398955117,0.023687960104488245
2810,0.7194950911640954,0.2805049088359046
2811,0.9763120398955117,0.023687960104488245
2812,0.38694992412746587,0.6130500758725341
2813,0.9763120398955117,0.023687960104488245
2814,0.9763120398955117,0.023687960104488245
2815,0.666028208253526,0.33397179174647396
2816,0.666028208253526,0.33397179174647396
2817,0.666028208253526,0.33397179174647396
2818,0.38694992412746587,0.6130500758725341
2819,0.9763120398955117,0.023687960104488245
2820,0.9763120398955117,0.023687960104488245
2821,0.9763120398955117,0.023687960104488245
2822,0.38694992412746587,0.6130500758725341
2823,0.9763120398955117,0.023687960104488245
2824,0.8999638858793788,0.10003611412062116
2825,0.9,0.1
2826,0.9763120398955117,0.023687960104488245
2827,0.8952478283086357,0.10475217169136433
2828,0.7747524752475248,0.22524752475247525
2829,0.9763120398955117,0.023687960104488245
2830,0.9763120398955117,0.023687960104488245
2831,0.9763120398955117,0.023687960104488245
2832,0.38694992412746587,0.6130500758725341
2833,0.9763120398955117,0.023687960104488245
2834,0.38694992412746587,0.6130500758725341
2835,0.5389703767615761,0.46102962323842395
2836,0.666028208253526,0.33397179174647396
2837,0.9763120398955117,0.023687960104488245
2838,0.38694992412746587,0.6130500758725341
2839,0.9,0.1
2840,0.9763120398955117,0.023687960104488245
2841,0.20729537366548043,0.7927046263345195
2842,0.9763120398955117,0.023687960104488245
2843,0.9763120398955117,0.023687960104488245
2844,0.7967914438502673,0.20320855614973263
2845,0.20729537366548043,0.7927046263345195
2846,0.8952478283086357,0.10475217169136433
2847,0.8999638858793788,0.10003611412062116
2848,0.9763120398955117,0.023687960104488245
2849,0.666028208253526,0.33397179174647396
2850,0.8999638858793788,0.10003611412062116
2851,0.9763120398955117,0.023687960104488245
2852,0.20729537366548043,0.7927046263345195
2853,0.9763120398955117,0.023687960104488245
2854,0.9763120398955117,0.023687960104488245
2855,0.9763120398955117,0.023687960104488245
2856,0.9763120398955117,0.023687960104488245
2857,0.8952478283086357,0.10475217169136433
2858,0.5389703767615761,0.46102962323842395
2859,0.9763120398955117,0.023687960104488245
2860,0.5701219512195121,0.4298780487804878
2861,0.666028208253526,0.33397179174647396
2862,0.38694992412746587,0.6130500758725341
2863,0.9,0.1
2864,0.9763120398955117,0.023687960104488245
2865,0.9,0.1
2866,0.8952478283086357,0.10475217169136433
2867,0.9763120398955117,0.023687960104488245
2868,0.9763120398955117,0.023687960104488245
2869,0.38694992412746587,0.6130500758725341
2870,0.9763120398955117,0.023687960104488245
2871,0.5389703767615761,0.46102962323842395
2872,0.38694992412746587,0.6130500758725341
2873,0.38694992412746587,0.6130500758725341
2874,0.666028208253526,0.33397179174647396
2875,0.9763120398955117,0.023687960104488245
2876,0.9763120398955117,0.023687960104488245
2877,0.8999638858793788,0.10003611412062116
2878,0.9763120398955117,0.023687960104488245
2879,0.9763120398955117,0.023687960104488245
2880,0.9763120398955117,0.023687960104488245
2881,0.666028208253526,0.33397179174647396
2882,0.9,0.1
2883,0.9763120398955117,0.023687960104488245
2884,0.5389703767615761,0.46102962323842395
2885,0.7194950911640954,0.2805049088359046
2886,0.38694992412746587,0.6130500758725341
2887,0.9763120398955117,0.023687960104488245
2888,0.5389703767615761,0.46102962323842395
2889,0.8999638858793788,0.10003611412062116
2890,0.9763120398955117,0.023687960104488245
2891,0.38694992412746587,0.6130500758725341
2892,0.666028208253526,0.33397179174647396
2893,0.9763120398955117,0.023687960104488245
2894,0.38694992412746587,0.6130500758725341
2895,0.8584183673469388,0.14158163265306123
2896,0.7967914438502673,0.20320855614973263
2897,0.38694992412746587,0.6130500758725341
2898,0.9763120398955117,0.023687960104488245
2899,0.9763120398955117,0.023687960104488245
2900,0.9763120398955117,0.023687960104488245
2901,0.9763120398955117,0.023687960104488245
2902,0.9763120398955117,0.023687960104488245
2903,0.9763120398955117,0.023687960104488245
2904,0.666028208253526,0.33397179174647396
2905,0.20729537366548043,0.7927046263345195
2906,0.5389703767615761,0.46102962323842395
2907,0.38694992412746587,0.6130500758725341
2908,0.9763120398955117,0.023687960104488245
2909,0.38694992412746587,0.6130500758725341
2910,0.8952478283086357,0.10475217169136433
2911,0.9763120398955117,0.023687960104488245
2912,0.9763120398955117,0.023687960104488245
2913,0.9763120398955117,0.023687960104488245
2914,0.8999638858793788,0.10003611412062116
2915,0.38694992412746587,0.6130500758725341
2916,0.7194950911640954,0.2805049088359046
2917,0.9763120398955117,0.023687960104488245
2918,0.9763120398955117,0.023687960104488245
2919,0.9763120398955117,0.023687960104488245
2920,0.8999638858793788,0.10003611412062116
2921,0.5389703767615761,0.46102962323842395
2922,0.20729537366548043,0.7927046263345195
2923,0.5701219512195121,0.4298780487804878
2924,0.5389703767615761,0.46102962323842395
2925,0.9763120398955117,0.023687960104488245
2926,0.9763120398955117,0.023687960104488245
2927,0.9,0.1
2928,0.20729537366548043,0.7927046263345195
2929,0.8566308243727598,0.14336917562724014
2930,0.9,0.1
2931,0.9763120398955117,0.023687960104488245
2932,0.666028208253526,0.33397179174647396
2933,0.666028208253526,0.33397179174647396
2934,0.20729537366548043,0.7927046263345195
2935,0.8999638858793788,0.10003611412062116
2936,0.9763120398955117,0.023687960104488245
2937,0.38694992412746587,0.6130500758725341
2938,0.666028208253526,0.33397179174647396
2939,0.5389703767615761,0.46102962323842395
2940,0.9763120398955117,0.023687960104488245
2941,0.9763120398955117,0.023687960104488245
2942,0.8584183673469388,0.14158163265306123
2943,0.9763120398955117,0.023687960104488245
2944,0.9763120398955117,0.023687960104488245
2945,0.9763120398955117,0.023687960104488245
2946,0.9763120398955117,0.023687960104488245
2947,0.666028208253526,0.33397179174647396
2948,0.20729537366548043,0.7927046263345195
2949,0.9763120398955117,0.023687960104488245
2950,0.9763120398955117,0.023687960104488245
2951,0.9763120398955117,0.023687960104488245
2952,0.5389703767615761,0.46102962323842395
2953,0.8584183673469388,0.14158163265306123
2954,0.9763120398955117,0.023687960104488245
2955,0.666028208253526,0.33397179174647396
2956,0.7194950911640954,0.2805049088359046
2957,0.9763120398955117,0.023687960104488245
2958,0.38694992412746587,0.6130500758725341
2959,0.9763120398955117,0.023687960104488245
2960,0.9763120398955117,0.023687960104488245
2961,0.666028208253526,0.33397179174647396
2962,0.38694992412746587,0.6130500758725341
2963,0.38694992412746587,0.6130500758725341
2964,0.7747524752475248,0.22524752475247525
2965,0.5389703767615761,0.46102962323842395
2966,0.9763120398955117,0.023687960104488245
2967,0.38694992412746587,0.6130500758725341
2968,0.9763120398955117,0.023687960104488245
2969,0.8999638858793788,0.10003611412062116
2970,0.8952478283086357,0.10475217169136433
2971,0.9763120398955117,0.023687960104488245
2972,0.9763120398955117,0.023687960104488245
2973,0.7194950911640954,0.2805049088359046
2974,0.9763120398955117,0.023687960104488245
2975,0.38694992412746587,0.6130500758725341
2976,0.20729537366548043,0.7927046263345195
2977,0.5389703767615761,0.46102962323842395
2978,0.38694992412746587,0.6130500758725341
2979,0.9763120398955117,0.023687960104488245
2980,0.5389703767615761,0.46102962323842395
2981,0.9763120398955117,0.023687960104488245
2982,0.666028208253526,0.33397179174647396
2983,0.9763120398955117,0.023687960104488245
2984,0.9763120398955117,0.023687960104488245
2985,0.38694992412746587,0.6130500758725341
2986,0.666028208253526,0.33397179174647396
2987,0.8952478283086357,0.10475217169136433
2988,0.666028208253526,0.33397179174647396
2989,0.666028208253526,0.33397179174647396
2990,0.5389703767615761,0.46102962323842395
2991,0.666028208253526,0.33397179174647396
2992,0.9,0.1
2993,0.9763120398955117,0.023687960104488245
2994,0.666028208253526,0.33397179174647396
2995,0.38694992412746587,0.6130500758725341
2996,0.9763120398955117,0.023687960104488245
2997,0.9763120398955117,0.023687960104488245
2998,0.9763120398955117,0.023687960104488245
2999,0.9763120398955117,0.023687960104488245
3000,0.20729537366548043,0.7927046263345195
3001,0.666028208253526,0.33397179174647396
3002,0.9763120398955117,0.023687960104488245
3003,0.9,0.1
3004,0.9763120398955117,0.023687960104488245
3005,0.9763120398955117,0.023687960104488245
3006,0.666028208253526,0.33397179174647396
3007,0.9763120398955117,0.023687960104488245
3008,0.9763120398955117,0.023687960104488245
3009,0.8584183673469388,0.14158163265306123
3010,0.9763120398955117,0.023687960104488245
3011,0.8952478283086357,0.10475217169136433
3012,0.6047619047619047,0.3952380952380952
3013,0.8584183673469388,0.14158163265306123
3014,0.666028208253526,0.33397179174647396
3015,0.5701219512195121,0.4298780487804878
3016,0.9,0.1
3017,0.9763120398955117,0.023687960104488245
3018,0.9763120398955117,0.023687960104488245
3019,0.666028208253526,0.33397179174647396
3020,0.8999638858793788,0.10003611412062116
3021,0.5389703767615761,0.46102962323842395
3022,0.9763120398955117,0.023687960104488245
3023,0.20729537366548043,0.7927046263345195
3024,0.9763120398955117,0.023687960104488245
3025,0.38694992412746587,0.6130500758725341
3026,0.38694992412746587,0.6130500758725341
3027,0.8999638858793788,0.10003611412062116
3028,0.9763120398955117,0.023687960104488245
3029,0.9763120398955117,0.023687960104488245
3030,0.9763120398955117,0.023687960104488245
3031,0.666028208253526,0.33397179174647396
3032,0.9763120398955117,0.023687960104488245
3033,0.38694992412746587,0.6130500758725341
3034,0.666028208253526,0.33397179174647396
3035,0.9763120398955117,0.023687960104488245
3036,0.5389703767615761,0.46102962323842395
3037,0.8584183673469388,0.14158163265306123
3038,0.38694992412746587,0.6130500758725341
3039,0.38694992412746587,0.6130500758725341
3040,0.9,0.1
3041,0.9763120398955117,0.023687960104488245
3042,0.9763120398955117,0.023687960104488245
3043,0.666028208253526,0.33397179174647396
3044,0.9763120398955117,0.023687960104488245
3045,0.20729537366548043,0.7927046263345195
3046,0.9763120398955117,0.023687960104488245
3047,0.9763120398955117,0.023687960104488245
3048,0.5389703767615761,0.46102962323842395
3049,0.666028208253526,0.33397179174647396
3050,0.7967914438502673,0.20320855614973263
3051,0.8952478283086357,0.10475217169136433
3052,0.5389703767615761,0.46102962323842395
3053,0.9,0.1
3054,0.9763120398955117,0.023687960104488245
3055,0.666028208253526,0.33397179174647396
3056,0.9763120398955117,0.023687960104488245
3057,0.9763120398955117,0.023687960104488245
3058,0.9763120398955117,0.023687960104488245
3059,0.9763120398955117,0.023687960104488245
3060,0.38694992412746587,0.6130500758725341
3061,0.666028208253526,0.33397179174647396
3062,0.9763120398955117,0.023687960104488245
3063,0.9763120398955117,0.023687960104488245
3064,0.9763120398955117,0.023687960104488245
3065,0.9763120398955117,0.023687960104488245
3066,0.9763120398955117,0.023687960104488245
3067,0.8999638858793788,0.10003611412062116
3068,0.666028208253526,0.33397179174647396
3069,0.20729537366548043,0.7927046263345195
3070,0.38694992412746587,0.6130500758725341
3071,0.9763120398955117,0.023687960104488245
3072,0.9763120398955117,0.023687960104488245
3073,0.9763120398955117,0.023687960104488245
3074,0.20729537366548043,0.7927046263345195
3075,0.5389703767615761,0.46102962323842395
3076,0.9763120398955117,0.023687960104488245
3077,0.38694992412746587,0.6130500758725341
3078,0.9763120398955117,0.023687960104488245
3079,0.20729537366548043,0.7927046263345195
3080,0.9763120398955117,0.023687960104488245
3081,0.9763120398955117,0.023687960104488245
3082,0.9,0.1
3083,0.9763120398955117,0.023687960104488245
3084,0.5389703767615761,0.46102962323842395
3085,0.9763120398955117,0.023687960104488245
3086,0.8952478283086357,0.10475217169136433
3087,0.9763120398955117,0.023687960104488245
3088,0.8952478283086357,0.10475217169136433
3089,0.20729537366548043,0.7927046263345195
3090,0.38694992412746587,0.6130500758725341
3091,0.7967914438502673,0.20320855614973263
3092,0.9763120398955117,0.023687960104488245
3093,0.666028208253526,0.33397179174647396
3094,0.9763120398955117,0.023687960104488245
3095,0.9763120398955117,0.023687960104488245
3096,0.9763120398955117,0.023687960104488245
3097,0.8999638858793788,0.10003611412062116
3098,0.9763120398955117,0.023687960104488245
3099,0.666028208253526,0.33397179174647396
3100,0.20729537366548043,0.7927046263345195
3101,0.9,0.1
3102,0.666028208253526,0.33397179174647396
3103,0.8952478283086357,0.10475217169136433
3104,0.7194950911640954,0.2805049088359046
3105,0.9763120398955117,0.023687960104488245
3106,0.38694992412746587,0.6130500758725341
3107,0.7194950911640954,0.2805049088359046
3108,0.9763120398955117,0.023687960104488245
3109,0.9763120398955117,0.023687960104488245
3110,0.9763120398955117,0.023687960104488245
3111,0.8999638858793788,0.10003611412062116
3112,0.38694992412746587,0.6130500758725341
3113,0.9,0.1
3114,0.9,0.1
3115,0.9763120398955117,0.023687960104488245
3116,0.9763120398955117,0.023687960104488245
3117,0.9763120398955117,0.023687960104488245
3118,0.9,0.1
3119,0.20729537366548043,0.7927046263345195
3120,0.8584183673469388,0.14158163265306123
3121,0.666028208253526,0.33397179174647396
3122,0.9,0.1
3123,0.9763120398955117,0.023687960104488245
3124,0.30357142857142855,0.6964285714285714
3125,0.9763120398955117,0.023687960104488245
3126,0.9763120398955117,0.023687960104488245
3127,0.9763120398955117,0.023687960104488245
3128,0.9763120398955117,0.023687960104488245
3129,0.9,0.1
3130,0.20729537366548043,0.7927046263345195
3131,0.20729537366548043,0.7927046263345195
3132,0.9763120398955117,0.023687960104488245
3133,0.9763120398955117,0.023687960104488245
3134,0.38694992412746587,0.6130500758725341
3135,0.666028208253526,0.33397179174647396
3136,0.5389703767615761,0.46102962323842395
3137,0.666028208253526,0.33397179174647396
3138,0.666028208253526,0.33397179174647396
3139,0.9763120398955117,0.023687960104488245
3140,0.9,0.1
3141,0.9763120398955117,0.023687960104488245
3142,0.9763120398955117,0.023687960104488245
3143,0.9763120398955117,0.023687960104488245
3144,0.9763120398955117,0.023687960104488245
3145,0.5389703767615761,0.46102962323842395
3146,0.9,0.1
3147,0.20729537366548043,0.7927046263345195
3148,0.8584183673469388,0.14158163265306123
3149,0.9763120398955117,0.023687960104488245
3150,0.9763120398955117,0.023687960104488245
3151,0.20729537366548043,0.7927046263345195
3152,0.5389703767615761,0.46102962323842395
3153,0.8999638858793788,0.10003611412062116
3154,0.9763120398955117,0.023687960104488245
3155,0.5389703767615761,0.46102962323842395
3156,0.9763120398955117,0.023687960104488245
3157,0.666028208253526,0.33397179174647396
3158,0.666028208253526,0.33397179174647396
3159,0.38694992412746587,0.6130500758725341
3160,0.5389703767615761,0.46102962323842395
3161,0.9763120398955117,0.023687960104488245
3162,0.9763120398955117,0.023687960104488245
3163,0.9763120398955117,0.023687960104488245
3164,0.9,0.1
3165,0.9763120398955117,0.023687960104488245
3166,0.5389703767615761,0.46102962323842395
3167,0.5389703767615761,0.46102962323842395
3168,0.9763120398955117,0.023687960104488245
3169,0.9763120398955117,0.023687960104488245
3170,0.38694992412746587,0.6130500758725341
3171,0.8999638858793788,0.10003611412062116
3172,0.38694992412746587,0.6130500758725341
3173,0.38694992412746587,0.6130500758725341
3174,0.9763120398955117,0.023687960104488245
3175,0.9763120398955117,0.023687960104488245
3176,0.9763120398955117,0.023687960104488245
3177,0.5389703767615761,0.46102962323842395
3178,0.9763120398955117,0.023687960104488245
3179,0.20729537366548043,0.7927046263345195
3180,0.666028208253526,0.33397179174647396
3181,0.5389703767615761,0.46102962323842395
3182,0.9763120398955117,0.023687960104488245
3183,0.666028208253526,0.33397179174647396
3184,0.9763120398955117,0.023687960104488245
3185,0.8999638858793788,0.10003611412062116
3186,0.9763120398955117,0.023687960104488245
3187,0.20729537366548043,0.7927046263345195
3188,0.9763120398955117,0.023687960104488245
3189,0.666028208253526,0.33397179174647396
3190,0.8952478283086357,0.10475217169136433
3191,0.8999638858793788,0.10003611412062116
3192,0.9763120398955117,0.023687960104488245
3193,0.38694992412746587,0.6130500758725341
3194,0.666028208253526,0.33397179174647396
3195,0.38694992412746587,0.6130500758725341
3196,0.9763120398955117,0.023687960104488245
3197,0.666028208253526,0.33397179174647396
3198,0.666028208253526,0.33397179174647396
3199,0.8584183673469388,0.14158163265306123
3200,0.38694992412746587,0.6130500758725341
3201,0.9763120398955117,0.023687960104488245
3202,0.5389703767615761,0.46102962323842395
3203,0.38694992412746587,0.6130500758725341
3204,0.7194950911640954,0.2805049088359046
3205,0.9763120398955117,0.023687960104488245
3206,0.38694992412746587,0.6130500758725341
3207,0.38694992412746587,0.6130500758725341
3208,0.20729537366548043,0.7927046263345195
3209,0.9763120398955117,0.023687960104488245
3210,0.9763120398955117,0.023687960104488245
3211,0.666028208253526,0.33397179174647396
3212,0.38694992412746587,0.6130500758725341
3213,0.8999638858793788,0.10003611412062116
3214,0.38694992412746587,0.6130500758725341
3215,0.9,0.1
3216,0.5389703767615761,0.46102962323842395
3217,0.9763120398955117,0.023687960104488245
3218,0.9763120398955117,0.023687960104488245
3219,0.9763120398955117,0.023687960104488245
3220,0.20729537366548043,0.7927046263345195
3221,0.9763120398955117,0.023687960104488245
3222,0.8999638858793788,0.10003611412062116
3223,0.38694992412746587,0.6130500758725341
3224,0.8999638858793788,0.10003611412062116
3225,0.9763120398955117,0.023687960104488245
3226,0.8584183673469388,0.14158163265306123
3227,0.5389703767615761,0.46102962323842395
3228,0.9763120398955117,0.023687960104488245
3229,0.9763120398955117,0.023687960104488245
3230,0.5389703767615761,0.46102962323842395
3231,0.8952478283086357,0.10475217169136433
3232,0.666028208253526,0.33397179174647396
3233,0.38694992412746587,0.6130500758725341
3234,0.9763120398955117,0.023687960104488245
3235,0.666028208253526,0.33397179174647396
3236,0.9763120398955117,0.023687960104488245
3237,0.7747524752475248,0.22524752475247525
3238,0.38694992412746587,0.6130500758725341
3239,0.8999638858793788,0.10003611412062116
3240,0.666028208253526,0.33397179174647396
3241,0.5389703767615761,0.46102962323842395
3242,0.8952478283086357,0.10475217169136433
3243,0.666028208253526,0.33397179174647396
3244,0.20729537366548043,0.7927046263345195
3245,0.9763120398955117,0.023687960104488245
3246,0.666028208253526,0.33397179174647396
3247,0.9763120398955117,0.023687960104488245
3248,0.8999638858793788,0.10003611412062116
3249,0.666028208253526,0.33397179174647396
3250,0.9,0.1
3251,0.5389703767615761,0.46102962323842395
3252,0.9763120398955117,0.023687960104488245
3253,0.9,0.1
3254,0.9763120398955117,0.023687960104488245
3255,0.8952478283086357,0.10475217169136433
3256,0.9763120398955117,0.023687960104488245
3257,0.666028208253526,0.33397179174647396
3258,0.9763120398955117,0.023687960104488245
3259,0.20729537366548043,0.7927046263345195
3260,0.9763120398955117,0.023687960104488245
3261,0.20729537366548043,0.7927046263345195
3262,0.9763120398955117,0.023687960104488245
3263,0.7194950911640954,0.2805049088359046
3264,0.38694992412746587,0.6130500758725341
3265,0.9763120398955117,0.023687960104488245
3266,0.9763120398955117,0.023687960104488245
3267,0.5389703767615761,0.46102962323842395
3268,0.666028208253526,0.33397179174647396
3269,0.666028208253526,0.33397179174647396
3270,0.20729537366548043,0.7927046263345195
3271,0.9763120398955117,0.023687960104488245
3272,0.7194950911640954,0.2805049088359046
3273,0.20729537366548043,0.7927046263345195
3274,0.5389703767615761,0.46102962323842395
3275,0.20729537366548043,0.7927046263345195
3276,0.20729537366548043,0.7927046263345195
3277,0.666028208253526,0.33397179174647396
3278,0.38694992412746587,0.6130500758725341
3279,0.38694992412746587,0.6130500758725341
3280,0.9763120398955117,0.023687960104488245
3281,0.9763120398955117,0.023687960104488245
3282,0.666028208253526,0.33397179174647396
3283,0.9763120398955117,0.023687960104488245
3284,0.5389703767615761,0.46102962323842395
3285,0.9763120398955117,0.023687960104488245
3286,0.9763120398955117,0.023687960104488245
3287,0.9,0.1
3288,0.9763120398955117,0.023687960104488245
3289,0.9763120398955117,0.023687960104488245
3290,0.8566308243727598,0.14336917562724014
3291,0.9763120398955117,0.023687960104488245
3292,0.666028208253526,0.33397179174647396
3293,0.9763120398955117,0.023687960104488245
3294,0.9763120398955117,0.023687960104488245
3295,0.5389703767615761,0.46102962323842395
3296,0.8999638858793788,0.10003611412062116
3297,0.38694992412746587,0.6130500758725341
3298,0.9763120398955117,0.023687960104488245
3299,0.666028208253526,0.33397179174647396
3300,0.9763120398955117,0.023687960104488245
3301,0.9763120398955117,0.023687960104488245
3302,0.9763120398955117,0.023687960104488245
3303,0.8999638858793788,0.10003611412062116
3304,0.7194950911640954,0.2805049088359046
3305,0.8584183673469388,0.14158163265306123
3306,0.9,0.1
3307,0.5389703767615761,0.46102962323842395
3308,0.8952478283086357,0.10475217169136433
3309,0.9763120398955117,0.023687960104488245
3310,0.20729537366548043,0.7927046263345195
3311,0.666028208253526,0.33397179174647396
3312,0.20729537366548043,0.7927046263345195
3313,0.38694992412746587,0.6130500758725341
3314,0.9763120398955117,0.023687960104488245
3315,0.9763120398955117,0.023687960104488245
3316,0.38694992412746587,0.6130500758725341
3317,0.9763120398955117,0.023687960104488245
3318,0.9763120398955117,0.023687960104488245
3319,0.8952478283086357,0.10475217169136433
3320,0.9763120398955117,0.023687960104488245
3321,0.8999638858793788,0.10003611412062116
3322,0.9763120398955117,0.023687960104488245
3323,0.7194950911640954,0.2805049088359046
3324,0.9763120398955117,0.023687960104488245
3325,0.9763120398955117,0.023687960104488245
3326,0.8952478283086357,0.10475217169136433
3327,0.9763120398955117,0.023687960104488245
3328,0.38694992412746587,0.6130500758725341
3329,0.9763120398955117,0.023687960104488245
3330,0.9763120398955117,0.023687960104488245
3331,0.9763120398955117,0.023687960104488245
3332,0.9,0.1
3333,0.666028208253526,0.33397179174647396
3334,0.9763120398955117,0.023687960104488245
3335,0.9,0.1
3336,0.5389703767615761,0.46102962323842395
3337,0.9,0.1
3338,0.9763120398955117,0.023687960104488245
3339,0.20729537366548043,0.7927046263345195
3340,0.666028208253526,0.33397179174647396
3341,0.5389703767615761,0.46102962323842395
3342,0.9,0.1
3343,0.9763120398955117,0.023687960104488245
3344,0.8952478283086357,0.10475217169136433
3345,0.666028208253526,0.33397179174647396
3346,0.666028208253526,0.33397179174647396
3347,0.666028208253526,0.33397179174647396
3348,0.8999638858793788,0.10003611412062116
3349,0.666028208253526,0.33397179174647396
3350,0.8952478283086357,0.10475217169136433
3351,0.5389703767615761,0.46102962323842395
3352,0.9763120398955117,0.023687960104488245
3353,0.38694992412746587,0.6130500758725341
3354,0.666028208253526,0.33397179174647396
3355,0.7194950911640954,0.2805049088359046
3356,0.8566308243727598,0.14336917562724014
3357,0.7747524752475248,0.22524752475247525
3358,0.8999638858793788,0.10003611412062116
3359,0.9763120398955117,0.023687960104488245
3360,0.9763120398955117,0.023687960104488245
3361,0.20729537366548043,0.7927046263345195
3362,0.8584183673469388,0.14158163265306123
3363,0.9763120398955117,0.023687960104488245
3364,0.8999638858793788,0.10003611412062116
3365,0.666028208253526,0.33397179174647396
3366,0.9763120398955117,0.023687960104488245
3367,0.5389703767615761,0.46102962323842395
3368,0.9763120398955117,0.023687960104488245
3369,0.666028208253526,0.33397179174647396
3370,0.666028208253526,0.33397179174647396
3371,0.9763120398955117,0.023687960104488245
3372,0.38694992412746587,0.6130500758725341
3373,0.9763120398955117,0.023687960104488245
3374,0.5389703767615761,0.46102962323842395
3375,0.9763120398955117,0.023687960104488245
3376,0.20729537366548043,0.7927046263345195
3377,0.38694992412746587,0.6130500758725341
3378,0.38694992412746587,0.6130500758725341
3379,0.8999638858793788,0.10003611412062116
3380,0.38694992412746587,0.6130500758725341
3381,0.38694992412746587,0.6130500758725341
3382,0.38694992412746587,0.6130500758725341
3383,0.9763120398955117,0.023687960104488245
3384,0.20729537366548043,0.7927046263345195
3385,0.9763120398955117,0.023687960104488245
3386,0.9763120398955117,0.023687960104488245
3387,0.20729537366548043,0.7927046263345195
3388,0.38694992412746587,0.6130500758725341
3389,0.38694992412746587,0.6130500758725341
3390,0.38694992412746587,0.6130500758725341
3391,0.8952478283086357,0.10475217169136433
3392,0.9763120398955117,0.023687960104488245
3393,0.8999638858793788,0.10003611412062116
3394,0.7194950911640954,0.2805049088359046
3395,0.9763120398955117,0.023687960104488245
3396,0.5389703767615761,0.46102962323842395
3397,0.9763120398955117,0.023687960104488245
3398,0.8999638858793788,0.10003611412062116
3399,0.9,0.1
3400,0.8999638858793788,0.10003611412062116
3401,0.9,0.1
3402,0.9763120398955117,0.023687960104488245
3403,0.8999638858793788,0.10003611412062116
3404,0.666028208253526,0.33397179174647396
3405,0.9763120398955117,0.023687960104488245
3406,0.9763120398955117,0.023687960104488245
3407,0.9763120398955117,0.023687960104488245
3408,0.5389703767615761,0.46102962323842395
3409,0.8999638858793788,0.10003611412062116
3410,0.666028208253526,0.33397179174647396
3411,0.7194950911640954,0.2805049088359046
3412,0.38694992412746587,0.6130500758725341
3413,0.9763120398955117,0.023687960104488245
3414,0.8952478283086357,0.10475217169136433
3415,0.9763120398955117,0.023687960104488245
3416,0.5389703767615761,0.46102962323842395
3417,0.30357142857142855,0.6964285714285714
3418,0.5389703767615761,0.46102962323842395
3419,0.9763120398955117,0.023687960104488245
3420,0.38694992412746587,0.6130500758725341
3421,0.9763120398955117,0.023687960104488245
3422,0.8999638858793788,0.10003611412062116
3423,0.8952478283086357,0.10475217169136433
3424,0.5389703767615761,0.46102962323842395
3425,0.7967914438502673,0.20320855614973263
3426,0.8999638858793788,0.10003611412062116
3427,0.7747524752475248,0.22524752475247525
3428,0.9,0.1
3429,0.5389703767615761,0.46102962323842395
3430,0.5389703767615761,0.46102962323842395
3431,0.5389703767615761,0.46102962323842395
3432,0.9763120398955117,0.023687960104488245
3433,0.9763120398955117,0.023687960104488245
3434,0.38694992412746587,0.6130500758725341
3435,0.666028208253526,0.33397179174647396
3436,0.9763120398955117,0.023687960104488245
3437,0.9763120398955117,0.023687960104488245
3438,0.38694992412746587,0.6130500758725341
3439,0.9763120398955117,0.023687960104488245
3440,0.8999638858793788,0.10003611412062116
3441,0.9763120398955117,0.023687960104488245
3442,0.20729537366548043,0.7927046263345195
3443,0.666028208253526,0.33397179174647396
3444,0.8584183673469388,0.14158163265306123
3445,0.5389703767615761,0.46102962323842395
3446,0.20729537366548043,0.7927046263345195
3447,0.666028208253526,0.33397179174647396
3448,0.9763120398955117,0.023687960104488245
3449,0.38694992412746587,0.6130500758725341
3450,0.38694992412746587,0.6130500758725341
3451,0.38694992412746587,0.6130500758725341
3452,0.38694992412746587,0.6130500758725341
3453,0.6047619047619047,0.3952380952380952
3454,0.9763120398955117,0.023687960104488245
3455,0.8999638858793788,0.10003611412062116
3456,0.9763120398955117,0.023687960104488245
3457,0.5389703767615761,0.46102962323842395
3458,0.38694992412746587,0.6130500758725341
3459,0.20729537366548043,0.7927046263345195
3460,0.9763120398955117,0.023687960104488245
3461,0.666028208253526,0.33397179174647396
3462,0.5389703767615761,0.46102962323842395
3463,0.666028208253526,0.33397179174647396
3464,0.9763120398955117,0.023687960104488245
3465,0.5389703767615761,0.46102962323842395
3466,0.5701219512195121,0.4298780487804878
3467,0.5389703767615761,0.46102962323842395
3468,0.38694992412746587,0.6130500758725341
3469,0.8999638858793788,0.10003611412062116
3470,0.9,0.1
3471,0.9763120398955117,0.023687960104488245
3472,0.9763120398955117,0.023687960104488245
3473,0.7967914438502673,0.20320855614973263
3474,0.9763120398955117,0.023687960104488245
3475,0.5389703767615761,0.46102962323842395
3476,0.20729537366548043,0.7927046263345195
3477,0.9763120398955117,0.023687960104488245
3478,0.9,0.1
3479,0.8999638858793788,0.10003611412062116
3480,0.9763120398955117,0.023687960104488245
3481,0.666028208253526,0.33397179174647396
3482,0.9763120398955117,0.023687960104488245
3483,0.9763120398955117,0.023687960104488245
3484,0.20729537366548043,0.7927046263345195
3485,0.9763120398955117,0.023687960104488245
3486,0.9,0.1
3487,0.666028208253526,0.33397179174647396
3488,0.666028208253526,0.33397179174647396
3489,0.9763120398955117,0.023687960104488245
3490,0.9763120398955117,0.023687960104488245
3491,0.9,0.1
3492,0.38694992412746587,0.6130500758725341
3493,0.9763120398955117,0.023687960104488245
3494,0.7194950911640954,0.2805049088359046
3495,0.8952478283086357,0.10475217169136433
3496,0.8952478283086357,0.10475217169136433
3497,0.9763120398955117,0.023687960104488245
3498,0.9763120398955117,0.023687960104488245
3499,0.9763120398955117,0.023687960104488245
3500,0.9763120398955117,0.023687960104488245
3501,0.9763120398955117,0.023687960104488245
3502,0.5389703767615761,0.46102962323842395
3503,0.5389703767615761,0.46102962323842395
3504,0.38694992412746587,0.6130500758725341
3505,0.9763120398955117,0.023687960104488245
3506,0.7967914438502673,0.20320855614973263
3507,0.20729537366548043,0.7927046263345195
3508,0.9763120398955117,0.023687960104488245
3509,0.9763120398955117,0.023687960104488245
3510,0.8584183673469388,0.14158163265306123
3511,0.666028208253526,0.33397179174647396
3512,0.5389703767615761,0.46102962323842395
3513,0.38694992412746587,0.6130500758725341
3514,0.38694992412746587,0.6130500758725341
3515,0.38694992412746587,0.6130500758725341
3516,0.38694992412746587,0.6130500758725341
3517,0.9763120398955117,0.023687960104488245
3518,0.38694992412746587,0.6130500758725341
3519,0.9763120398955117,0.023687960104488245
3520,0.5389703767615761,0.46102962323842395
3521,0.9763120398955117,0.023687960104488245
3522,0.38694992412746587,0.6130500758725341
3523,0.9763120398955117,0.023687960104488245
3524,0.9763120398955117,0.023687960104488245
3525,0.20729537366548043,0.7927046263345195
3526,0.9763120398955117,0.023687960104488245
3527,0.5389703767615761,0.46102962323842395
3528,0.8584183673469388,0.14158163265306123
3529,0.38694992412746587,0.6130500758725341
3530,0.9763120398955117,0.023687960104488245
3531,0.20729537366548043,0.7927046263345195
3532,0.9763120398955117,0.023687960104488245
3533,0.9763120398955117,0.023687960104488245
3534,0.9763120398955117,0.023687960104488245
3535,0.9763120398955117,0.023687960104488245
3536,0.666028208253526,0.33397179174647396
3537,0.666028208253526,0.33397179174647396
3538,0.9763120398955117,0.023687960104488245
3539,0.9763120398955117,0.023687960104488245
3540,0.666028208253526,0.33397179174647396
3541,0.666028208253526,0.33397179174647396
3542,0.666028208253526,0.33397179174647396
3543,0.9763120398955117,0.023687960104488245
3544,0.8584183673469388,0.14158163265306123
3545,0.5389703767615761,0.46102962323842395
3546,0.666028208253526,0.33397179174647396
3547,0.9763120398955117,0.023687960104488245
3548,0.7967914438502673,0.20320855614973263
3549,0.7967914438502673,0.20320855614973263
3550,0.7747524752475248,0.22524752475247525
3551,0.7747524752475248,0.22524752475247525
3552,0.5389703767615761,0.46102962323842395
3553,0.9763120398955117,0.023687960104488245
3554,0.9763120398955117,0.023687960104488245
3555,0.666028208253526,0.33397179174647396
3556,0.9763120398955117,0.023687960104488245
3557,0.9763120398955117,0.023687960104488245
3558,0.666028208253526,0.33397179174647396
3559,0.9763120398955117,0.023687960104488245
3560,0.9,0.1
3561,0.38694992412746587,0.6130500758725341
3562,0.9,0.1
3563,0.38694992412746587,0.6130500758725341
3564,0.9763120398955117,0.023687960104488245
3565,0.9763120398955117,0.023687960104488245
3566,0.9763120398955117,0.023687960104488245
3567,0.8952478283086357,0.10475217169136433
3568,0.666028208253526,0.33397179174647396
3569,0.9763120398955117,0.023687960104488245
3570,0.7967914438502673,0.20320855614973263
3571,0.8952478283086357,0.10475217169136433
3572,0.5389703767615761,0.46102962323842395
3573,0.9763120398955117,0.023687960104488245
3574,0.9763120398955117,0.023687960104488245
3575,0.9763120398955117,0.023687960104488245
3576,0.9763120398955117,0.023687960104488245
3577,0.9763120398955117,0.023687960104488245
3578,0.9763120398955117,0.023687960104488245
3579,0.5389703767615761,0.46102962323842395
3580,0.9763120398955117,0.023687960104488245
3581,0.9763120398955117,0.023687960104488245
3582,0.38694992412746587,0.6130500758725341
3583,0.9763120398955117,0.023687960104488245
3584,0.9763120398955117,0.023687960104488245
3585,0.9763120398955117,0.023687960104488245
3586,0.666028208253526,0.33397179174647396
3587,0.9,0.1
3588,0.9,0.1
3589,0.7194950911640954,0.2805049088359046
3590,0.9763120398955117,0.023687960104488245
3591,0.9763120398955117,0.023687960104488245
3592,0.9763120398955117,0.023687960104488245
3593,0.9763120398955117,0.023687960104488245
3594,0.38694992412746587,0.6130500758725341
3595,0.38694992412746587,0.6130500758725341
3596,0.666028208253526,0.33397179174647396
3597,0.38694992412746587,0.6130500758725341
3598,0.8999638858793788,0.10003611412062116
3599,0.6047619047619047,0.3952380952380952
3600,0.9763120398955117,0.023687960104488245
3601,0.9763120398955117,0.023687960104488245
3602,0.8566308243727598,0.14336917562724014
3603,0.9763120398955117,0.023687960104488245
3604,0.9763120398955117,0.023687960104488245
3605,0.9763120398955117,0.023687960104488245
3606,0.666028208253526,0.33397179174647396
3607,0.9763120398955117,0.023687960104488245
3608,0.9763120398955117,0.023687960104488245
3609,0.38694992412746587,0.6130500758725341
3610,0.9763120398955117,0.023687960104488245
3611,0.38694992412746587,0.6130500758725341
3612,0.5389703767615761,0.46102962323842395
3613,0.9763120398955117,0.023687960104488245
3614,0.9763120398955117,0.023687960104488245
3615,0.38694992412746587,0.6130500758725341
3616,0.20729537366548043,0.7927046263345195
3617,0.9763120398955117,0.023687960104488245
3618,0.20729537366548043,0.7927046263345195
3619,0.9763120398955117,0.023687960104488245
3620,0.8999638858793788,0.10003611412062116
3621,0.5701219512195121,0.4298780487804878
3622,0.8952478283086357,0.10475217169136433
3623,0.8952478283086357,0.10475217169136433
3624,0.9763120398955117,0.023687960104488245
3625,0.7194950911640954,0.2805049088359046
3626,0.38694992412746587,0.6130500758725341
3627,0.666028208253526,0.33397179174647396
3628,0.38694992412746587,0.6130500758725341
3629,0.9763120398955117,0.023687960104488245
3630,0.5389703767615761,0.46102962323842395
3631,0.38694992412746587,0.6130500758725341
3632,0.666028208253526,0.33397179174647396
3633,0.38694992412746587,0.6130500758725341
3634,0.9763120398955117,0.023687960104488245
3635,0.5389703767615761,0.46102962323842395
3636,0.9763120398955117,0.023687960104488245
3637,0.20729537366548043,0.7927046263345195
3638,0.8999638858793788,0.10003611412062116
3639,0.8999638858793788,0.10003611412062116
3640,0.9763120398955117,0.023687960104488245
3641,0.666028208253526,0.33397179174647396
3642,0.20729537366548043,0.7927046263345195
3643,0.9,0.1
3644,0.5389703767615761,0.46102962323842395
3645,0.9763120398955117,0.023687960104488245
3646,0.9763120398955117,0.023687960104488245
3647,0.5389703767615761,0.46102962323842395
3648,0.8952478283086357,0.10475217169136433
3649,0.9763120398955117,0.023687960104488245
3650,0.6047619047619047,0.3952380952380952
3651,0.9763120398955117,0.023687960104488245
3652,0.8999638858793788,0.10003611412062116
3653,0.9763120398955117,0.023687960104488245
3654,0.666028208253526,0.33397179174647396
3655,0.9763120398955117,0.023687960104488245
3656,0.666028208253526,0.33397179174647396
3657,0.9763120398955117,0.023687960104488245
3658,0.8999638858793788,0.10003611412062116
3659,0.9763120398955117,0.023687960104488245
3660,0.9763120398955117,0.023687960104488245
3661,0.20729537366548043,0.7927046263345195
3662,0.8999638858793788,0.10003611412062116
3663,0.38694992412746587,0.6130500758725341
3664,0.8999638858793788,0.10003611412062116
3665,0.20729537366548043,0.7927046263345195
3666,0.20729537366548043,0.7927046263345195
3667,0.9763120398955117,0.023687960104488245
3668,0.9763120398955117,0.023687960104488245
3669,0.8999638858793788,0.10003611412062116
3670,0.9763120398955117,0.023687960104488245
3671,0.20729537366548043,0.7927046263345195
3672,0.5389703767615761,0.46102962323842395
3673,0.8999638858793788,0.10003611412062116
3674,0.38694992412746587,0.6130500758725341
3675,0.20729537366548043,0.7927046263345195
3676,0.5389703767615761,0.46102962323842395
3677,0.9763120398955117,0.023687960104488245
3678,0.666028208253526,0.33397179174647396
3679,0.9763120398955117,0.023687960104488245
3680,0.5701219512195121,0.4298780487804878
3681,0.9763120398955117,0.023687960104488245
3682,0.666028208253526,0.33397179174647396
3683,0.666028208253526,0.33397179174647396
3684,0.38694992412746587,0.6130500758725341
3685,0.9763120398955117,0.023687960104488245
3686,0.9763120398955117,0.023687960104488245
3687,0.8999638858793788,0.10003611412062116
3688,0.9763120398955117,0.023687960104488245
3689,0.38694992412746587,0.6130500758725341
3690,0.9763120398955117,0.023687960104488245
3691,0.9763120398955117,0.023687960104488245
3692,0.9763120398955117,0.023687960104488245
3693,0.8566308243727598,0.14336917562724014
3694,0.8584183673469388,0.14158163265306123
3695,0.9763120398955117,0.023687960104488245
3696,0.666028208253526,0.33397179174647396
3697,0.8952478283086357,0.10475217169136433
3698,0.9763120398955117,0.023687960104488245
3699,0.9763120398955117,0.023687960104488245
3700,0.20729537366548043,0.7927046263345195
3701,0.666028208253526,0.33397179174647396
3702,0.5389703767615761,0.46102962323842395
3703,0.666028208253526,0.33397179174647396
3704,0.666028208253526,0.33397179174647396
3705,0.38694992412746587,0.6130500758725341
3706,0.666028208253526,0.33397179174647396
3707,0.8999638858793788,0.10003611412062116
3708,0.9763120398955117,0.023687960104488245
3709,0.666028208253526,0.33397179174647396
3710,0.38694992412746587,0.6130500758725341
3711,0.38694992412746587,0.6130500758725341
3712,0.9763120398955117,0.023687960104488245
3713,0.9763120398955117,0.023687960104488245
3714,0.9763120398955117,0.023687960104488245
3715,0.38694992412746587,0.6130500758725341
3716,0.8999638858793788,0.10003611412062116
3717,0.666028208253526,0.33397179174647396
3718,0.38694992412746587,0.6130500758725341
3719,0.9763120398955117,0.023687960104488245
3720,0.38694992412746587,0.6130500758725341
3721,0.9763120398955117,0.023687960104488245
3722,0.9763120398955117,0.023687960104488245
3723,0.38694992412746587,0.6130500758725341
3724,0.9763120398955117,0.023687960104488245
3725,0.9763120398955117,0.023687960104488245
3726,0.9763120398955117,0.023687960104488245
3727,0.666028208253526,0.33397179174647396
3728,0.9,0.1
3729,0.9763120398955117,0.023687960104488245
3730,0.9763120398955117,0.023687960104488245
3731,0.9763120398955117,0.023687960104488245
3732,0.9763120398955117,0.023687960104488245
3733,0.9763120398955117,0.023687960104488245
3734,0.666028208253526,0.33397179174647396
3735,0.8999638858793788,0.10003611412062116
3736,0.38694992412746587,0.6130500758725341
3737,0.666028208253526,0.33397179174647396
3738,0.9763120398955117,0.023687960104488245
3739,0.666028208253526,0.33397179174647396
3740,0.7967914438502673,0.20320855614973263
3741,0.8999638858793788,0.10003611412062116
3742,0.5389703767615761,0.46102962323842395
3743,0.9763120398955117,0.023687960104488245
3744,0.20729537366548043,0.7927046263345195
3745,0.9763120398955117,0.023687960104488245
3746,0.9763120398955117,0.023687960104488245
3747,0.8566308243727598,0.14336917562724014
3748,0.8999638858793788,0.10003611412062116
3749,0.5389703767615761,0.46102962323842395
3750,0.38694992412746587,0.6130500758725341
3751,0.9763120398955117,0.023687960104488245
3752,0.9763120398955117,0.023687960104488245
3753,0.666028208253526,0.33397179174647396
3754,0.5389703767615761,0.46102962323842395
3755,0.9763120398955117,0.023687960104488245
3756,0.38694992412746587,0.6130500758725341
3757,0.38694992412746587,0.6130500758725341
3758,0.38694992412746587,0.6130500758725341
3759,0.6047619047619047,0.3952380952380952
3760,0.38694992412746587,0.6130500758725341
3761,0.9763120398955117,0.023687960104488245
3762,0.9763120398955117,0.023687960104488245
3763,0.9763120398955117,0.023687960104488245
3764,0.38694992412746587,0.6130500758725341
3765,0.9763120398955117,0.023687960104488245
3766,0.5389703767615761,0.46102962323842395
3767,0.38694992412746587,0.6130500758725341
3768,0.5389703767615761,0.46102962323842395
3769,0.9763120398955117,0.023687960104488245
3770,0.9763120398955117,0.023687960104488245
3771,0.9763120398955117,0.023687960104488245
3772,0.9763120398955117,0.023687960104488245
3773,0.9,0.1
3774,0.9,0.1
3775,0.38694992412746587,0.6130500758725341
3776,0.9,0.1
3777,0.8999638858793788,0.10003611412062116
3778,0.9763120398955117,0.023687960104488245
3779,0.8999638858793788,0.10003611412062116
3780,0.8999638858793788,0.10003611412062116
3781,0.9763120398955117,0.023687960104488245
3782,0.7747524752475248,0.22524752475247525
3783,0.5701219512195121,0.4298780487804878
3784,0.8999638858793788,0.10003611412062116
3785,0.20729537366548043,0.7927046263345195
3786,0.9,0.1
3787,0.9763120398955117,0.023687960104488245
3788,0.666028208253526,0.33397179174647396
3789,0.9763120398955117,0.023687960104488245
3790,0.8952478283086357,0.10475217169136433
3791,0.7747524752475248,0.22524752475247525
3792,0.38694992412746587,0.6130500758725341
3793,0.9763120398955117,0.023687960104488245
3794,0.9763120398955117,0.023687960104488245
3795,0.8999638858793788,0.10003611412062116
3796,0.666028208253526,0.33397179174647396
3797,0.38694992412746587,0.6130500758725341
3798,0.8999638858793788,0.10003611412062116
3799,0.9763120398955117,0.023687960104488245
3800,0.38694992412746587,0.6130500758725341
3801,0.20729537366548043,0.7927046263345195
3802,0.38694992412746587,0.6130500758725341
3803,0.38694992412746587,0.6130500758725341
3804,0.9763120398955117,0.023687960104488245
3805,0.38694992412746587,0.6130500758725341
3806,0.38694992412746587,0.6130500758725341
3807,0.9763120398955117,0.023687960104488245
3808,0.8999638858793788,0.10003611412062116
3809,0.9,0.1
3810,0.20729537366548043,0.7927046263345195
3811,0.9763120398955117,0.023687960104488245
3812,0.9763120398955117,0.023687960104488245
3813,0.9763120398955117,0.023687960104488245
3814,0.666028208253526,0.33397179174647396
3815,0.9,0.1
3816,0.9763120398955117,0.023687960104488245
3817,0.9763120398955117,0.023687960104488245
3818,0.20729537366548043,0.7927046263345195
3819,0.8584183673469388,0.14158163265306123
3820,0.9763120398955117,0.023687960104488245
3821,0.9763120398955117,0.023687960104488245
3822,0.5389703767615761,0.46102962323842395
3823,0.9763120398955117,0.023687960104488245
3824,0.9763120398955117,0.023687960104488245
3825,0.666028208253526,0.33397179174647396
3826,0.9763120398955117,0.023687960104488245
3827,0.9763120398955117,0.023687960104488245
3828,0.9763120398955117,0.023687960104488245
3829,0.8999638858793788,0.10003611412062116
3830,0.9763120398955117,0.023687960104488245
3831,0.666028208253526,0.33397179174647396
3832,0.9763120398955117,0.023687960104488245
3833,0.38694992412746587,0.6130500758725341
3834,0.9763120398955117,0.023687960104488245
3835,0.666028208253526,0.33397179174647396
3836,0.9763120398955117,0.023687960104488245
3837,0.9763120398955117,0.023687960104488245
3838,0.8952478283086357,0.10475217169136433
3839,0.9763120398955117,0.023687960104488245
3840,0.5389703767615761,0.46102962323842395
3841,0.20729537366548043,0.7927046263345195
3842,0.9763120398955117,0.023687960104488245
3843,0.9763120398955117,0.023687960104488245
3844,0.666028208253526,0.33397179174647396
3845,0.9763120398955117,0.023687960104488245
3846,0.38694992412746587,0.6130500758725341
3847,0.9763120398955117,0.023687960104488245
3848,0.666028208253526,0.33397179174647396
3849,0.5389703767615761,0.46102962323842395
3850,0.9763120398955117,0.023687960104488245
3851,0.9763120398955117,0.023687960104488245
3852,0.9763120398955117,0.023687960104488245
3853,0.9763120398955117,0.023687960104488245
3854,0.20729537366548043,0.7927046263345195
3855,0.8999638858793788,0.10003611412062116
3856,0.666028208253526,0.33397179174647396
3857,0.9763120398955117,0.023687960104488245
3858,0.9763120398955117,0.023687960104488245
3859,0.5701219512195121,0.4298780487804878
3860,0.9763120398955117,0.023687960104488245
3861,0.8999638858793788,0.10003611412062116
3862,0.9763120398955117,0.023687960104488245
3863,0.8999638858793788,0.10003611412062116
3864,0.8566308243727598,0.14336917562724014
3865,0.8584183673469388,0.14158163265306123
3866,0.9763120398955117,0.023687960104488245
3867,0.7194950911640954,0.2805049088359046
3868,0.9763120398955117,0.023687960104488245
3869,0.666028208253526,0.33397179174647396
3870,0.666028208253526,0.33397179174647396
3871,0.9763120398955117,0.023687960104488245
3872,0.8952478283086357,0.10475217169136433
3873,0.38694992412746587,0.6130500758725341
3874,0.9763120398955117,0.023687960104488245
3875,0.666028208253526,0.33397179174647396
3876,0.9763120398955117,0.023687960104488245
3877,0.9763120398955117,0.023687960104488245
3878,0.38694992412746587,0.6130500758725341
3879,0.9763120398955117,0.023687960104488245
3880,0.5389703767615761,0.46102962323842395
3881,0.9,0.1
3882,0.9763120398955117,0.023687960104488245
3883,0.8999638858793788,0.10003611412062116
3884,0.9763120398955117,0.023687960104488245
3885,0.7747524752475248,0.22524752475247525
3886,0.7194950911640954,0.2805049088359046
3887,0.8584183673469388,0.14158163265306123
3888,0.666028208253526,0.33397179174647396
3889,0.5389703767615761,0.46102962323842395
3890,0.8999638858793788,0.10003611412062116
3891,0.9763120398955117,0.023687960104488245
3892,0.666028208253526,0.33397179174647396
3893,0.9,0.1
3894,0.8999638858793788,0.10003611412062116
3895,0.666028208253526,0.33397179174647396
3896,0.5389703767615761,0.46102962323842395
3897,0.666028208253526,0.33397179174647396
3898,0.666028208253526,0.33397179174647396
3899,0.20729537366548043,0.7927046263345195
3900,0.9,0.1
3901,0.5389703767615761,0.46102962323842395
3902,0.666028208253526,0.33397179174647396
3903,0.666028208253526,0.33397179174647396
3904,0.666028208253526,0.33397179174647396
3905,0.38694992412746587,0.6130500758725341
3906,0.9763120398955117,0.023687960104488245
3907,0.9763120398955117,0.023687960104488245
3908,0.38694992412746587,0.6130500758725341
3909,0.9,0.1
3910,0.38694992412746587,0.6130500758725341
3911,0.666028208253526,0.33397179174647396
3912,0.8999638858793788,0.10003611412062116
3913,0.666028208253526,0.33397179174647396
3914,0.9763120398955117,0.023687960104488245
3915,0.7967914438502673,0.20320855614973263
3916,0.20729537366548043,0.7927046263345195
3917,0.666028208253526,0.33397179174647396
3918,0.20729537366548043,0.7927046263345195
3919,0.9,0.1
3920,0.9763120398955117,0.023687960104488245
3921,0.8952478283086357,0.10475217169136433
3922,0.9763120398955117,0.023687960104488245
3923,0.8999638858793788,0.10003611412062116
3924,0.38694992412746587,0.6130500758725341
3925,0.9763120398955117,0.023687960104488245
3926,0.666028208253526,0.33397179174647396
3927,0.9763120398955117,0.023687960104488245
3928,0.9,0.1
3929,0.8952478283086357,0.10475217169136433
3930,0.9763120398955117,0.023687960104488245
3931,0.8584183673469388,0.14158163265306123
3932,0.9763120398955117,0.023687960104488245
3933,0.6047619047619047,0.3952380952380952
3934,0.666028208253526,0.33397179174647396
3935,0.7967914438502673,0.20320855614973263
3936,0.9763120398955117,0.023687960104488245
3937,0.5389703767615761,0.46102962323842395
3938,0.5701219512195121,0.4298780487804878
3939,0.5701219512195121,0.4298780487804878
3940,0.38694992412746587,0.6130500758725341
3941,0.7967914438502673,0.20320855614973263
3942,0.9763120398955117,0.023687960104488245
3943,0.9763120398955117,0.023687960104488245
3944,0.7194950911640954,0.2805049088359046
3945,0.9763120398955117,0.023687960104488245
3946,0.666028208253526,0.33397179174647396
3947,0.6047619047619047,0.3952380952380952
3948,0.38694992412746587,0.6130500758725341
3949,0.9763120398955117,0.023687960104488245
3950,0.666028208253526,0.33397179174647396
3951,0.8566308243727598,0.14336917562724014
3952,0.9763120398955117,0.023687960104488245
3953,0.9763120398955117,0.023687960104488245
3954,0.9763120398955117,0.023687960104488245
3955,0.7967914438502673,0.20320855614973263
3956,0.666028208253526,0.33397179174647396
3957,0.38694992412746587,0.6130500758725341
3958,0.38694992412746587,0.6130500758725341
3959,0.38694992412746587,0.6130500758725341
3960,0.9763120398955117,0.023687960104488245
3961,0.38694992412746587,0.6130500758725341
3962,0.8999638858793788,0.10003611412062116
3963,0.38694992412746587,0.6130500758725341
3964,0.9763120398955117,0.023687960104488245
3965,0.9763120398955117,0.023687960104488245
3966,0.9,0.1
3967,0.9763120398955117,0.023687960104488245
3968,0.9763120398955117,0.023687960104488245
3969,0.7194950911640954,0.2805049088359046
3970,0.666028208253526,0.33397179174647396
3971,0.8584183673469388,0.14158163265306123
3972,0.666028208253526,0.33397179174647396
3973,0.9763120398955117,0.023687960104488245
3974,0.666028208253526,0.33397179174647396
3975,0.9763120398955117,0.023687960104488245
3976,0.9763120398955117,0.023687960104488245
3977,0.9763120398955117,0.023687960104488245
3978,0.8999638858793788,0.10003611412062116
3979,0.9763120398955117,0.023687960104488245
3980,0.5389703767615761,0.46102962323842395
3981,0.9763120398955117,0.023687960104488245
3982,0.7194950911640954,0.2805049088359046
3983,0.9763120398955117,0.023687960104488245
3984,0.8952478283086357,0.10475217169136433
3985,0.8566308243727598,0.14336917562724014
3986,0.666028208253526,0.33397179174647396
3987,0.38694992412746587,0.6130500758725341
3988,0.9763120398955117,0.023687960104488245
3989,0.666028208253526,0.33397179174647396
3990,0.9763120398955117,0.023687960104488245
3991,0.9763120398955117,0.023687960104488245
3992,0.5389703767615761,0.46102962323842395
3993,0.9763120398955117,0.023687960104488245
3994,0.666028208253526,0.33397179174647396
3995,0.9,0.1
3996,0.9763120398955117,0.023687960104488245
3997,0.666028208253526,0.33397179174647396
3998,0.20729537366548043,0.7927046263345195
3999,0.9763120398955117,0.023687960104488245
4000,0.9,0.1
4001,0.9763120398955117,0.023687960104488245
4002,0.9,0.1
4003,0.666028208253526,0.33397179174647396
4004,0.5389703767615761,0.46102962323842395
4005,0.666028208253526,0.33397179174647396
4006,0.666028208253526,0.33397179174647396
4007,0.9763120398955117,0.023687960104488245
4008,0.9763120398955117,0.023687960104488245
4009,0.5389703767615761,0.46102962323842395
4010,0.5389703767615761,0.46102962323842395
4011,0.8999638858793788,0.10003611412062116
4012,0.9763120398955117,0.023687960104488245
4013,0.9763120398955117,0.023687960104488245
4014,0.666028208253526,0.33397179174647396
4015,0.666028208253526,0.33397179174647396
4016,0.9763120398955117,0.023687960104488245
4017,0.7194950911640954,0.2805049088359046
4018,0.9763120398955117,0.023687960104488245
4019,0.5389703767615761,0.46102962323842395
4020,0.38694992412746587,0.6130500758725341
4021,0.5389703767615761,0.46102962323842395
4022,0.9763120398955117,0.023687960104488245
4023,0.20729537366548043,0.7927046263345195
4024,0.9763120398955117,0.023687960104488245
4025,0.9,0.1
4026,0.9763120398955117,0.023687960104488245
4027,0.666028208253526,0.33397179174647396
4028,0.9763120398955117,0.023687960104488245
4029,0.666028208253526,0.33397179174647396
4030,0.9763120398955117,0.023687960104488245
4031,0.9763120398955117,0.023687960104488245
4032,0.20729537366548043,0.7927046263345195
4033,0.9763120398955117,0.023687960104488245
4034,0.9763120398955117,0.023687960104488245
4035,0.8952478283086357,0.10475217169136433
4036,0.666028208253526,0.33397179174647396
4037,0.9763120398955117,0.023687960104488245
4038,0.38694992412746587,0.6130500758725341
4039,0.8952478283086357,0.10475217169136433
4040,0.20729537366548043,0.7927046263345195
4041,0.8999638858793788,0.10003611412062116
4042,0.8999638858793788,0.10003611412062116
4043,0.20729537366548043,0.7927046263345195
4044,0.38694992412746587,0.6130500758725341
4045,0.9763120398955117,0.023687960104488245
4046,0.666028208253526,0.33397179174647396
4047,0.9763120398955117,0.023687960104488245
4048,0.9763120398955117,0.023687960104488245
4049,0.9763120398955117,0.023687960104488245
4050,0.9763120398955117,0.023687960104488245
4051,0.9763120398955117,0.023687960104488245
4052,0.9763120398955117,0.023687960104488245
4053,0.9763120398955117,0.023687960104488245
4054,0.9763120398955117,0.023687960104488245
4055,0.666028208253526,0.33397179174647396
4056,0.9763120398955117,0.023687960104488245
4057,0.9763120398955117,0.023687960104488245
4058,0.666028208253526,0.33397179174647396
4059,0.666028208253526,0.33397179174647396
4060,0.9763120398955117,0.023687960104488245
4061,0.666028208253526,0.33397179174647396
4062,0.5389703767615761,0.46102962323842395
4063,0.5701219512195121,0.4298780487804878
4064,0.20729537366548043,0.7927046263345195
4065,0.666028208253526,0.33397179174647396
4066,0.666028208253526,0.33397179174647396
4067,0.8999638858793788,0.10003611412062116
4068,0.9763120398955117,0.023687960104488245
4069,0.8952478283086357,0.10475217169136433
4070,0.666028208253526,0.33397179174647396
4071,0.9763120398955117,0.023687960104488245
4072,0.5389703767615761,0.46102962323842395
4073,0.9763120398955117,0.023687960104488245
4074,0.666028208253526,0.33397179174647396
4075,0.9763120398955117,0.023687960104488245
4076,0.666028208253526,0.33397179174647396
4077,0.9763120398955117,0.023687960104488245
4078,0.9763120398955117,0.023687960104488245
4079,0.9763120398955117,0.023687960104488245
4080,0.666028208253526,0.33397179174647396
4081,0.9763120398955117,0.023687960104488245
4082,0.9763120398955117,0.023687960104488245
4083,0.38694992412746587,0.6130500758725341
4084,0.9763120398955117,0.023687960104488245
4085,0.8999638858793788,0.10003611412062116
4086,0.38694992412746587,0.6130500758725341
4087,0.9763120398955117,0.023687960104488245
4088,0.9763120398955117,0.023687960104488245
4089,0.9763120398955117,0.023687960104488245
4090,0.38694992412746587,0.6130500758725341
4091,0.38694992412746587,0.6130500758725341
4092,0.9,0.1
4093,0.9763120398955117,0.023687960104488245
4094,0.7194950911640954,0.2805049088359046
4095,0.666028208253526,0.33397179174647396
4096,0.7747524752475248,0.22524752475247525
4097,0.20729537366548043,0.7927046263345195
4098,0.8952478283086357,0.10475217169136433
4099,0.7967914438502673,0.20320855614973263
4100,0.9763120398955117,0.023687960104488245
4101,0.5389703767615761,0.46102962323842395
4102,0.9763120398955117,0.023687960104488245
4103,0.9763120398955117,0.023687960104488245
4104,0.9763120398955117,0.023687960104488245
4105,0.666028208253526,0.33397179174647396
4106,0.9763120398955117,0.023687960104488245
4107,0.666028208253526,0.33397179174647396
4108,0.38694992412746587,0.6130500758725341
4109,0.9763120398955117,0.023687960104488245
4110,0.5389703767615761,0.46102962323842395
4111,0.9763120398955117,0.023687960104488245
4112,0.8566308243727598,0.14336917562724014
4113,0.9763120398955117,0.023687960104488245
4114,0.9763120398955117,0.023687960104488245
4115,0.9763120398955117,0.023687960104488245
4116,0.9763120398955117,0.023687960104488245
4117,0.9,0.1
4118,0.20729537366548043,0.7927046263345195
4119,0.38694992412746587,0.6130500758725341
4120,0.38694992412746587,0.6130500758725341
4121,0.9763120398955117,0.023687960104488245
4122,0.9,0.1
4123,0.9763120398955117,0.023687960104488245
4124,0.8999638858793788,0.10003611412062116
4125,0.666028208253526,0.33397179174647396
4126,0.9763120398955117,0.023687960104488245
4127,0.666028208253526,0.33397179174647396
4128,0.38694992412746587,0.6130500758725341
4129,0.5389703767615761,0.46102962323842395
4130,0.9763120398955117,0.023687960104488245
4131,0.9763120398955117,0.023687960104488245
4132,0.20729537366548043,0.7927046263345195
4133,0.7194950911640954,0.2805049088359046
4134,0.9763120398955117,0.023687960104488245
4135,0.9763120398955117,0.023687960104488245
4136,0.9763120398955117,0.023687960104488245
4137,0.9763120398955117,0.023687960104488245
4138,0.38694992412746587,0.6130500758725341
4139,0.666028208253526,0.33397179174647396
4140,0.8999638858793788,0.10003611412062116
4141,0.9763120398955117,0.023687960104488245
4142,0.9763120398955117,0.023687960104488245
4143,0.8999638858793788,0.10003611412062116
4144,0.38694992412746587,0.6130500758725341
4145,0.20729537366548043,0.7927046263345195
4146,0.9763120398955117,0.023687960104488245
4147,0.666028208253526,0.33397179174647396
4148,0.5389703767615761,0.46102962323842395
4149,0.9763120398955117,0.023687960104488245
4150,0.38694992412746587,0.6130500758725341
4151,0.9763120398955117,0.023687960104488245
4152,0.9763120398955117,0.023687960104488245
4153,0.9763120398955117,0.023687960104488245
4154,0.666028208253526,0.33397179174647396
4155,0.9763120398955117,0.023687960104488245
4156,0.8584183673469388,0.14158163265306123
4157,0.8999638858793788,0.10003611412062116
4158,0.666028208253526,0.33397179174647396
4159,0.38694992412746587,0.6130500758725341
4160,0.9763120398955117,0.023687960104488245
4161,0.7967914438502673,0.20320855614973263
4162,0.8952478283086357,0.10475217169136433
4163,0.9763120398955117,0.023687960104488245
4164,0.9763120398955117,0.023687960104488245
4165,0.7967914438502673,0.20320855614973263
4166,0.666028208253526,0.33397179174647396
4167,0.9763120398955117,0.023687960104488245
4168,0.9763120398955117,0.023687960104488245
4169,0.38694992412746587,0.6130500758725341
4170,0.20729537366548043,0.7927046263345195
4171,0.666028208253526,0.33397179174647396
4172,0.5389703767615761,0.46102962323842395
4173,0.9763120398955117,0.023687960104488245
4174,0.20729537366548043,0.7927046263345195
4175,0.666028208253526,0.33397179174647396
4176,0.8952478283086357,0.10475217169136433
4177,0.666028208253526,0.33397179174647396
4178,0.666028208253526,0.33397179174647396
4179,0.9763120398955117,0.023687960104488245
4180,0.8999638858793788,0.10003611412062116
4181,0.9763120398955117,0.023687960104488245
4182,0.9763120398955117,0.023687960104488245
4183,0.9763120398955117,0.023687960104488245
4184,0.38694992412746587,0.6130500758725341
4185,0.666028208253526,0.33397179174647396
4186,0.9,0.1
4187,0.9763120398955117,0.023687960104488245
4188,0.9763120398955117,0.023687960104488245
4189,0.38694992412746587,0.6130500758725341
4190,0.38694992412746587,0.6130500758725341
4191,0.38694992412746587,0.6130500758725341
4192,0.38694992412746587,0.6130500758725341
4193,0.9,0.1
4194,0.6047619047619047,0.3952380952380952
4195,0.5701219512195121,0.4298780487804878
4196,0.9763120398955117,0.023687960104488245
4197,0.5389703767615761,0.46102962323842395
4198,0.666028208253526,0.33397179174647396
4199,0.9763120398955117,0.023687960104488245
4200,0.9763120398955117,0.023687960104488245
4201,0.38694992412746587,0.6130500758725341
4202,0.8999638858793788,0.10003611412062116
4203,0.38694992412746587,0.6130500758725341
4204,0.5389703767615761,0.46102962323842395
4205,0.666028208253526,0.33397179174647396
4206,0.38694992412746587,0.6130500758725341
4207,0.5389703767615761,0.46102962323842395
4208,0.9763120398955117,0.023687960104488245
4209,0.7967914438502673,0.20320855614973263
4210,0.8952478283086357,0.10475217169136433
4211,0.5389703767615761,0.46102962323842395
4212,0.9763120398955117,0.023687960104488245
4213,0.666028208253526,0.33397179174647396
4214,0.9763120398955117,0.023687960104488245
4215,0.7967914438502673,0.20320855614973263
4216,0.38694992412746587,0.6130500758725341
4217,0.8999638858793788,0.10003611412062116
4218,0.9763120398955117,0.023687960104488245
4219,0.9763120398955117,0.023687960104488245
4220,0.7194950911640954,0.2805049088359046
4221,0.9763120398955117,0.023687960104488245
4222,0.9,0.1
4223,0.9763120398955117,0.023687960104488245
4224,0.38694992412746587,0.6130500758725341
4225,0.7194950911640954,0.2805049088359046
4226,0.9763120398955117,0.023687960104488245
4227,0.8999638858793788,0.10003611412062116
4228,0.38694992412746587,0.6130500758725341
4229,0.9763120398955117,0.023687960104488245
4230,0.9763120398955117,0.023687960104488245
4231,0.9763120398955117,0.023687960104488245
4232,0.8999638858793788,0.10003611412062116
4233,0.9763120398955117,0.023687960104488245
4234,0.38694992412746587,0.6130500758725341
4235,0.9763120398955117,0.023687960104488245
4236,0.9763120398955117,0.023687960104488245
4237,0.6047619047619047,0.3952380952380952
4238,0.9,0.1
4239,0.666028208253526,0.33397179174647396
4240,0.38694992412746587,0.6130500758725341
4241,0.7967914438502673,0.20320855614973263
4242,0.9763120398955117,0.023687960104488245
4243,0.6047619047619047,0.3952380952380952
4244,0.20729537366548043,0.7927046263345195
4245,0.20729537366548043,0.7927046263345195
4246,0.5389703767615761,0.46102962323842395
4247,0.9763120398955117,0.023687960104488245
4248,0.9763120398955117,0.023687960104488245
4249,0.9763120398955117,0.023687960104488245
4250,0.666028208253526,0.33397179174647396
4251,0.9763120398955117,0.023687960104488245
4252,0.38694992412746587,0.6130500758725341
4253,0.9763120398955117,0.023687960104488245
4254,0.9763120398955117,0.023687960104488245
4255,0.5389703767615761,0.46102962323842395
4256,0.9763120398955117,0.023687960104488245
4257,0.20729537366548043,0.7927046263345195
4258,0.5389703767615761,0.46102962323842395
4259,0.9763120398955117,0.023687960104488245
4260,0.8952478283086357,0.10475217169136433
4261,0.20729537366548043,0.7927046263345195
4262,0.9763120398955117,0.023687960104488245
4263,0.38694992412746587,0.6130500758725341
4264,0.38694992412746587,0.6130500758725341
4265,0.8952478283086357,0.10475217169136433
4266,0.8952478283086357,0.10475217169136433
4267,0.9763120398955117,0.023687960104488245
4268,0.5701219512195121,0.4298780487804878
4269,0.38694992412746587,0.6130500758725341
4270,0.8952478283086357,0.10475217169136433
4271,0.9763120398955117,0.023687960104488245
4272,0.9763120398955117,0.023687960104488245
4273,0.8952478283086357,0.10475217169136433
4274,0.9,0.1
4275,0.7967914438502673,0.20320855614973263
4276,0.666028208253526,0.33397179174647396
4277,0.5389703767615761,0.46102962323842395
4278,0.9763120398955117,0.023687960104488245
4279,0.9763120398955117,0.023687960104488245
4280,0.9763120398955117,0.023687960104488245
4281,0.8952478283086357,0.10475217169136433
4282,0.38694992412746587,0.6130500758725341
4283,0.38694992412746587,0.6130500758725341
4284,0.9763120398955117,0.023687960104488245
4285,0.9,0.1
4286,0.9763120398955117,0.023687960104488245
4287,0.9763120398955117,0.023687960104488245
4288,0.8584183673469388,0.14158163265306123
4289,0.9763120398955117,0.023687960104488245
4290,0.5389703767615761,0.46102962323842395
4291,0.9763120398955117,0.023687960104488245
4292,0.9763120398955117,0.023687960104488245
4293,0.7967914438502673,0.20320855614973263
4294,0.5389703767615761,0.46102962323842395
4295,0.8952478283086357,0.10475217169136433
4296,0.9,0.1
4297,0.5389703767615761,0.46102962323842395
4298,0.9763120398955117,0.023687960104488245
4299,0.9763120398955117,0.023687960104488245
4300,0.6047619047619047,0.3952380952380952
4301,0.9763120398955117,0.023687960104488245
4302,0.8999638858793788,0.10003611412062116
4303,0.9763120398955117,0.023687960104488245
4304,0.9763120398955117,0.023687960104488245
4305,0.5389703767615761,0.46102962323842395
4306,0.666028208253526,0.33397179174647396
4307,0.666028208253526,0.33397179174647396
4308,0.9763120398955117,0.023687960104488245
4309,0.666028208253526,0.33397179174647396
4310,0.9,0.1
4311,0.9,0.1
4312,0.666028208253526,0.33397179174647396
4313,0.9763120398955117,0.023687960104488245
4314,0.9763120398955117,0.023687960104488245
4315,0.9763120398955117,0.023687960104488245
4316,0.9763120398955117,0.023687960104488245
4317,0.9763120398955117,0.023687960104488245
4318,0.38694992412746587,0.6130500758725341
4319,0.666028208253526,0.33397179174647396
4320,0.9763120398955117,0.023687960104488245
4321,0.38694992412746587,0.6130500758725341
4322,0.9763120398955117,0.023687960104488245
4323,0.9763120398955117,0.023687960104488245
4324,0.8952478283086357,0.10475217169136433
4325,0.38694992412746587,0.6130500758725341
4326,0.9763120398955117,0.023687960104488245
4327,0.20729537366548043,0.7927046263345195
4328,0.8999638858793788,0.10003611412062116
4329,0.8999638858793788,0.10003611412062116
4330,0.9,0.1
4331,0.666028208253526,0.33397179174647396
4332,0.6047619047619047,0.3952380952380952
4333,0.9763120398955117,0.023687960104488245
4334,0.666028208253526,0.33397179174647396
4335,0.5389703767615761,0.46102962323842395
4336,0.5389703767615761,0.46102962323842395
4337,0.20729537366548043,0.7927046263345195
4338,0.9763120398955117,0.023687960104488245
4339,0.9763120398955117,0.023687960104488245
4340,0.9763120398955117,0.023687960104488245
4341,0.9763120398955117,0.023687960104488245
4342,0.9763120398955117,0.023687960104488245
4343,0.38694992412746587,0.6130500758725341
4344,0.20729537366548043,0.7927046263345195
4345,0.5389703767615761,0.46102962323842395
4346,0.9763120398955117,0.023687960104488245
4347,0.8952478283086357,0.10475217169136433
4348,0.9763120398955117,0.023687960104488245
4349,0.8584183673469388,0.14158163265306123
4350,0.8999638858793788,0.10003611412062116
4351,0.8584183673469388,0.14158163265306123
4352,0.7194950911640954,0.2805049088359046
4353,0.9763120398955117,0.023687960104488245
4354,0.9,0.1
4355,0.38694992412746587,0.6130500758725341
4356,0.9763120398955117,0.023687960104488245
4357,0.38694992412746587,0.6130500758725341
4358,0.5389703767615761,0.46102962323842395
4359,0.666028208253526,0.33397179174647396
4360,0.666028208253526,0.33397179174647396
4361,0.5389703767615761,0.46102962323842395
4362,0.9763120398955117,0.023687960104488245
4363,0.8999638858793788,0.10003611412062116
4364,0.9763120398955117,0.023687960104488245
4365,0.5389703767615761,0.46102962323842395
4366,0.30357142857142855,0.6964285714285714
4367,0.9763120398955117,0.023687960104488245
4368,0.8999638858793788,0.10003611412062116
4369,0.5389703767615761,0.46102962323842395
4370,0.5389703767615761,0.46102962323842395
4371,0.20729537366548043,0.7927046263345195
4372,0.8584183673469388,0.14158163265306123
4373,0.9763120398955117,0.023687960104488245
4374,0.5389703767615761,0.46102962323842395
4375,0.9763120398955117,0.023687960104488245
4376,0.9,0.1
4377,0.9763120398955117,0.023687960104488245
4378,0.9763120398955117,0.023687960104488245
4379,0.9,0.1
4380,0.9763120398955117,0.023687960104488245
4381,0.5389703767615761,0.46102962323842395
4382,0.9,0.1
4383,0.9763120398955117,0.023687960104488245
4384,0.8952478283086357,0.10475217169136433
4385,0.9763120398955117,0.023687960104488245
4386,0.9,0.1
4387,0.5389703767615761,0.46102962323842395
4388,0.666028208253526,0.33397179174647396
4389,0.5389703767615761,0.46102962323842395
4390,0.9,0.1
4391,0.8584183673469388,0.14158163265306123
4392,0.9,0.1
4393,0.9763120398955117,0.023687960104488245
4394,0.38694992412746587,0.6130500758725341
4395,0.9763120398955117,0.023687960104488245
4396,0.38694992412746587,0.6130500758725341
4397,0.7194950911640954,0.2805049088359046
4398,0.9763120398955117,0.023687960104488245
4399,0.20729537366548043,0.7927046263345195
4400,0.9763120398955117,0.023687960104488245
4401,0.8584183673469388,0.14158163265306123
4402,0.38694992412746587,0.6130500758725341
4403,0.9763120398955117,0.023687960104488245
4404,0.9763120398955117,0.023687960104488245
4405,0.9763120398955117,0.023687960104488245
4406,0.8566308243727598,0.14336917562724014
4407,0.20729537366548043,0.7927046263345195
4408,0.9763120398955117,0.023687960104488245
4409,0.9763120398955117,0.023687960104488245
4410,0.38694992412746587,0.6130500758725341
4411,0.9,0.1
4412,0.5389703767615761,0.46102962323842395
4413,0.9763120398955117,0.023687960104488245
4414,0.5389703767615761,0.46102962323842395
4415,0.9763120398955117,0.023687960104488245
4416,0.7967914438502673,0.20320855614973263
4417,0.9763120398955117,0.023687960104488245
4418,0.666028208253526,0.33397179174647396
4419,0.9763120398955117,0.023687960104488245
4420,0.9763120398955117,0.023687960104488245
4421,0.8999638858793788,0.10003611412062116
4422,0.5389703767615761,0.46102962323842395
4423,0.38694992412746587,0.6130500758725341
4424,0.9763120398955117,0.023687960104488245
4425,0.9763120398955117,0.023687960104488245
4426,0.9763120398955117,0.023687960104488245
4427,0.8999638858793788,0.10003611412062116
4428,0.5389703767615761,0.46102962323842395
4429,0.9763120398955117,0.023687960104488245
4430,0.7747524752475248,0.22524752475247525
4431,0.666028208253526,0.33397179174647396
4432,0.666028208253526,0.33397179174647396
4433,0.9763120398955117,0.023687960104488245
4434,0.666028208253526,0.33397179174647396
4435,0.9763120398955117,0.023687960104488245
4436,0.9,0.1
4437,0.5389703767615761,0.46102962323842395
4438,0.9763120398955117,0.023687960104488245
4439,0.8952478283086357,0.10475217169136433
4440,0.8952478283086357,0.10475217169136433
4441,0.666028208253526,0.33397179174647396
4442,0.38694992412746587,0.6130500758725341
4443,0.9763120398955117,0.023687960104488245
4444,0.5701219512195121,0.4298780487804878
4445,0.7194950911640954,0.2805049088359046
4446,0.666028208253526,0.33397179174647396
4447,0.20729537366548043,0.7927046263345195
4448,0.9763120398955117,0.023687960104488245
4449,0.7747524752475248,0.22524752475247525
4450,0.5701219512195121,0.4298780487804878
4451,0.9763120398955117,0.023687960104488245
4452,0.9763120398955117,0.023687960104488245
4453,0.9763120398955117,0.023687960104488245
4454,0.7967914438502673,0.20320855614973263
4455,0.666028208253526,0.33397179174647396
4456,0.9,0.1
4457,0.38694992412746587,0.6130500758725341
4458,0.38694992412746587,0.6130500758725341
4459,0.20729537366548043,0.7927046263345195
4460,0.666028208253526,0.33397179174647396
4461,0.38694992412746587,0.6130500758725341
4462,0.9763120398955117,0.023687960104488245
4463,0.38694992412746587,0.6130500758725341
4464,0.9763120398955117,0.023687960104488245
4465,0.20729537366548043,0.7927046263345195
4466,0.8952478283086357,0.10475217169136433
4467,0.8999638858793788,0.10003611412062116
4468,0.9763120398955117,0.023687960104488245
4469,0.38694992412746587,0.6130500758725341
4470,0.38694992412746587,0.6130500758725341
4471,0.38694992412746587,0.6130500758725341
4472,0.5389703767615761,0.46102962323842395
4473,0.38694992412746587,0.6130500758725341
4474,0.8999638858793788,0.10003611412062116
4475,0.8999638858793788,0.10003611412062116
4476,0.9,0.1
4477,0.9763120398955117,0.023687960104488245
4478,0.666028208253526,0.33397179174647396
4479,0.38694992412746587,0.6130500758725341
4480,0.8952478283086357,0.10475217169136433
4481,0.8999638858793788,0.10003611412062116
4482,0.9763120398955117,0.023687960104488245
4483,0.9763120398955117,0.023687960104488245
4484,0.8999638858793788,0.10003611412062116
4485,0.9763120398955117,0.023687960104488245
4486,0.9763120398955117,0.023687960104488245
4487,0.666028208253526,0.33397179174647396
4488,0.9763120398955117,0.023687960104488245
4489,0.9763120398955117,0.023687960104488245
4490,0.9763120398955117,0.023687960104488245
4491,0.6047619047619047,0.3952380952380952
4492,0.38694992412746587,0.6130500758725341
4493,0.666028208253526,0.33397179174647396
4494,0.666028208253526,0.33397179174647396
4495,0.38694992412746587,0.6130500758725341
4496,0.5389703767615761,0.46102962323842395
4497,0.9763120398955117,0.023687960104488245
4498,0.666028208253526,0.33397179174647396
4499,0.9763120398955117,0.023687960104488245
4500,0.5701219512195121,0.4298780487804878
4501,0.5389703767615761,0.46102962323842395
4502,0.9763120398955117,0.023687960104488245
4503,0.9763120398955117,0.023687960104488245
4504,0.20729537366548043,0.7927046263345195
4505,0.9763120398955117,0.023687960104488245
4506,0.8952478283086357,0.10475217169136433
4507,0.8999638858793788,0.10003611412062116
4508,0.9763120398955117,0.023687960104488245
4509,0.5389703767615761,0.46102962323842395
4510,0.9763120398955117,0.023687960104488245
4511,0.9763120398955117,0.023687960104488245
4512,0.7967914438502673,0.20320855614973263
4513,0.20729537366548043,0.7927046263345195
4514,0.5389703767615761,0.46102962323842395
4515,0.38694992412746587,0.6130500758725341
4516,0.38694992412746587,0.6130500758725341
4517,0.8952478283086357,0.10475217169136433
4518,0.666028208253526,0.33397179174647396
4519,0.9,0.1
4520,0.5701219512195121,0.4298780487804878
4521,0.9763120398955117,0.023687960104488245
4522,0.20729537366548043,0.7927046263345195
4523,0.9763120398955117,0.023687960104488245
4524,0.7747524752475248,0.22524752475247525
4525,0.9763120398955117,0.023687960104488245
4526,0.9763120398955117,0.023687960104488245
4527,0.9763120398955117,0.023687960104488245
4528,0.8952478283086357,0.10475217169136433
4529,0.9763120398955117,0.023687960104488245
4530,0.38694992412746587,0.6130500758725341
4531,0.5389703767615761,0.46102962323842395
4532,0.7194950911640954,0.2805049088359046
4533,0.9763120398955117,0.023687960104488245
4534,0.9763120398955117,0.023687960104488245
4535,0.9763120398955117,0.023687960104488245
4536,0.38694992412746587,0.6130500758725341
4537,0.9763120398955117,0.023687960104488245
4538,0.666028208253526,0.33397179174647396
4539,0.5389703767615761,0.46102962323842395
4540,0.9763120398955117,0.023687960104488245
4541,0.9763120398955117,0.023687960104488245
4542,0.20729537366548043,0.7927046263345195
4543,0.9763120398955117,0.023687960104488245
4544,0.38694992412746587,0.6130500758725341
4545,0.9763120398955117,0.023687960104488245
4546,0.9763120398955117,0.023687960104488245
4547,0.9763120398955117,0.023687960104488245
4548,0.5389703767615761,0.46102962323842395
4549,0.20729537366548043,0.7927046263345195
4550,0.9763120398955117,0.023687960104488245
4551,0.9763120398955117,0.023687960104488245
4552,0.8999638858793788,0.10003611412062116
4553,0.9,0.1
4554,0.7194950911640954,0.2805049088359046
4555,0.9763120398955117,0.023687960104488245
4556,0.8952478283086357,0.10475217169136433
4557,0.8584183673469388,0.14158163265306123
4558,0.8999638858793788,0.10003611412062116
4559,0.38694992412746587,0.6130500758725341
4560,0.5389703767615761,0.46102962323842395
4561,0.666028208253526,0.33397179174647396
4562,0.9763120398955117,0.023687960104488245
4563,0.8999638858793788,0.10003611412062116
4564,0.20729537366548043,0.7927046263345195
4565,0.9763120398955117,0.023687960104488245
4566,0.9763120398955117,0.023687960104488245
4567,0.8584183673469388,0.14158163265306123
4568,0.9763120398955117,0.023687960104488245
4569,0.9763120398955117,0.023687960104488245
4570,0.9763120398955117,0.023687960104488245
4571,0.9763120398955117,0.023687960104488245
4572,0.9763120398955117,0.023687960104488245
4573,0.8999638858793788,0.10003611412062116
4574,0.8999638858793788,0.10003611412062116
4575,0.9763120398955117,0.023687960104488245
4576,0.9763120398955117,0.023687960104488245
4577,0.9763120398955117,0.023687960104488245
4578,0.9,0.1
4579,0.38694992412746587,0.6130500758725341
4580,0.20729537366548043,0.7927046263345195
4581,0.9763120398955117,0.023687960104488245
4582,0.7194950911640954,0.2805049088359046
4583,0.9763120398955117,0.023687960104488245
4584,0.9763120398955117,0.023687960104488245
4585,0.9763120398955117,0.023687960104488245
4586,0.9763120398955117,0.023687960104488245
4587,0.9763120398955117,0.023687960104488245
4588,0.666028208253526,0.33397179174647396
4589,0.666028208253526,0.33397179174647396
4590,0.38694992412746587,0.6130500758725341
4591,0.5389703767615761,0.46102962323842395
4592,0.38694992412746587,0.6130500758725341
4593,0.9,0.1
4594,0.9763120398955117,0.023687960104488245
4595,0.38694992412746587,0.6130500758725341
4596,0.8999638858793788,0.10003611412062116
4597,0.9763120398955117,0.023687960104488245
4598,0.9,0.1
4599,0.38694992412746587,0.6130500758725341
4600,0.20729537366548043,0.7927046263345195
4601,0.666028208253526,0.33397179174647396
4602,0.9,0.1
4603,0.666028208253526,0.33397179174647396
4604,0.9763120398955117,0.023687960104488245
4605,0.9763120398955117,0.023687960104488245
4606,0.666028208253526,0.33397179174647396
4607,0.9763120398955117,0.023687960104488245
4608,0.8952478283086357,0.10475217169136433
4609,0.9763120398955117,0.023687960104488245
4610,0.666028208253526,0.33397179174647396
4611,0.38694992412746587,0.6130500758725341
4612,0.9763120398955117,0.023687960104488245
4613,0.8999638858793788,0.10003611412062116
4614,0.666028208253526,0.33397179174647396
4615,0.9763120398955117,0.023687960104488245
4616,0.666028208253526,0.33397179174647396
4617,0.666028208253526,0.33397179174647396
4618,0.7194950911640954,0.2805049088359046
4619,0.7967914438502673,0.20320855614973263
4620,0.9763120398955117,0.023687960104488245
4621,0.8999638858793788,0.10003611412062116
4622,0.8584183673469388,0.14158163265306123
4623,0.9,0.1
4624,0.9763120398955117,0.023687960104488245
4625,0.9763120398955117,0.023687960104488245
4626,0.666028208253526,0.33397179174647396
4627,0.5389703767615761,0.46102962323842395
4628,0.8952478283086357,0.10475217169136433
4629,0.8952478283086357,0.10475217169136433
4630,0.9763120398955117,0.023687960104488245
4631,0.9763120398955117,0.023687960104488245
4632,0.9763120398955117,0.023687960104488245
4633,0.9763120398955117,0.023687960104488245
4634,0.20729537366548043,0.7927046263345195
4635,0.666028208253526,0.33397179174647396
4636,0.9763120398955117,0.023687960104488245
4637,0.9763120398955117,0.023687960104488245
4638,0.9763120398955117,0.023687960104488245
4639,0.8999638858793788,0.10003611412062116
4640,0.666028208253526,0.33397179174647396
4641,0.5389703767615761,0.46102962323842395
4642,0.9763120398955117,0.023687960104488245
4643,0.38694992412746587,0.6130500758725341
4644,0.9763120398955117,0.023687960104488245
4645,0.8952478283086357,0.10475217169136433
4646,0.5389703767615761,0.46102962323842395
4647,0.666028208253526,0.33397179174647396
4648,0.9763120398955117,0.023687960104488245
4649,0.9763120398955117,0.023687960104488245
4650,0.9763120398955117,0.023687960104488245
4651,0.38694992412746587,0.6130500758725341
4652,0.5389703767615761,0.46102962323842395
4653,0.9,0.1
4654,0.9763120398955117,0.023687960104488245
4655,0.38694992412746587,0.6130500758725341
4656,0.8999638858793788,0.10003611412062116
4657,0.9763120398955117,0.023687960104488245
4658,0.666028208253526,0.33397179174647396
4659,0.38694992412746587,0.6130500758725341
4660,0.8999638858793788,0.10003611412062116
4661,0.9763120398955117,0.023687960104488245
4662,0.8999638858793788,0.10003611412062116
4663,0.9763120398955117,0.023687960104488245
4664,0.20729537366548043,0.7927046263345195
4665,0.9763120398955117,0.023687960104488245
4666,0.38694992412746587,0.6130500758725341
4667,0.8999638858793788,0.10003611412062116
4668,0.9,0.1
4669,0.9763120398955117,0.023687960104488245
4670,0.9763120398955117,0.023687960104488245
4671,0.666028208253526,0.33397179174647396
4672,0.9,0.1
4673,0.9,0.1
4674,0.38694992412746587,0.6130500758725341
4675,0.8999638858793788,0.10003611412062116
4676,0.666028208253526,0.33397179174647396
4677,0.38694992412746587,0.6130500758725341
4678,0.9763120398955117,0.023687960104488245
4679,0.20729537366548043,0.7927046263345195
4680,0.9763120398955117,0.023687960104488245
4681,0.9763120398955117,0.023687960104488245
4682,0.666028208253526,0.33397179174647396
4683,0.666028208253526,0.33397179174647396
4684,0.9,0.1
4685,0.9763120398955117,0.023687960104488245
4686,0.8999638858793788,0.10003611412062116
4687,0.20729537366548043,0.7927046263345195
4688,0.9763120398955117,0.023687960104488245
4689,0.9763120398955117,0.023687960104488245
4690,0.5389703767615761,0.46102962323842395
4691,0.38694992412746587,0.6130500758725341
4692,0.38694992412746587,0.6130500758725341
4693,0.9763120398955117,0.023687960104488245
4694,0.9763120398955117,0.023687960104488245
4695,0.666028208253526,0.33397179174647396
4696,0.8952478283086357,0.10475217169136433
4697,0.7194950911640954,0.2805049088359046
4698,0.9763120398955117,0.023687960104488245
4699,0.7967914438502673,0.20320855614973263
4700,0.9763120398955117,0.023687960104488245
4701,0.9763120398955117,0.023687960104488245
4702,0.8952478283086357,0.10475217169136433
4703,0.5389703767615761,0.46102962323842395
4704,0.9763120398955117,0.023687960104488245
4705,0.5389703767615761,0.46102962323842395
4706,0.9763120398955117,0.023687960104488245
4707,0.666028208253526,0.33397179174647396
4708,0.9763120398955117,0.023687960104488245
4709,0.9763120398955117,0.023687960104488245
4710,0.666028208253526,0.33397179174647396
4711,0.9763120398955117,0.023687960104488245
4712,0.30357142857142855,0.6964285714285714
4713,0.9,0.1
4714,0.5389703767615761,0.46102962323842395
4715,0.8999638858793788,0.10003611412062116
4716,0.666028208253526,0.33397179174647396
4717,0.9763120398955117,0.023687960104488245
4718,0.666028208253526,0.33397179174647396
4719,0.9763120398955117,0.023687960104488245
4720,0.9763120398955117,0.023687960104488245
4721,0.7967914438502673,0.20320855614973263
4722,0.9763120398955117,0.023687960104488245
4723,0.9763120398955117,0.023687960104488245
4724,0.8999638858793788,0.10003611412062116
4725,0.5389703767615761,0.46102962323842395
4726,0.8999638858793788,0.10003611412062116
4727,0.38694992412746587,0.6130500758725341
4728,0.20729537366548043,0.7927046263345195
4729,0.9763120398955117,0.023687960104488245
4730,0.7967914438502673,0.20320855614973263
4731,0.666028208253526,0.33397179174647396
4732,0.7194950911640954,0.2805049088359046
4733,0.38694992412746587,0.6130500758725341
4734,0.9763120398955117,0.023687960104488245
4735,0.20729537366548043,0.7927046263345195
4736,0.666028208253526,0.33397179174647396
4737,0.9763120398955117,0.023687960104488245
4738,0.9763120398955117,0.023687960104488245
4739,0.9763120398955117,0.023687960104488245
4740,0.7747524752475248,0.22524752475247525
4741,0.20729537366548043,0.7927046263345195
4742,0.8952478283086357,0.10475217169136433
4743,0.9763120398955117,0.023687960104488245
4744,0.9763120398955117,0.023687960104488245
4745,0.9763120398955117,0.023687960104488245
4746,0.9763120398955117,0.023687960104488245
4747,0.666028208253526,0.33397179174647396
4748,0.38694992412746587,0.6130500758725341
4749,0.9763120398955117,0.023687960104488245
4750,0.5389703767615761,0.46102962323842395
4751,0.9,0.1
4752,0.9763120398955117,0.023687960104488245
4753,0.7967914438502673,0.20320855614973263
4754,0.9763120398955117,0.023687960104488245
4755,0.9,0.1
4756,0.9763120398955117,0.023687960104488245
4757,0.8566308243727598,0.14336917562724014
4758,0.666028208253526,0.33397179174647396
4759,0.8952478283086357,0.10475217169136433
4760,0.666028208253526,0.33397179174647396
4761,0.666028208253526,0.33397179174647396
4762,0.9763120398955117,0.023687960104488245
4763,0.9763120398955117,0.023687960104488245
4764,0.666028208253526,0.33397179174647396
4765,0.8952478283086357,0.10475217169136433
4766,0.9763120398955117,0.023687960104488245
4767,0.9763120398955117,0.023687960104488245
4768,0.20729537366548043,0.7927046263345195
4769,0.666028208253526,0.33397179174647396
4770,0.38694992412746587,0.6130500758725341
4771,0.7194950911640954,0.2805049088359046
4772,0.20729537366548043,0.7927046263345195
4773,0.666028208253526,0.33397179174647396
4774,0.9763120398955117,0.023687960104488245
4775,0.7194950911640954,0.2805049088359046
4776,0.9763120398955117,0.023687960104488245
4777,0.5389703767615761,0.46102962323842395
4778,0.9763120398955117,0.023687960104488245
4779,0.7194950911640954,0.2805049088359046
4780,0.6047619047619047,0.3952380952380952
4781,0.9763120398955117,0.023687960104488245
4782,0.9763120398955117,0.023687960104488245
4783,0.5389703767615761,0.46102962323842395
4784,0.666028208253526,0.33397179174647396
4785,0.9763120398955117,0.023687960104488245
4786,0.9763120398955117,0.023687960104488245
4787,0.8952478283086357,0.10475217169136433
4788,0.9763120398955117,0.023687960104488245
4789,0.9763120398955117,0.023687960104488245
4790,0.9763120398955117,0.023687960104488245
4791,0.7194950911640954,0.2805049088359046
4792,0.9763120398955117,0.023687960104488245
4793,0.9763120398955117,0.023687960104488245
4794,0.38694992412746587,0.6130500758725341
4795,0.8999638858793788,0.10003611412062116
4796,0.8999638858793788,0.10003611412062116
4797,0.9763120398955117,0.023687960104488245
4798,0.5389703767615761,0.46102962323842395
4799,0.8952478283086357,0.10475217169136433
4800,0.9763120398955117,0.023687960104488245
4801,0.666028208253526,0.33397179174647396
4802,0.9763120398955117,0.023687960104488245
4803,0.5389703767615761,0.46102962323842395
4804,0.8999638858793788,0.10003611412062116
4805,0.8952478283086357,0.10475217169136433
4806,0.666028208253526,0.33397179174647396
4807,0.8999638858793788,0.10003611412062116
4808,0.8999638858793788,0.10003611412062116
4809,0.38694992412746587,0.6130500758725341
4810,0.666028208253526,0.33397179174647396
4811,0.9763120398955117,0.023687960104488245
4812,0.9,0.1
4813,0.9,0.1
4814,0.9763120398955117,0.023687960104488245
4815,0.8999638858793788,0.10003611412062116
4816,0.8999638858793788,0.10003611412062116
4817,0.8952478283086357,0.10475217169136433
4818,0.9,0.1
4819,0.38694992412746587,0.6130500758725341
4820,0.666028208253526,0.33397179174647396
4821,0.38694992412746587,0.6130500758725341
4822,0.38694992412746587,0.6130500758725341
4823,0.9763120398955117,0.023687960104488245
4824,0.9763120398955117,0.023687960104488245
4825,0.9,0.1
4826,0.9763120398955117,0.023687960104488245
4827,0.9763120398955117,0.023687960104488245
4828,0.9763120398955117,0.023687960104488245
4829,0.9763120398955117,0.023687960104488245
4830,0.38694992412746587,0.6130500758725341
4831,0.666028208253526,0.33397179174647396
4832,0.9763120398955117,0.023687960104488245
4833,0.9763120398955117,0.023687960104488245
4834,0.38694992412746587,0.6130500758725341
4835,0.9,0.1
4836,0.8999638858793788,0.10003611412062116
4837,0.38694992412746587,0.6130500758725341
4838,0.38694992412746587,0.6130500758725341
4839,0.9763120398955117,0.023687960104488245
4840,0.20729537366548043,0.7927046263345195
4841,0.666028208253526,0.33397179174647396
4842,0.9,0.1
4843,0.9763120398955117,0.023687960104488245
4844,0.30357142857142855,0.6964285714285714
4845,0.666028208253526,0.33397179174647396
4846,0.9763120398955117,0.023687960104488245
4847,0.8999638858793788,0.10003611412062116
4848,0.9763120398955117,0.023687960104488245
4849,0.8999638858793788,0.10003611412062116
4850,0.9763120398955117,0.023687960104488245
4851,0.5389703767615761,0.46102962323842395
4852,0.9763120398955117,0.023687960104488245
4853,0.5389703767615761,0.46102962323842395
4854,0.8952478283086357,0.10475217169136433
4855,0.8999638858793788,0.10003611412062116
4856,0.9763120398955117,0.023687960104488245
4857,0.9763120398955117,0.023687960104488245
4858,0.9763120398955117,0.023687960104488245
4859,0.8952478283086357,0.10475217169136433
4860,0.7194950911640954,0.2805049088359046
4861,0.8952478283086357,0.10475217169136433
4862,0.9763120398955117,0.023687960104488245
4863,0.666028208253526,0.33397179174647396
4864,0.8584183673469388,0.14158163265306123
4865,0.38694992412746587,0.6130500758725341
4866,0.20729537366548043,0.7927046263345195
4867,0.38694992412746587,0.6130500758725341
4868,0.8999638858793788,0.10003611412062116
4869,0.7747524752475248,0.22524752475247525
4870,0.20729537366548043,0.7927046263345195
4871,0.8999638858793788,0.10003611412062116
4872,0.9763120398955117,0.023687960104488245
4873,0.666028208253526,0.33397179174647396
4874,0.38694992412746587,0.6130500758725341
4875,0.9763120398955117,0.023687960104488245
4876,0.666028208253526,0.33397179174647396
4877,0.666028208253526,0.33397179174647396
4878,0.20729537366548043,0.7927046263345195
4879,0.9763120398955117,0.023687960104488245
4880,0.9763120398955117,0.023687960104488245
4881,0.9763120398955117,0.023687960104488245
4882,0.8999638858793788,0.10003611412062116
4883,0.8999638858793788,0.10003611412062116
