,y,prediction
0,1,1
1,1,2
2,1,1
3,1,1
4,1,1
6,1,1
7,2,1
8,2,1
9,2,2
10,2,2
12,1,1
13,1,1
14,2,1
15,1,1
16,1,1
17,1,1
18,1,1
19,2,1
20,2,2
21,1,1
22,1,1
23,1,1
24,1,1
25,2,2
26,1,1
28,1,1
29,1,1
32,1,1
33,1,1
34,1,1
36,1,1
37,1,1
38,2,1
39,1,1
40,1,1
43,1,1
44,1,1
45,2,2
46,1,1
47,1,1
48,1,1
50,1,1
51,1,1
52,2,2
53,2,1
54,1,1
55,2,1
56,1,1
57,1,1
58,1,1
59,1,1
60,1,2
62,1,1
63,2,2
64,1,1
65,1,1
66,1,1
68,2,2
69,1,1
70,1,1
72,2,2
73,1,1
74,1,1
75,1,1
76,1,1
77,1,1
78,1,1
81,1,1
82,1,1
83,1,1
84,2,1
85,1,1
87,1,2
88,1,1
90,1,1
91,1,1
92,1,1
93,1,1
94,2,2
96,2,2
97,2,1
98,1,1
99,1,1
101,2,2
102,1,1
103,1,1
104,1,1
106,1,1
107,1,1
108,1,1
109,1,1
110,1,1
111,2,2
112,2,1
113,1,1
114,1,1
115,1,1
116,1,2
117,2,1
118,1,1
119,1,1
120,1,1
121,1,2
122,1,1
123,2,2
124,1,1
126,1,1
127,2,1
128,1,1
129,1,1
130,1,1
131,1,1
133,1,2
134,1,1
135,2,2
136,1,1
137,1,1
138,1,1
139,2,1
140,1,1
141,1,1
143,2,1
144,1,1
145,1,1
146,1,1
147,1,1
148,1,1
150,1,1
151,1,1
152,1,1
153,1,1
154,2,1
155,1,1
156,1,1
157,1,1
160,1,1
161,1,1
162,1,1
163,1,1
164,2,2
165,1,1
166,1,1
167,1,1
169,1,1
170,1,1
172,2,1
173,1,1
175,1,1
176,1,1
177,1,1
178,1,1
179,1,2
180,2,1
181,1,1
182,1,1
183,2,1
184,2,1
185,1,1
186,1,1
188,1,2
189,2,2
190,1,1
191,1,1
193,1,1
194,1,2
195,1,1
196,1,1
197,2,1
198,2,2
199,1,1
200,1,1
201,1,1
202,2,2
203,1,1
204,1,1
205,1,1
206,2,2
207,1,1
208,2,1
209,1,1
210,1,1
211,2,1
212,1,1
213,1,1
214,2,1
215,2,1
216,1,1
217,1,2
218,1,2
219,1,1
220,1,1
221,1,1
222,1,1
223,1,1
224,1,1
225,1,1
226,1,1
227,1,1
228,1,1
229,1,1
230,1,1
232,1,1
233,1,1
234,2,1
235,1,1
236,1,1
238,2,2
239,1,1
240,2,2
241,1,1
243,1,1
244,1,1
245,1,1
246,2,1
247,1,1
249,1,1
250,2,2
251,1,2
252,1,1
253,1,1
254,1,1
255,2,1
256,1,1
257,1,1
258,1,1
259,1,1
260,1,1
261,1,1
262,1,1
263,1,1
264,1,1
265,2,2
266,1,1
267,2,1
268,1,1
269,2,1
270,2,1
271,1,1
273,1,1
274,1,1
275,1,1
276,2,1
277,1,1
278,1,1
279,2,1
280,1,1
281,2,1
282,1,1
283,1,1
284,1,1
285,2,2
286,2,2
287,1,1
288,1,1
289,1,1
290,1,2
291,1,1
292,1,1
293,1,1
294,1,1
295,1,1
296,1,1
297,1,1
298,1,1
299,1,1
300,2,2
301,1,1
302,2,1
303,2,1
304,1,1
305,1,1
306,1,1
307,1,1
308,2,1
309,2,1
310,1,1
311,2,2
312,1,1
313,2,1
314,1,1
315,1,1
316,1,1
317,1,1
318,1,1
319,1,1
320,1,1
321,1,1
322,1,1
323,1,1
324,1,2
325,1,1
326,1,1
327,2,1
328,1,1
329,1,1
330,1,1
331,1,1
332,1,1
333,1,1
334,1,1
335,1,1
336,1,1
339,1,1
340,1,1
341,2,1
342,2,1
343,1,1
344,1,1
345,1,1
346,1,1
347,1,1
348,1,1
349,1,1
350,2,2
351,1,1
354,2,2
355,2,1
357,2,1
358,1,1
359,1,1
360,1,1
361,2,2
362,1,2
363,2,1
364,1,1
365,1,1
367,1,1
368,2,1
369,1,1
370,1,1
371,1,1
372,2,1
373,1,1
374,1,1
376,1,1
377,1,1
378,1,1
379,1,1
380,1,1
381,1,1
382,1,1
383,1,1
384,1,1
385,1,1
387,2,1
388,1,1
389,1,1
390,2,1
392,1,1
393,2,2
395,1,1
396,1,1
397,1,1
398,2,2
399,2,2
400,1,1
402,2,2
403,1,1
405,2,2
406,1,1
407,1,1
408,2,1
409,1,2
410,1,1
411,1,1
412,1,1
413,2,2
414,1,1
415,2,1
416,1,1
418,1,1
419,1,1
420,1,1
421,1,1
422,2,2
423,1,1
424,1,1
426,1,1
428,2,1
429,1,2
430,1,1
431,1,1
432,1,1
433,2,1
434,1,1
435,2,2
436,1,1
437,1,1
438,1,1
439,1,1
442,1,1
443,2,1
444,1,1
445,1,1
446,1,1
447,1,1
448,1,1
449,1,1
450,1,1
451,2,2
452,2,1
453,2,1
454,2,1
456,1,1
457,1,1
458,1,1
459,1,1
460,1,1
461,1,1
462,1,2
463,1,1
464,1,1
465,1,1
466,1,1
467,1,1
468,2,2
469,2,2
471,1,1
472,1,1
473,1,1
474,1,1
475,1,1
476,1,1
477,1,1
478,1,1
479,1,1
480,1,1
481,1,1
482,1,1
483,1,1
484,1,1
485,1,1
486,1,1
487,1,1
488,1,1
489,2,2
490,1,1
492,1,1
493,1,1
494,1,1
495,1,1
496,1,1
497,1,1
498,1,1
499,1,1
500,1,1
501,1,1
502,1,1
503,1,1
504,1,1
505,1,1
506,1,1
507,1,1
508,1,1
510,1,1
511,1,1
512,1,1
513,2,2
515,1,1
516,1,1
517,1,1
518,1,1
519,2,2
520,2,2
521,2,1
522,1,1
523,2,1
525,1,1
526,2,2
527,1,1
528,1,1
529,1,2
530,1,1
531,1,1
532,1,1
533,2,2
534,2,2
535,1,1
536,1,1
537,1,1
538,1,1
539,1,1
540,1,1
541,1,1
542,1,1
543,1,1
544,1,1
545,1,1
546,1,1
547,1,1
548,1,1
549,1,1
550,1,1
552,1,1
553,1,1
554,2,1
555,1,1
556,1,1
557,1,1
558,1,1
559,1,1
560,1,1
561,2,2
562,2,2
563,1,1
564,2,2
565,1,1
566,1,2
567,1,1
568,1,1
569,1,1
570,1,1
571,1,1
572,1,1
573,2,1
574,1,1
575,2,2
576,1,1
577,1,1
578,1,1
579,1,1
580,2,1
581,2,1
582,1,1
584,1,1
585,1,1
586,1,1
587,1,1
588,2,1
589,1,1
590,1,1
591,1,1
593,2,2
594,1,1
595,1,1
597,2,2
598,1,1
600,1,1
601,1,1
602,1,1
603,1,1
604,1,1
605,1,1
606,2,2
607,1,1
608,1,1
609,1,1
610,1,1
611,1,1
612,1,1
613,1,1
614,1,1
615,1,1
616,1,1
617,1,1
618,1,2
620,1,1
621,1,1
622,1,1
623,1,1
624,1,1
625,1,1
627,1,1
628,2,1
629,2,2
630,1,1
631,1,1
632,2,1
633,2,1
634,1,1
635,1,1
636,1,1
637,2,2
638,1,1
639,2,2
640,1,1
641,1,1
642,1,1
643,2,1
645,2,1
646,1,1
648,1,1
649,2,2
651,1,1
652,2,2
653,1,1
654,1,1
655,1,1
656,1,1
657,1,1
658,1,1
659,2,1
660,2,1
661,1,1
662,1,1
663,1,1
664,1,1
665,2,1
667,2,1
668,1,1
669,1,1
670,1,1
671,1,1
672,1,1
673,2,2
674,2,1
675,1,1
677,1,1
678,1,1
680,1,1
681,2,1
682,2,1
684,1,1
685,1,1
686,1,1
688,1,1
689,1,1
690,1,1
691,1,1
692,1,2
693,1,1
694,1,1
695,1,1
696,2,1
698,1,1
699,1,1
700,1,1
702,1,1
703,1,1
704,2,2
705,2,1
707,1,1
708,1,1
709,1,1
710,1,1
711,1,1
712,1,1
713,1,1
714,1,1
715,1,1
716,1,1
717,1,1
718,1,1
719,2,2
720,1,1
721,1,1
722,1,1
723,2,1
725,2,1
726,1,1
727,1,1
728,1,1
729,2,1
730,1,1
731,1,1
732,1,1
733,1,1
734,1,1
735,1,1
736,1,1
737,1,2
738,1,1
739,2,2
740,1,1
741,1,1
742,2,1
743,1,1
744,1,1
745,2,2
746,2,1
747,1,1
748,1,1
749,1,2
750,2,2
751,1,1
752,1,1
753,1,1
754,1,1
755,1,1
756,2,1
757,1,1
758,2,1
760,1,1
761,2,1
762,1,1
763,2,2
764,2,1
765,1,1
766,1,1
767,1,1
768,1,1
769,1,1
770,1,1
771,1,1
772,1,1
773,2,1
774,1,1
775,1,1
776,1,1
778,2,2
779,1,1
780,1,1
781,1,1
782,2,2
783,1,2
784,2,1
786,1,1
787,1,1
788,1,1
789,1,1
790,2,1
791,1,2
792,1,1
793,1,1
794,2,1
796,1,1
798,2,1
799,2,2
800,1,1
801,1,1
802,1,1
803,1,1
804,1,1
805,2,1
806,1,1
807,2,2
808,2,2
809,1,1
811,1,1
812,1,1
813,1,1
814,1,1
815,1,1
816,1,1
818,1,1
820,1,1
821,1,1
822,1,1
823,1,1
824,1,1
825,2,1
826,1,1
827,1,1
828,1,1
829,1,1
830,1,1
831,2,1
832,1,1
833,1,1
834,1,1
835,1,1
837,2,1
839,1,1
840,1,1
841,1,1
842,2,1
843,1,1
845,1,1
847,2,2
848,1,2
849,1,1
850,2,1
851,1,1
852,1,1
853,1,1
854,2,1
855,1,1
857,2,1
858,1,1
859,2,1
860,1,1
862,1,1
863,1,2
864,1,1
866,1,1
867,1,1
868,2,1
869,1,1
870,2,2
872,2,2
873,2,2
874,1,1
875,2,2
876,1,1
877,1,1
878,2,1
880,1,1
881,2,1
882,1,1
883,2,2
884,1,1
885,1,1
886,1,1
888,1,1
889,1,1
890,1,1
891,1,1
892,1,1
894,2,2
895,1,2
896,1,1
898,2,2
899,1,1
900,1,1
901,1,1
902,1,1
903,1,1
904,1,1
905,1,1
906,1,1
907,1,1
908,1,1
909,1,1
910,1,1
911,1,1
913,1,1
914,1,1
915,2,2
916,1,2
917,2,1
918,1,1
919,1,1
920,1,1
922,1,1
923,1,1
924,1,1
926,1,1
928,1,1
929,1,1
931,1,1
932,1,1
933,1,1
935,2,1
936,1,1
937,2,2
938,1,1
939,2,1
940,1,1
941,1,1
942,2,1
943,1,1
944,1,1
945,1,1
946,1,1
947,2,2
948,1,1
949,1,1
950,2,1
951,2,2
953,1,1
954,1,1
955,1,1
957,1,1
958,2,2
959,2,2
960,1,1
961,1,1
962,1,2
963,1,1
964,1,1
965,1,1
966,2,1
967,1,1
968,2,2
969,1,1
970,2,1
971,1,1
972,2,1
973,1,1
974,1,1
975,1,1
976,1,1
977,2,2
978,1,1
979,1,1
980,1,1
981,1,1
982,1,1
984,2,1
985,1,1
986,1,1
987,1,1
988,1,1
989,1,1
991,1,1
992,1,1
993,2,1
994,1,1
995,2,1
996,1,1
997,2,1
998,1,1
999,2,2
1000,1,1
1001,2,2
1002,2,1
1003,1,1
1004,1,1
1005,1,2
1006,1,1
1008,2,1
1009,1,1
1010,1,1
1011,1,1
1012,2,1
1013,2,2
1014,1,2
1015,1,1
1016,2,1
1017,1,1
1018,1,1
1019,1,1
1020,1,1
1021,2,2
1022,1,1
1023,1,1
1025,1,1
1026,1,1
1027,2,1
1028,1,1
1029,1,1
1030,1,1
1031,1,1
1032,1,1
1033,1,1
1034,1,1
1035,1,1
1037,1,1
1038,1,1
1039,1,1
1040,1,1
1041,1,1
1042,1,1
1043,2,2
1044,1,1
1045,1,1
1046,1,1
1047,1,1
1048,1,1
1049,2,2
1050,1,1
1051,2,2
1052,2,2
1053,2,1
1054,1,1
1055,1,2
1056,1,1
1057,1,1
1058,2,2
1059,2,1
1061,1,1
1062,1,1
1064,2,1
1065,1,1
1066,2,2
1067,1,1
1068,1,2
1069,1,1
1070,1,1
1071,2,1
1072,2,1
1073,2,2
1074,1,1
1075,1,1
1076,1,1
1077,1,1
1078,1,1
1079,2,1
1080,1,1
1081,1,1
1082,1,1
1083,2,1
1085,1,1
1086,1,1
1088,2,2
1089,1,1
1090,2,2
1091,2,1
1092,1,1
1093,1,1
1094,1,1
1095,1,1
1098,2,1
1099,1,1
1100,1,1
1101,2,2
1102,1,1
1103,1,2
1104,2,1
1107,1,1
1108,2,2
1109,1,1
1110,2,2
1111,2,2
1112,1,1
1114,1,1
1115,2,1
1116,1,1
1117,1,1
1118,2,2
1120,1,1
1121,1,1
1122,1,1
1123,1,2
1124,1,1
1125,1,1
1126,2,1
1127,1,1
1128,1,1
1129,1,2
1130,1,1
1131,1,1
1132,1,1
1133,1,1
1134,1,1
1136,2,2
1137,2,1
1138,1,1
1139,1,1
1140,1,1
1141,1,1
1142,1,1
1143,1,1
1144,1,1
1145,2,2
1147,1,1
1148,2,1
1149,2,1
1150,1,1
1151,1,1
1152,1,1
1153,1,1
1154,1,1
1155,1,1
1156,2,1
1157,2,2
1158,1,1
1159,1,1
1160,1,1
1161,1,1
1162,2,2
1163,2,1
1164,2,2
1165,1,1
1166,2,2
1167,1,1
1168,1,2
1169,1,1
1170,1,1
1173,1,1
1174,1,1
1175,2,1
1176,1,1
1177,2,1
1178,1,1
1179,1,1
1180,2,1
1181,2,1
1182,1,2
1183,1,1
1184,1,1
1185,1,2
1186,1,1
1187,1,1
1188,1,1
1189,1,1
1190,1,1
1191,2,1
1192,1,1
1193,1,1
1194,1,1
1195,1,1
1196,1,2
1197,1,2
1198,1,1
1200,2,1
1201,2,2
1202,1,1
1203,2,1
1204,1,1
1206,1,1
1208,1,1
1209,1,1
1210,2,2
1211,1,1
1212,1,1
1213,2,2
1214,1,1
1215,2,1
1216,2,1
1217,1,1
1218,1,1
1219,2,2
1220,2,1
1221,1,1
1222,1,1
1223,1,1
1225,1,1
1227,1,1
1228,1,1
1229,1,2
1230,2,2
1231,1,1
1232,1,1
1233,1,1
1234,1,1
1235,1,1
1236,1,1
1237,1,1
1238,1,1
1239,1,1
1240,2,1
1241,1,1
1242,1,1
1243,2,1
1244,1,1
1245,1,1
1246,2,2
1247,1,1
1248,1,1
1249,1,1
1252,1,1
1253,1,1
1254,1,1
1255,1,1
1259,1,1
1260,1,1
1261,2,1
1262,1,1
1263,1,1
1264,1,1
1265,1,1
1266,2,2
1267,1,1
1268,1,1
1269,1,1
1270,1,1
1271,1,1
1272,1,1
1273,1,1
1274,1,1
1275,2,2
1276,2,2
1277,2,2
1278,1,1
1280,1,1
1281,2,1
1282,2,1
1283,1,1
1284,2,1
1285,1,1
1287,1,1
1288,1,1
1289,1,1
1290,1,1
1291,1,1
1292,1,1
1293,1,2
1294,1,1
1295,1,1
1296,1,1
1297,1,1
1298,1,1
1299,1,1
1300,1,1
1301,1,1
1302,2,1
1303,1,2
1305,2,2
1306,1,1
1307,1,1
1308,1,1
1310,1,2
1311,1,1
1312,1,1
1313,1,1
1314,2,1
1316,2,2
1317,1,1
1318,2,2
1319,2,2
1320,1,1
1321,1,1
1322,2,1
1323,2,1
1324,2,1
1325,1,1
1326,1,1
1327,2,1
1328,1,1
1329,1,1
1330,1,1
1331,1,1
1332,1,1
1333,1,2
1334,2,1
1335,1,1
1336,1,1
1337,2,1
1338,1,1
1340,1,1
1342,1,1
1343,1,1
1344,1,1
1345,1,1
1346,2,2
1347,1,1
1348,2,2
1349,1,1
1350,2,1
1351,2,2
1352,1,1
1353,1,1
1354,1,1
1355,2,1
1356,1,1
1357,1,1
1358,1,1
1359,1,1
1360,1,1
1361,2,1
1362,1,1
1363,1,1
1364,1,1
1365,1,1
1367,1,1
1368,2,1
1369,1,1
1370,1,1
1371,1,1
1372,1,1
1373,1,2
1374,1,1
1375,1,1
1376,1,1
1377,1,1
1378,2,2
1379,1,1
1380,1,1
1381,1,1
1382,1,1
1384,1,1
1385,1,1
1386,1,1
1387,2,1
1388,1,1
1389,1,1
1390,1,1
1391,2,1
1393,1,1
1394,1,1
1395,2,1
1396,1,1
1398,1,1
1399,2,1
1400,1,1
1401,1,1
1402,1,1
1403,1,1
1404,1,1
1406,1,1
1407,2,1
1408,1,1
1409,1,1
1410,1,1
1411,1,1
1412,2,2
1413,2,2
1414,1,1
1415,1,1
1416,1,1
1417,2,2
1420,1,1
1421,1,1
1422,1,1
1423,1,1
1424,1,1
1425,1,1
1426,2,2
1427,1,1
1428,1,1
1429,2,1
1431,1,1
1432,2,1
1433,1,1
1434,1,1
1435,1,1
1436,1,1
1437,2,1
1438,1,1
1440,1,1
1441,1,1
1443,1,1
1444,2,1
1445,1,1
1446,1,1
1447,1,1
1448,2,2
1449,2,2
1450,1,1
1451,1,1
1452,1,1
1453,2,2
1454,2,1
1455,1,1
1456,1,1
1457,1,1
1458,1,1
1459,2,2
1460,2,1
1461,1,1
1462,2,1
1463,2,1
1464,1,1
1465,1,1
1466,1,1
1467,1,1
1468,1,1
1469,2,1
1470,2,2
1472,1,1
1473,1,2
1474,1,1
1475,1,1
1476,1,1
1477,1,1
1478,1,1
1479,1,1
1480,1,1
1481,2,1
1483,1,1
1484,2,2
1485,1,1
1486,1,1
1487,1,1
1488,1,1
1489,2,1
1490,1,1
1491,1,1
1492,2,1
1493,2,1
1494,1,1
1495,2,1
1496,2,1
1497,1,1
1498,2,2
1499,1,1
1500,2,2
1501,1,1
1502,1,1
1503,2,2
1505,1,1
1506,1,1
1507,1,1
1509,1,1
1510,1,1
1511,2,2
1512,2,2
1513,1,2
1514,2,2
1515,1,1
1516,2,1
1517,1,2
1518,1,1
1519,1,1
1520,1,2
1521,1,1
1523,1,1
1524,1,1
1525,1,1
1526,1,1
1527,1,1
1528,2,2
1529,1,1
1530,1,1
1531,2,1
1532,2,1
1533,2,1
1534,1,1
1535,1,1
1536,1,1
1537,1,1
1538,1,1
1539,1,1
1541,1,2
1542,1,1
1543,1,1
1544,1,1
1545,1,1
1546,1,1
1548,2,1
1549,1,1
1550,1,1
1552,1,1
1553,1,1
1554,2,2
1555,1,1
1556,1,1
1557,1,1
1558,1,1
1559,1,1
1560,1,1
1561,1,1
1562,2,1
1563,1,1
1565,1,1
1566,1,1
1567,1,1
1568,1,2
1570,1,1
1571,2,1
1573,1,1
1577,1,1
1578,1,1
1580,2,1
1581,1,1
1582,1,2
1584,1,1
1585,2,1
1586,1,1
1587,1,1
1588,1,1
1590,1,1
1591,1,1
1592,1,1
1593,2,2
1594,1,1
1596,1,1
1597,1,1
1598,1,1
1599,1,1
1600,1,1
1602,1,1
1603,2,1
1604,1,1
1605,1,1
1606,1,1
1607,1,1
1608,1,1
1609,1,1
1610,1,1
1611,2,1
1613,2,1
1614,1,1
1615,2,1
1616,2,2
1618,1,1
1619,1,1
1620,2,1
1621,2,1
1622,1,1
1623,1,1
1624,1,1
1625,2,2
1628,1,1
1630,1,1
1631,1,1
1632,2,1
1634,1,1
1636,1,1
1637,1,1
1638,2,2
1639,2,1
1640,1,1
1641,2,2
1642,2,2
1643,2,2
1644,1,2
1645,2,1
1646,1,1
1647,1,1
1648,2,2
1649,1,1
1650,1,1
1651,1,1
1652,1,1
1655,2,2
1656,1,1
1657,1,1
1658,1,1
1659,1,1
1660,1,1
1662,1,1
1663,1,1
1664,1,1
1665,1,1
1666,2,2
1667,1,1
1668,1,1
1669,2,2
1670,2,1
1671,1,1
1672,1,1
1673,1,1
1674,2,1
1676,2,1
1677,1,1
1678,1,1
1679,1,1
1680,1,1
1681,1,1
1682,2,2
1684,1,1
1685,2,1
1686,1,1
1687,2,1
1688,1,1
1689,2,2
1690,1,1
1691,1,1
1692,1,1
1693,2,1
1694,1,1
1695,2,1
1696,1,1
1697,1,1
1698,1,1
1699,1,2
1700,1,1
1701,1,1
1702,1,1
1703,1,1
1704,1,1
1705,1,1
1707,1,1
1708,1,1
1709,2,2
1710,1,1
1711,1,1
1712,1,1
1713,2,2
1714,1,1
1715,1,1
1718,2,2
1719,1,1
1721,1,1
1722,2,1
1723,2,2
1724,1,1
1725,1,1
1726,2,1
1727,1,1
1728,2,2
1730,1,1
1731,1,1
1732,1,1
1733,1,1
1734,1,1
1735,2,2
1737,1,1
1739,1,1
1740,2,2
1741,1,1
1742,1,1
1743,1,1
1744,1,1
1745,1,1
1746,1,1
1747,1,1
1748,1,1
1749,1,1
1750,1,1
1752,1,1
1753,1,1
1754,2,1
1755,1,1
1756,1,1
1757,1,1
1758,1,1
1759,1,1
1760,2,1
1761,1,1
1762,1,1
1763,1,1
1764,2,1
1765,2,2
1766,1,1
1767,1,1
1768,1,1
1769,2,1
1770,1,1
1771,2,2
1772,2,1
1773,1,1
1774,2,1
1775,1,1
1777,1,1
1778,1,1
1780,2,2
1781,1,1
1782,1,1
1783,2,2
1784,1,1
1785,2,1
1786,2,2
1787,2,2
1788,1,1
1789,1,1
1790,1,1
1791,1,1
1792,1,1
1793,1,1
1794,1,1
1795,2,1
1796,1,1
1799,1,1
1800,1,1
1801,1,1
1802,1,1
1803,2,2
1804,1,1
1806,1,1
1807,1,1
1808,1,1
1809,1,1
1810,1,1
1811,2,2
1812,2,2
1813,1,1
1815,1,1
1816,1,1
1817,1,1
1818,1,1
1819,2,2
1820,1,1
1821,1,1
1823,1,1
1825,2,1
1826,2,1
1827,1,1
1828,1,1
1829,1,1
1830,1,1
1831,1,1
1832,1,1
1833,1,1
1834,1,1
1835,1,1
1836,1,2
1837,1,1
1838,1,1
1839,1,2
1840,1,1
1841,1,1
1842,1,2
1843,1,1
1844,1,1
1845,1,1
1846,1,1
1847,1,1
1848,1,1
1849,2,1
1850,1,1
1851,1,2
1853,1,1
1855,1,1
1856,1,1
1857,1,1
1859,2,1
1860,1,1
1861,1,1
1862,2,2
1863,1,1
1864,2,1
1865,1,1
1866,1,1
1867,1,1
1868,1,1
1869,2,2
1870,1,1
1871,1,1
1872,2,2
1873,1,1
1874,1,1
1875,2,1
1876,2,1
1877,1,2
1878,1,1
1879,1,1
1880,1,1
1881,2,2
1882,2,1
1883,1,1
1884,1,1
1886,1,1
1888,1,1
1890,1,1
1891,1,1
1893,2,2
1894,1,1
1895,2,1
1896,1,2
1897,1,1
1898,1,1
1899,1,1
1900,1,1
1901,1,1
1902,1,1
1903,1,1
1904,2,1
1905,2,1
1908,1,1
1909,1,1
1910,1,1
1911,1,1
1912,1,2
1914,1,1
1916,1,2
1918,1,1
1919,1,1
1920,1,1
1921,2,2
1922,2,1
1923,1,1
1924,1,1
1925,2,1
1926,1,1
1927,1,1
1928,1,1
1929,1,1
1930,1,1
1931,1,1
1932,1,1
1933,2,1
1935,1,2
1936,1,1
1937,1,1
1938,2,2
1939,1,1
1940,1,1
1941,1,1
1944,1,1
1945,2,2
1946,1,1
1948,1,2
1949,2,2
1950,1,2
1951,1,1
1952,1,1
1953,1,1
1954,1,1
1955,1,1
1956,1,1
1957,1,1
1958,1,1
1959,2,1
1960,1,1
1962,2,2
1964,1,1
1965,1,1
1966,1,1
1967,1,1
1968,1,1
1969,2,1
1970,1,1
1971,1,1
1972,2,1
1973,1,1
1974,1,1
1976,1,1
1977,1,1
1978,2,1
1979,1,1
1980,1,1
1981,2,1
1983,2,1
1984,2,2
1985,1,1
1986,2,2
1987,1,1
1988,1,1
1989,1,1
1992,2,1
1993,1,1
1994,2,1
1995,1,1
1996,2,1
1997,1,1
1998,2,2
1999,1,1
2000,1,1
2001,1,1
2002,1,1
2003,2,1
2004,1,1
2005,1,1
2006,1,1
2007,1,1
2008,1,1
2009,1,1
2010,1,1
2011,1,1
2012,1,1
2013,1,1
2014,1,2
2015,1,1
2016,1,1
2017,1,1
2019,1,1
2020,1,1
2021,1,1
2022,1,1
2023,1,1
2024,1,2
2025,1,1
2026,2,1
2028,1,1
2029,1,2
2030,2,1
2031,2,1
2032,1,1
2033,1,1
2034,1,1
2035,1,1
2036,1,1
2037,1,1
2038,1,1
2039,2,1
2040,1,1
2042,1,1
2043,2,2
2044,1,1
2045,1,1
2046,1,1
2048,2,1
2049,1,1
2050,1,1
2051,2,2
2053,1,1
2054,1,1
2055,1,1
2056,2,1
2057,1,1
2058,1,1
2059,1,1
2060,1,1
2061,1,1
2062,1,1
2063,2,2
2065,1,1
2066,2,1
2067,1,1
2068,2,1
2069,1,1
2070,1,1
2071,1,1
2072,1,1
2073,2,1
2074,2,1
2075,1,1
2076,1,1
2077,1,1
2078,1,1
2079,1,2
2080,1,1
2081,2,2
2082,1,1
2083,1,1
2084,1,1
2086,2,1
2087,1,1
2088,2,1
2089,2,1
2090,2,1
2091,1,1
2092,1,1
2094,1,1
2095,2,1
2096,1,1
2097,1,1
2098,2,2
2099,1,2
2100,2,1
2101,1,1
2102,1,1
2103,2,2
2104,1,1
2106,2,1
2107,1,1
2108,1,1
2109,2,1
2110,2,1
2111,1,1
2112,2,1
2114,1,1
2117,1,1
2118,1,1
2119,1,1
2120,1,1
2121,1,1
2122,1,1
2123,1,1
2124,1,1
2125,1,1
2126,1,1
2127,1,1
2128,2,1
2131,1,1
2132,1,1
2133,1,1
2134,1,1
2135,1,1
2136,1,1
2137,1,1
2138,1,1
2139,2,2
2140,1,1
2141,1,1
2142,1,1
2143,1,1
2144,1,1
2145,1,1
2146,1,1
2147,1,1
2149,1,1
2151,1,1
2152,1,1
2154,1,1
2155,1,1
2156,1,1
2157,2,2
2158,2,2
2159,2,1
2160,2,1
2161,1,1
2162,1,1
2164,2,1
2165,1,1
2166,1,1
2167,2,2
2168,1,1
2170,1,1
2171,1,1
2173,1,1
2174,1,1
2175,2,1
2176,1,1
2177,1,1
2178,2,1
2179,2,2
2180,2,1
2181,2,2
2182,2,1
2183,1,1
2184,2,2
2185,1,1
2186,1,1
2187,1,1
2188,1,1
2189,1,1
2190,2,1
2191,1,1
2192,1,1
2193,1,1
2194,1,2
2195,1,1
2196,2,1
2198,2,2
2199,1,1
2201,1,1
2202,1,1
2203,1,1
2204,1,1
2205,2,1
2207,1,1
2208,1,2
2209,1,1
2210,1,1
2211,1,1
2212,1,1
2214,1,1
2215,2,1
2216,1,1
2217,2,2
2218,1,1
2219,1,1
2220,1,1
2221,1,1
2222,1,1
2223,1,1
2224,1,1
2225,1,1
2226,1,1
2228,2,1
2229,1,1
2230,2,2
2231,1,1
2232,1,1
2233,2,1
2234,1,1
2236,2,1
2238,1,1
2239,1,1
2240,2,2
2241,1,1
2242,2,1
2245,2,1
2246,1,1
2247,1,1
2249,2,2
2250,1,1
2251,1,1
2252,2,2
2253,1,1
2254,2,1
2255,1,1
2256,1,2
2257,1,1
2258,2,2
2259,1,1
2260,1,1
2261,1,1
2262,1,1
2263,1,1
2264,1,1
2265,2,1
2266,1,1
2267,1,1
2268,1,1
2269,1,2
2270,1,1
2271,1,1
2272,1,1
2273,1,1
2274,1,1
2275,1,1
2276,1,1
2277,1,1
2278,1,1
2279,1,1
2280,1,1
2281,1,1
2282,2,1
2283,1,1
2284,1,1
2285,1,1
2287,2,2
2288,1,1
2289,1,1
2290,1,1
2292,1,1
2293,2,1
2294,1,1
2295,1,1
2296,1,1
2297,1,1
2298,1,1
2299,1,1
2300,1,1
2301,1,1
2302,1,1
2303,1,1
2304,2,2
2305,2,1
2306,1,1
2307,1,1
2308,2,2
2309,1,1
2310,1,1
2312,2,1
2313,1,1
2314,1,2
2315,1,1
2316,1,2
2317,1,1
2318,2,2
2319,2,2
2320,1,1
2321,2,1
2322,1,1
2324,2,2
2325,2,2
2326,1,1
2327,1,1
2328,1,1
2329,1,1
2330,2,1
2331,1,1
2332,2,1
2333,1,1
2334,2,2
2335,1,1
2338,1,1
2339,2,2
2340,1,1
2341,1,1
2342,1,1
2343,1,1
2344,2,2
2345,2,2
2346,1,1
2347,1,1
2348,2,1
2349,1,1
2350,1,1
2351,2,1
2352,2,2
2353,1,2
2354,1,1
2355,1,1
2356,1,1
2357,2,1
2359,1,1
2360,1,2
2361,2,2
2362,2,1
2363,1,1
2364,1,1
2365,1,1
2366,1,1
2367,2,1
2368,1,1
2369,1,1
2370,1,1
2371,1,1
2372,1,1
2373,1,1
2374,1,1
2375,1,1
2376,1,1
2378,1,1
2380,1,1
2381,1,1
2382,1,1
2383,1,1
2384,1,1
2385,2,2
2386,2,2
2387,1,2
2388,1,1
2389,1,2
2390,2,1
2391,1,1
2393,1,1
2394,1,1
2395,1,1
2396,2,1
2397,1,1
2399,1,1
2400,1,1
2401,1,1
2402,1,1
2403,2,2
2404,1,1
2405,1,1
2407,1,1
2408,1,1
2409,1,1
2410,1,1
2411,1,1
2412,1,1
2413,1,1
2414,2,1
2415,2,2
2416,1,1
2417,1,1
2418,1,1
2419,1,1
2420,2,2
2421,1,1
2422,1,1
2423,1,1
2425,2,1
2426,2,2
2427,1,1
2428,1,1
2429,1,1
2430,2,1
2431,2,1
2433,2,2
2434,1,1
2435,1,1
2436,1,1
2437,1,1
2439,1,1
2440,1,1
2442,1,1
2443,1,1
2445,1,1
2447,1,1
2448,1,1
2449,1,1
2450,1,1
2451,1,1
2452,1,1
2453,1,1
2454,1,1
2455,1,1
2456,1,1
2457,1,1
2460,2,1
2461,1,1
2462,2,2
2463,1,1
2464,1,1
2465,2,1
2466,1,1
2467,1,1
2468,1,1
2469,2,1
2470,2,2
2471,1,1
2472,2,1
2473,2,2
2474,1,1
2476,1,1
2478,1,2
2479,1,1
2480,1,1
2482,1,1
2483,1,2
2484,2,2
2485,1,1
2486,1,1
2487,1,1
2488,1,1
2489,1,1
2491,1,1
2492,1,1
2493,1,1
2494,1,1
2497,2,2
2498,2,2
2499,1,1
2500,1,1
2502,1,1
2504,1,1
2505,2,1
2506,1,1
2507,1,2
2508,2,1
2509,2,1
2510,1,1
2511,1,1
2512,2,2
2513,1,1
2514,2,1
2515,1,1
2516,1,1
2517,2,2
2518,1,1
2520,2,1
2521,1,1
2522,1,1
2523,1,1
2524,1,1
2526,1,1
2528,1,2
2529,2,1
2530,1,1
2531,1,1
2532,1,1
2534,1,1
2535,1,1
2536,1,1
2537,1,1
2538,2,1
2539,1,1
2540,1,1
2541,2,1
2543,1,1
2544,1,1
2545,1,1
2546,2,1
2547,1,1
2548,1,1
2549,1,1
2550,1,1
2551,1,1
2553,1,1
2554,1,1
2555,1,1
2556,2,2
2557,1,1
2558,1,2
2559,1,1
2560,2,1
2561,1,1
2562,1,1
2563,1,1
2564,1,1
2565,1,1
2566,1,1
2567,1,1
2568,1,1
2569,2,2
2570,2,1
2573,1,1
2574,2,2
2575,1,1
2576,2,1
2577,1,1
2578,2,2
2579,1,1
2580,2,1
2581,1,1
2582,1,1
2583,2,2
2584,1,1
2585,1,1
2586,1,1
2587,1,2
2588,2,2
2589,2,2
2590,1,1
2591,1,1
2592,1,1
2593,2,1
2594,1,1
2595,1,1
2596,1,1
2598,2,1
2599,2,1
2600,1,1
2601,1,1
2602,1,1
2603,2,1
2604,1,1
2605,1,1
2606,1,1
2607,2,2
2608,1,1
2609,1,1
2610,1,1
2611,1,1
2612,1,1
2614,2,2
2615,1,1
2616,1,1
2617,1,1
2618,2,1
2619,1,1
2620,2,1
2621,1,1
2622,1,1
2623,1,1
2624,2,1
2625,1,1
2626,2,1
2628,1,1
2629,1,1
2630,1,1
2631,2,2
2632,1,1
2633,2,2
2634,1,1
2635,1,2
2636,1,1
2637,2,2
2638,2,1
2639,1,1
2640,1,1
2641,1,1
2642,1,1
2644,1,1
2645,1,1
2646,1,1
2647,1,1
2648,1,1
2649,1,1
2650,1,1
2651,1,1
2652,2,2
2653,1,1
2654,1,2
2656,1,1
2657,1,1
2658,1,1
2659,1,2
2661,1,1
2662,1,1
2664,2,1
2665,2,2
2666,1,1
2667,1,1
2668,1,1
2669,2,1
2671,1,1
2672,1,1
2673,1,1
2674,1,1
2675,1,1
2676,1,1
2677,1,1
2678,1,1
2679,1,1
2680,1,1
2681,1,1
2682,1,1
2683,2,1
2684,1,2
2685,1,1
2686,1,1
2687,2,2
2688,1,2
2689,1,1
2690,1,1
2691,1,2
2692,1,1
2693,1,1
2694,1,1
2695,2,1
2696,1,1
2697,1,1
2698,1,1
2699,1,1
2700,1,1
2702,1,2
2703,1,1
2704,1,1
2705,1,1
2706,1,1
2707,2,2
2708,1,1
2710,2,1
2711,1,1
2712,1,1
2713,2,1
2714,1,1
2715,1,1
2716,2,2
2719,2,1
2720,1,1
2721,2,1
2722,1,1
2723,1,1
2724,2,1
2725,2,1
2726,2,1
2727,1,1
2728,1,1
2729,1,1
2730,1,1
2731,2,2
2732,1,1
2733,1,1
2736,2,1
2737,1,1
2739,1,1
2740,2,2
2741,1,1
2742,1,1
2743,1,1
2744,2,1
2745,1,1
2746,1,1
2747,1,1
2748,1,1
2749,1,1
2750,1,1
2751,1,1
2752,2,1
2753,2,2
2754,1,1
2755,1,1
2756,2,2
2757,1,1
2758,1,1
2759,2,1
2760,1,1
2761,1,1
2762,2,1
2763,1,1
2764,1,1
2765,1,1
2766,1,1
2767,2,2
2768,1,1
2769,1,1
2770,1,1
2771,1,1
2772,1,1
2773,1,1
2774,2,2
2775,2,2
2776,1,1
2777,1,1
2778,1,1
2779,1,1
2780,1,1
2781,2,1
2782,1,1
2783,2,1
2784,1,1
2785,1,1
2786,1,1
2787,1,1
2788,1,1
2791,1,1
2792,1,1
2793,1,1
2794,1,1
2795,1,1
2796,2,2
2797,1,1
2798,1,1
2799,1,2
2801,1,1
2803,1,1
2804,1,1
2805,1,1
2809,1,1
2810,1,1
2811,1,1
2812,1,1
2813,1,1
2814,1,1
2816,1,1
2817,2,1
2818,1,1
2819,1,1
2820,1,2
2821,1,1
2823,1,1
2824,1,2
2825,1,1
2826,1,1
2827,1,1
2829,2,2
2830,1,1
2831,1,2
2832,2,1
2833,2,2
2834,1,1
2835,1,1
2836,1,1
2837,1,1
2838,1,1
2839,1,1
2840,2,1
2841,1,1
2842,1,2
2843,2,1
2844,2,1
2845,2,1
2846,1,2
2848,2,2
2849,1,1
2850,1,1
2851,1,1
2852,1,1
2853,1,1
2854,1,1
2855,1,1
2856,1,1
2857,1,1
2858,1,1
2859,2,1
2860,2,2
2861,1,1
2862,1,1
2863,1,2
2864,1,1
2865,1,1
2866,1,1
2867,1,1
2868,1,1
2869,1,1
2870,1,1
2871,2,1
2872,1,2
2873,1,1
2874,2,1
2875,1,1
2876,1,1
2877,1,1
2878,1,1
2880,1,1
2881,1,1
2883,2,1
2884,1,1
2885,1,1
2886,2,1
2887,1,1
2888,1,1
2889,1,1
2890,1,1
2891,1,1
2892,1,2
2893,1,1
2894,2,2
2895,1,1
2896,2,1
2897,1,1
2898,1,1
2899,1,1
2900,2,1
2901,2,2
2902,1,1
2903,1,1
2904,1,1
2905,1,1
2906,1,1
2907,1,1
2908,1,1
2909,2,2
2910,1,1
2911,1,1
2912,1,1
2913,1,1
2914,1,1
2915,1,1
2917,2,1
2918,1,2
2919,2,1
2920,1,1
2921,1,1
2922,1,1
2923,1,2
2926,1,1
2927,1,1
2928,1,1
2929,1,1
2931,1,1
2932,1,1
2933,2,1
2934,1,1
2935,1,1
2936,1,1
2937,1,1
2938,1,1
2939,1,1
2941,2,1
2942,1,1
2944,1,1
2945,1,1
2946,1,1
2947,1,1
2948,2,2
2949,1,1
2950,2,2
2951,1,1
2952,1,1
2953,1,2
2954,1,1
2955,1,1
2956,2,2
2957,1,1
2958,1,1
2960,1,1
2961,1,1
2962,2,1
2963,1,1
2964,1,1
2965,2,2
2966,1,1
2967,1,1
2969,1,1
2971,2,2
2972,1,1
2973,2,1
2974,1,1
2975,1,1
2976,1,1
2977,2,1
2978,1,1
2979,1,1
2980,2,1
2981,1,1
2982,1,2
2983,1,1
2984,1,1
2985,1,1
2988,1,1
2990,1,1
2991,1,1
2992,1,1
2993,1,1
2994,1,2
2995,1,1
2996,1,1
2997,1,1
2998,1,1
2999,1,1
3000,1,1
3001,1,1
3002,1,1
3003,1,1
3004,1,1
3005,1,1
3006,1,1
3007,1,1
3008,1,1
3009,1,1
3010,1,1
3011,2,1
3012,2,2
3013,2,1
3014,2,1
3015,1,1
3016,1,2
3017,2,2
3018,1,1
3019,1,1
3020,2,2
3021,2,2
3022,2,2
3023,1,1
3024,1,1
3025,1,1
3026,1,1
3028,1,1
3029,1,1
3031,1,1
3032,2,1
3033,1,1
3034,1,1
3035,2,2
3036,1,1
3037,1,1
3038,1,1
3039,2,1
3040,2,1
3041,1,1
3042,1,1
3043,1,1
3044,1,1
3045,1,1
3046,1,1
3047,1,1
3048,1,1
3050,2,2
3051,1,1
3052,2,1
3054,1,1
3055,1,1
3056,2,1
3057,1,1
3058,1,1
3060,1,1
3061,1,1
3063,1,1
3064,2,1
3065,1,1
3066,1,1
3067,1,1
3068,1,1
3069,1,1
3070,1,1
3071,2,2
3073,1,1
3074,1,1
3075,1,1
3076,1,2
3077,2,2
3079,2,2
3080,2,2
3081,1,1
3082,1,1
3083,1,1
3084,1,1
3085,1,1
3086,1,1
3087,1,1
3088,1,1
3089,2,2
3090,1,1
3091,2,2
3092,1,1
3094,1,2
3095,2,2
3096,1,1
3097,1,1
3098,1,1
3099,1,1
3102,1,1
3103,1,1
3104,1,1
3105,2,2
3106,2,2
3107,2,2
3108,2,1
3109,1,1
3110,1,1
3111,2,2
3112,1,1
3114,1,1
3115,1,1
3116,1,2
3117,1,1
3118,1,1
3119,1,2
3120,1,1
3122,2,1
3123,1,1
3124,1,1
3125,2,2
3126,1,1
3127,1,1
3128,1,1
3129,2,1
3130,1,1
3131,1,1
3132,1,1
3133,2,1
3134,2,2
3135,1,1
3136,1,1
3138,1,1
3139,1,1
3141,1,1
3142,1,1
3143,2,2
3145,1,1
3146,1,1
3147,1,1
3148,1,1
3149,1,1
3150,1,1
3151,1,1
3152,2,2
3153,2,2
3154,2,1
3155,2,1
3156,2,1
3157,1,1
3158,1,1
3160,1,1
3161,1,1
3162,1,1
3163,2,1
3164,2,2
3166,2,1
3167,2,2
3168,2,2
3169,1,1
3170,1,1
3171,1,2
3172,1,1
3173,1,1
3174,1,1
3175,2,1
3176,2,2
3177,1,1
3178,1,1
3179,1,1
3180,2,1
3181,1,1
3182,1,1
3183,1,1
3184,2,1
3185,2,2
3186,1,2
3187,1,1
3188,1,1
3189,1,1
3190,2,1
3191,1,1
3193,1,1
3194,1,1
3195,1,1
3196,1,1
3197,1,1
3198,2,1
3199,2,1
3200,1,1
3201,1,1
3202,1,1
3203,1,2
3204,2,1
3208,1,1
3209,1,1
3210,1,1
3211,1,1
3212,2,2
3213,1,1
3214,1,1
3215,1,1
3216,2,2
3217,2,2
3218,2,2
3219,1,1
3220,2,1
3221,1,1
3222,1,1
3223,1,1
3225,2,2
3226,1,1
3227,1,2
3228,1,1
3229,1,1
3230,2,2
3231,1,1
3232,1,1
3233,1,1
3234,1,1
3235,1,1
3236,1,1
3237,1,1
3238,1,2
3239,1,1
3240,1,1
3241,1,1
3242,1,1
3243,1,1
3244,1,1
3245,2,1
3246,1,1
3247,2,1
3248,1,2
3249,2,2
3250,1,1
3251,1,1
3252,2,1
3253,1,1
3255,1,1
3256,2,2
3257,1,1
3258,1,1
3260,2,2
3261,1,1
3262,2,1
3263,1,1
3264,1,1
3266,1,2
3267,2,1
3269,1,1
3270,1,1
3271,2,2
3273,2,1
3274,2,2
3275,1,1
3276,1,1
3277,1,1
3278,2,1
3279,1,1
3280,1,1
3281,2,1
3282,1,1
3283,1,1
3285,1,1
3286,1,1
3287,1,1
3288,1,1
3289,1,1
3290,2,1
3291,1,1
3292,2,2
3293,1,1
3294,1,1
3295,1,1
3296,1,1
3297,2,1
3298,1,1
3299,1,1
3300,1,1
3301,1,1
3302,1,1
3303,1,1
3304,1,1
3305,1,1
3306,1,1
3307,1,1
3308,1,1
3309,1,1
3310,1,1
3311,1,2
3312,1,1
3313,1,1
3314,1,1
3315,1,1
3316,1,1
3317,2,1
3318,1,1
3319,1,1
3320,1,1
3321,2,1
3322,1,1
3323,1,1
3324,1,1
3325,1,1
3326,1,1
3327,1,1
3329,1,1
3330,1,1
3331,1,1
3332,1,1
3333,2,1
3334,1,1
3335,1,1
3336,2,1
3337,2,2
3338,1,1
3339,1,1
3340,1,1
3341,1,1
3342,1,1
3343,1,1
3346,1,1
3347,1,1
3348,1,1
3349,2,2
3350,1,1
3351,1,1
3353,2,1
3354,1,1
3355,1,1
3356,1,1
3358,2,1
3359,2,1
3360,2,2
3361,1,1
3362,1,1
3363,1,1
3364,1,1
3365,2,2
3368,2,2
3369,1,1
3370,1,2
3372,1,1
3373,1,1
3374,1,1
3375,1,1
3376,1,1
3377,1,2
3378,1,1
3379,1,1
3380,1,1
3381,2,2
3382,2,1
3383,1,1
3384,2,1
3385,1,1
3387,2,1
3388,2,2
3389,2,2
3390,2,1
3391,1,1
3392,1,2
3393,1,1
3394,1,1
3395,2,1
3396,1,1
3397,1,1
3398,2,2
3400,1,1
3401,2,1
3402,1,1
3403,1,1
3404,1,1
3405,1,1
3406,1,1
3407,2,1
3408,2,1
3409,1,1
3410,2,2
3412,1,1
3413,2,2
3414,1,1
3415,1,1
3416,1,1
3417,1,1
3418,2,2
3419,1,1
3420,1,1
3421,1,1
3422,1,1
3423,1,1
3424,1,1
3425,1,1
3426,1,1
3427,1,2
3428,1,2
3429,1,1
3430,2,2
3431,1,1
3432,1,1
3433,1,1
3434,1,1
3435,2,1
3437,1,1
3438,2,1
3439,1,1
3440,1,1
3442,2,1
3443,1,1
3444,1,1
3445,2,2
3446,1,1
3447,1,1
3448,2,1
3449,1,1
3450,1,1
3451,2,2
3452,1,1
3453,1,1
3454,1,1
3455,1,1
3456,1,1
3458,1,2
3459,1,1
3461,1,1
3462,1,1
3463,1,1
3465,1,1
3467,1,1
3468,2,2
3469,1,1
3470,1,1
3471,1,1
3472,1,1
3473,1,1
3474,1,1
3475,2,2
3476,1,1
3477,2,1
3478,2,1
3479,1,1
3480,2,1
3481,1,1
3482,1,1
3483,1,2
3484,1,1
3485,2,2
3486,1,1
3487,1,1
3488,1,1
3489,2,1
3490,1,1
3491,1,1
3492,1,1
3493,2,1
3494,2,1
3495,1,1
3496,1,1
3497,2,1
3498,1,1
3499,1,2
3500,1,2
3501,1,1
3502,2,2
3503,1,1
3504,1,1
3505,1,2
3506,1,1
3507,1,1
3508,1,1
3509,1,1
3511,1,1
3513,2,1
3514,1,1
3515,2,1
3516,1,1
3517,2,1
3518,2,2
3519,1,1
3520,1,1
3522,1,1
3524,1,1
3525,1,1
3526,1,1
3527,1,1
3528,1,1
3529,1,1
3530,2,1
3531,1,1
3532,1,1
3534,1,1
3536,2,2
3537,1,1
3538,2,1
3539,2,1
3541,1,1
3542,1,1
3543,2,1
3544,1,1
3545,1,1
3547,1,1
3548,1,1
3549,1,1
3550,1,1
3551,1,1
3552,2,2
3553,1,1
3554,1,1
3556,1,1
3557,1,1
3558,1,1
3559,2,1
3560,1,1
3561,2,1
3562,1,1
3563,1,1
3564,1,2
3565,1,1
3566,1,1
3568,2,1
3569,1,1
3570,1,1
3571,1,1
3572,1,1
3573,1,1
3574,2,2
3575,2,1
3576,1,1
3577,2,2
3578,2,2
3579,1,1
3580,2,1
3581,1,1
3582,1,1
3584,2,1
3585,1,1
3586,1,1
3587,1,1
3588,1,1
3589,1,1
3590,1,1
3591,1,1
3592,1,1
3593,1,1
3594,2,1
3595,2,1
3596,1,1
3597,1,1
3598,1,1
3599,2,1
3601,1,1
3602,2,2
3603,1,1
3604,1,1
3605,1,1
3606,1,1
3608,1,1
3609,1,1
3611,1,1
3613,1,1
3615,1,1
3616,1,1
3617,1,1
3618,1,1
3619,1,1
3620,1,1
3621,1,1
3622,1,1
3623,1,1
3624,1,1
3625,1,2
3627,1,2
3628,1,1
3629,1,1
3630,1,1
3631,1,1
3632,1,1
3633,1,1
3634,1,1
3635,1,1
3637,1,1
3638,1,1
3639,2,2
3640,1,1
3641,1,1
3642,1,1
3643,1,1
3644,1,1
3645,1,1
3646,1,1
3647,1,1
3648,1,1
3649,1,1
3651,2,2
3652,2,2
3653,1,1
3654,2,1
3655,2,2
3656,1,1
3658,1,1
3660,1,1
3661,1,1
3662,1,1
3663,2,1
3664,2,2
3665,2,1
3666,2,2
3667,1,1
3668,1,1
3669,1,1
3670,1,1
3671,1,1
3672,1,2
3673,2,1
3674,2,2
3675,1,1
3676,1,1
3677,2,1
3678,1,2
3679,1,1
3680,1,2
3681,1,1
3682,1,2
3683,1,1
3684,1,1
3685,1,1
3686,1,1
3687,1,1
3688,1,1
3689,1,1
3690,1,1
3691,1,1
3692,2,1
3693,1,1
3694,1,1
3695,1,1
3696,1,1
3697,1,1
3698,2,2
3699,1,1
3700,2,2
3701,1,1
3702,1,1
3704,1,1
3708,1,1
3709,1,2
3710,1,1
3713,1,1
3714,2,1
3715,1,1
3718,1,1
3719,1,1
3720,1,1
3721,2,2
3722,2,1
3724,2,2
3725,1,1
3726,2,1
3727,2,1
3728,1,1
3729,1,1
3730,1,1
3732,2,1
3733,2,2
3735,1,1
3736,1,1
3737,1,1
3738,1,1
3739,1,1
3741,1,1
3742,1,1
3743,1,1
3744,1,1
3745,1,1
3746,1,1
3747,1,1
3748,1,1
3749,2,2
3750,1,1
3751,1,1
3753,1,1
3755,1,1
3756,1,1
3757,1,1
3758,2,1
3759,1,1
3760,2,2
3761,1,1
3762,1,1
3764,1,1
3765,1,1
3767,1,1
3768,1,2
3769,1,1
3770,1,1
3771,1,1
3772,1,1
3773,1,1
3774,2,2
3776,1,1
3777,1,1
3778,1,1
3779,2,1
3780,1,1
3781,1,1
3782,1,1
3783,1,1
3784,1,1
3786,2,2
3787,1,1
3788,2,1
3789,2,2
3790,1,1
3791,1,1
3792,1,1
3793,1,1
3794,1,1
3795,2,1
3796,1,1
3797,1,2
3799,1,1
3800,1,1
3801,1,1
3802,1,1
3803,1,1
3804,1,1
3805,1,1
3806,2,2
3807,1,1
3808,1,2
3809,2,1
3810,1,1
3811,1,1
3812,2,1
3813,1,1
3814,1,1
3815,1,1
3816,1,2
3817,2,2
3818,1,1
3819,1,1
3820,1,1
3821,1,1
3824,1,1
3825,1,1
3826,1,1
3827,1,1
3828,1,1
3829,2,2
3830,1,1
3831,2,2
3832,1,1
3833,1,1
3834,1,1
3835,1,1
3836,2,2
3837,1,1
3838,1,1
3839,1,1
3840,1,1
3841,1,1
3842,1,1
3843,1,1
3844,1,1
3845,2,2
3846,1,1
3847,2,1
3848,2,1
3849,1,1
3850,2,1
3851,1,1
3852,1,1
3853,1,1
3854,1,1
3855,1,1
3856,1,1
3857,1,1
3858,1,1
3859,1,1
3860,2,2
3861,1,1
3862,2,2
3863,1,1
3865,2,1
3866,2,1
3867,2,1
3868,1,1
3869,1,1
3870,1,1
3871,1,1
3872,1,1
3874,1,1
3875,1,1
3876,1,1
3877,1,1
3878,1,2
3879,2,1
3880,2,1
3881,1,1
3882,2,1
3883,1,1
3884,2,2
3885,1,1
3886,2,1
3887,2,1
3888,1,1
3889,2,1
3890,1,1
3891,1,1
3892,2,1
3893,1,1
3894,2,1
3895,2,1
3896,1,1
3897,1,1
3898,1,1
3899,1,1
3900,2,2
3901,1,1
3902,1,1
3903,1,1
3904,1,1
3905,1,1
3907,1,1
3908,1,1
3909,2,1
3910,1,1
3911,2,1
3912,1,2
3913,1,1
3914,1,1
3915,2,1
3916,1,1
3917,1,1
3918,1,1
3919,1,1
3920,1,1
3921,1,1
3922,1,1
3923,1,1
3924,1,1
3925,1,1
3926,2,1
3927,2,2
3928,1,1
3929,2,1
3930,1,1
3931,1,1
3932,2,1
3933,1,1
3934,1,1
3935,1,1
3936,1,1
3937,1,1
3938,1,1
3939,1,1
3940,1,1
3941,1,1
3942,1,1
3943,1,1
3944,1,1
3945,2,2
3946,1,1
3947,1,1
3948,1,1
3949,1,1
3950,1,1
3951,1,1
3952,2,1
3953,1,1
3954,1,1
3955,1,1
3956,1,1
3957,1,1
3959,2,1
3960,1,1
3961,1,1
3962,1,1
3963,1,1
3964,2,2
3965,1,1
3966,2,2
3969,1,1
3970,1,1
3971,1,1
3973,1,1
3974,1,1
3975,1,1
3976,1,1
3977,1,1
3978,1,2
3980,2,1
3981,1,1
3982,1,1
3983,2,1
3985,1,1
3986,1,1
3987,1,1
3988,2,1
3989,1,1
3990,1,1
3991,1,1
3992,2,1
3993,1,1
3994,1,1
3995,1,1
3996,1,1
3997,1,1
3998,1,1
3999,1,1
4000,1,2
4001,1,1
4002,1,1
4004,2,1
4005,2,1
4006,2,1
4007,1,1
4008,2,1
4009,1,1
4010,1,1
4011,1,1
4012,1,1
4013,1,1
4014,1,1
4015,1,1
4017,1,1
4018,2,2
4019,1,1
4020,1,1
4021,1,1
4022,1,1
4023,1,1
4024,2,1
4025,1,1
4026,1,1
4027,1,1
4028,1,1
4029,1,2
4030,1,1
4031,2,1
4032,2,1
4033,1,1
4034,1,1
4035,2,1
4036,1,1
4037,1,1
4038,1,1
4040,1,1
4041,1,1
4042,2,1
4043,1,1
4044,1,1
4045,1,1
4046,1,1
4047,1,1
4049,1,1
4050,1,2
4051,1,1
4052,1,1
4053,2,2
4054,1,2
4055,2,2
4056,2,1
4057,1,1
4058,2,1
4059,1,1
4060,2,2
4061,1,1
4062,1,1
4063,1,1
4064,1,1
4066,1,1
4067,1,1
4068,1,1
4069,1,1
4070,1,1
4071,1,1
4072,1,1
4075,2,2
4076,1,1
4077,1,1
4078,1,1
4079,1,1
4080,1,1
4081,1,1
4082,1,1
4083,1,1
4084,1,1
4085,1,1
4086,1,1
4087,2,2
4088,2,2
4089,1,1
4090,1,1
4091,1,1
4092,1,1
4093,1,2
4094,1,1
4095,1,1
4097,2,2
4098,1,1
4099,1,1
4100,1,1
4101,1,1
4102,1,1
4103,1,1
4104,1,1
4105,1,1
4106,1,1
4107,1,1
4108,1,1
4109,1,1
4110,1,1
4111,1,1
4112,2,1
4113,1,1
4115,2,1
4116,1,1
4117,1,1
4118,1,1
4119,1,1
4120,1,1
4123,1,1
4124,1,1
4125,1,1
4126,1,1
4127,2,2
4128,1,1
4129,1,1
4130,1,1
4131,2,2
4132,1,1
4133,2,1
4134,1,1
4135,1,1
4136,1,2
4138,1,1
4139,1,1
4140,1,1
4141,1,1
4142,1,1
4143,2,1
4144,1,1
4145,2,2
4146,1,1
4147,1,1
4148,1,1
4149,1,1
4150,1,1
4151,1,1
4152,1,1
4153,1,1
4154,2,2
4155,1,1
4156,1,1
4157,1,1
4158,1,1
4159,1,1
4160,1,1
4161,1,1
4162,1,1
4164,2,1
4165,1,1
4166,1,1
4167,1,1
4168,1,1
4169,2,1
4170,1,1
4172,2,2
4173,1,1
4174,1,1
4175,1,1
4176,2,1
4177,2,2
4178,1,1
4179,1,1
4180,1,1
4181,1,1
4182,2,1
4183,1,1
4184,1,1
4186,1,1
4188,1,1
4190,1,1
4191,1,1
4193,1,1
4195,1,1
4196,1,1
4197,1,1
4198,1,1
4199,1,1
4200,1,1
4201,1,1
4202,1,1
4203,2,1
4204,1,1
4205,1,1
4206,1,1
4207,1,1
4208,2,1
4209,1,1
4210,2,2
4211,1,1
4212,1,1
4214,1,1
4216,1,1
4219,1,1
4220,1,1
4221,1,1
4222,2,1
4223,1,1
4224,1,1
4225,1,1
4226,1,1
4227,1,1
4228,1,1
4229,1,1
4230,1,1
4231,1,1
4232,2,1
4233,1,1
4235,1,1
4236,1,2
4237,1,1
4238,2,1
4239,1,1
4240,1,1
4241,1,1
4242,1,1
4243,1,1
4244,1,1
4245,1,1
4246,2,2
4248,1,1
4250,1,1
4251,1,1
4252,1,1
4253,1,1
4254,1,1
4255,2,1
4256,1,1
4257,2,1
4258,2,1
4259,1,1
4260,1,1
4261,1,1
4262,1,1
4263,1,1
4264,2,2
4266,2,2
4267,2,2
4268,1,1
4269,1,1
4270,1,1
4271,2,1
4272,1,1
4273,1,1
4274,1,1
4275,1,1
4276,1,1
4277,1,1
4278,1,1
4279,1,1
4280,1,1
4281,1,1
4282,1,1
4283,1,1
4285,2,1
4286,1,1
4287,1,2
4288,1,1
4289,1,1
4290,1,1
4291,1,1
4292,1,1
4293,1,1
4295,1,1
4296,1,1
4297,2,2
4298,1,1
4299,1,1
4300,1,1
4301,1,1
4302,1,1
4303,1,1
4304,2,1
4305,1,1
4306,2,1
4307,1,1
4308,1,1
4309,1,1
4310,1,1
4311,2,2
4312,2,2
4313,1,1
4315,1,1
4316,1,1
4317,1,1
4318,1,1
4319,1,1
4320,1,1
4321,1,1
4322,2,1
4323,1,1
4325,1,1
4326,1,1
4327,2,2
4328,1,1
4329,2,1
4330,2,1
4332,1,2
4333,1,1
4334,1,1
4335,1,1
4336,1,1
4337,1,1
4338,2,2
4339,2,2
4340,1,1
4341,2,1
4342,1,1
4343,2,2
4344,2,1
4345,1,1
4346,1,1
4347,1,1
4348,1,1
4349,2,2
4350,1,1
4352,1,1
4353,1,1
4354,2,2
4355,1,1
4356,1,1
4357,1,1
4358,1,1
4359,2,1
4361,1,1
4362,1,1
4363,1,1
4364,1,1
4365,2,2
4366,2,2
4367,1,1
4368,2,1
4370,1,1
4371,1,1
4372,1,1
4373,1,1
4374,2,2
4375,1,1
4376,1,1
4377,1,1
4378,2,1
4379,1,1
4380,2,2
4381,2,1
4382,1,1
4383,1,1
4384,1,1
4385,1,1
4386,1,1
4387,1,1
4388,1,1
4389,2,1
4390,2,2
4391,1,1
4392,1,1
4393,1,1
4394,1,1
4395,1,1
4396,1,1
4397,1,1
4398,1,1
4399,1,1
4401,2,1
4402,1,1
4403,1,1
4404,2,1
4405,2,2
4406,1,1
4407,2,2
4408,1,1
4409,1,1
4410,1,1
4411,2,2
4413,1,1
4414,1,1
4415,1,1
4416,1,1
4417,2,1
4418,1,1
4419,1,1
4420,1,1
4421,2,1
4422,1,1
4423,1,1
4424,1,1
4425,1,2
4426,1,1
4427,1,1
4428,1,2
4429,1,1
4431,1,1
4432,1,1
4433,2,2
4434,1,1
4435,1,1
4436,1,1
4437,2,1
4438,2,2
4439,1,1
4440,2,2
4441,2,2
4442,1,1
4443,2,1
4444,1,1
4445,2,2
4446,1,1
4447,1,1
4448,1,1
4450,1,1
4451,1,1
4452,1,1
4453,1,1
4455,1,1
4456,1,2
4457,1,1
4458,1,1
4459,1,1
4460,1,1
4461,1,1
4462,1,1
4464,1,1
4465,2,2
4466,2,1
4467,1,1
4468,1,1
4469,1,1
4470,2,1
4472,1,1
4473,2,1
4474,2,2
4475,2,2
4476,1,1
4477,1,1
4478,2,1
4479,2,1
4480,1,2
4482,1,1
4483,1,1
4484,1,1
4485,1,1
4487,1,1
4488,1,1
4489,1,1
4490,1,1
4491,2,1
4492,2,2
4493,1,1
4494,1,1
4495,2,2
4497,1,1
4498,1,1
4499,1,1
4500,1,1
4501,1,1
4502,2,2
4503,1,1
4504,1,1
4505,1,1
4507,1,1
4508,1,1
4509,1,1
4510,1,1
4511,1,1
4512,1,1
4513,1,1
4514,1,1
4515,1,1
4516,1,1
4517,1,1
4518,2,1
4519,1,1
4520,1,1
4521,1,1
4522,1,1
4523,1,2
4524,1,1
4525,1,1
4526,1,1
4527,1,1
4528,1,1
4529,1,1
4530,1,1
4531,1,1
4532,1,1
4533,2,1
4535,1,1
4536,1,1
4537,2,2
4538,1,1
4539,2,2
4540,2,1
4541,1,1
4542,1,1
4543,2,1
4544,1,1
4545,2,1
4546,2,2
4547,1,1
4548,1,1
4549,2,2
4550,2,1
4551,1,1
4552,1,1
4553,1,1
4554,1,1
4556,1,1
4557,1,1
4558,1,1
4559,2,1
4560,1,1
4561,1,1
4562,1,1
4564,1,1
4565,1,2
4566,2,1
4568,1,1
4569,1,1
4570,1,1
4571,2,2
4572,1,1
4573,1,1
4574,1,1
4575,2,2
4576,1,1
4577,1,2
4578,1,1
4579,1,1
4580,1,1
4581,1,1
4582,1,1
4583,1,1
4584,2,1
4585,1,1
4586,1,1
4587,1,1
4588,1,1
4589,1,1
4593,2,2
4594,1,1
4595,2,1
4596,1,1
4597,2,2
4598,1,1
4599,2,2
4600,2,1
4601,1,1
4602,1,1
4603,2,1
4604,1,1
4605,1,1
4606,1,1
4607,1,1
4608,1,1
4609,1,1
4611,1,1
4612,2,2
4613,1,1
4614,1,1
4615,1,1
4616,1,1
4618,2,2
4619,1,1
4620,1,1
4621,1,1
4622,2,2
4623,1,1
4624,1,1
4626,1,1
4627,1,1
4628,1,1
4629,2,1
4630,1,1
4631,1,1
4632,2,1
4633,1,1
4634,1,1
4635,1,1
4636,2,1
4637,1,1
4638,1,1
4639,2,1
4640,1,1
4641,2,1
4642,1,1
4643,1,1
4644,1,1
4645,2,1
4646,1,1
4649,1,1
4650,1,1
4651,1,1
4652,1,1
4653,1,1
4654,2,1
4655,1,1
4656,2,1
4657,2,2
4658,1,1
4659,2,1
4660,1,1
4661,2,2
4662,1,2
4663,1,1
4664,1,1
4665,1,1
4666,1,1
4667,1,1
4668,1,1
4669,2,2
4670,2,1
4671,1,1
4672,1,1
4673,1,1
4674,1,1
4675,2,1
4676,1,1
4677,1,1
4678,1,1
4679,1,1
4680,2,2
4681,1,2
4682,1,1
4683,1,1
4684,1,1
4685,2,1
4686,1,1
4687,1,1
4688,1,1
4689,1,1
4690,1,1
4692,2,1
4693,1,1
4694,2,1
4695,1,1
4696,1,1
4697,1,1
4698,1,1
4699,1,1
4701,1,1
4702,1,1
4703,1,1
4704,2,1
4705,1,1
4707,1,1
4708,1,1
4710,1,1
4711,1,1
4712,1,1
4713,1,1
4714,1,1
4715,1,1
4716,1,1
4717,2,1
4718,1,1
4719,1,1
4720,1,1
4721,2,2
4722,1,1
4723,1,1
4724,1,2
4725,1,1
4726,1,1
4727,2,2
4728,1,1
4729,1,1
4730,1,1
4731,1,1
4732,1,1
4734,1,1
4735,1,1
4736,2,1
4737,1,1
4738,1,1
4739,1,1
4740,2,1
4741,1,1
4742,2,2
4744,1,1
4745,1,1
4746,2,1
4747,2,2
4748,1,1
4749,1,1
4751,1,1
4752,1,1
4753,2,1
4754,1,1
4755,1,2
4756,1,2
4757,1,1
4758,2,1
4759,1,1
4760,1,1
4761,2,2
4762,1,1
4763,2,1
4764,1,1
4765,2,1
4766,1,1
4767,1,1
4769,1,1
4770,1,1
4771,1,1
4772,2,1
4773,1,1
4774,1,1
4775,1,1
4776,2,2
4777,1,1
4778,1,1
4779,1,1
4780,2,2
4781,1,1
4782,2,2
4784,2,2
4785,1,1
4786,1,1
4787,1,1
4788,1,2
4790,1,1
4791,1,1
4792,1,1
4793,2,1
4794,1,1
4795,1,2
4796,1,1
4797,2,2
4798,1,1
4799,1,1
4800,1,1
4801,1,1
4803,1,1
4804,1,1
4805,2,1
4806,2,1
4807,2,1
4808,2,2
4809,1,1
4810,2,1
4811,1,1
4812,2,1
4813,1,1
4814,1,1
4816,2,2
4817,1,1
4818,1,1
4819,1,1
4820,1,1
4821,1,1
4822,1,1
4823,1,1
4824,1,1
4825,2,1
4826,1,1
4828,1,1
4829,1,1
4830,1,1
4831,1,1
4832,2,1
4833,2,1
4834,1,1
4835,1,1
4837,1,1
4838,1,1
4839,1,1
4840,1,1
4842,1,1
4843,1,1
4844,1,1
4845,1,1
4846,1,1
4847,2,2
4848,1,1
4849,1,2
4850,2,1
4851,1,2
4852,1,1
4853,1,1
4854,1,1
4855,1,1
4856,1,1
4857,1,2
4858,2,1
4859,1,1
4860,1,1
4861,1,1
4862,2,1
4863,1,1
4865,2,2
4867,1,1
4869,1,1
4870,2,2
4871,1,1
4872,2,1
4874,2,1
4875,2,2
4876,1,1
4877,1,1
4878,2,1
4879,1,1
4880,2,1
4882,1,1
4883,1,1
4884,1,1
4885,2,2
4887,1,1
4888,2,2
4889,1,1
4890,1,1
4891,1,1
4892,1,1
4893,1,1
4894,2,2
4895,1,1
4896,1,1
4897,2,2
4899,1,1
4900,2,1
4901,1,1
4902,1,1
4903,2,1
4904,1,1
4905,2,1
4906,2,1
4907,1,1
4908,2,1
4909,1,1
4911,1,1
4912,1,1
4913,1,1
4915,1,1
4916,1,1
4917,1,1
4918,1,1
4919,1,1
4920,1,1
4921,1,1
4922,1,1
4923,2,1
4924,1,1
4925,1,1
4926,1,1
4927,1,1
4928,2,1
4929,1,1
4930,1,1
4931,1,1
4932,2,1
4933,1,1
4935,2,1
4936,1,1
4937,1,1
4940,2,1
4943,2,1
4944,2,1
4945,1,2
4946,1,1
4947,2,1
4948,1,1
4949,2,2
4951,2,1
4953,2,1
4954,1,1
4955,1,1
4956,1,1
4957,1,1
4959,1,1
4960,1,1
4961,2,1
4962,1,1
4963,1,1
4964,1,1
4965,1,1
4966,1,1
4967,2,2
4968,1,1
4969,1,1
4970,2,1
4972,2,2
4973,1,1
4974,2,2
4975,1,1
4976,2,2
4977,1,1
4978,2,1
4979,1,1
4980,1,1
4981,1,1
4982,1,1
4983,2,2
4984,1,1
4985,1,1
4986,1,1
4987,1,2
4988,2,2
4989,1,1
4990,1,1
4991,1,1
4992,1,1
4993,1,1
4994,1,2
4995,1,1
4996,2,1
4997,2,1
4998,1,1
4999,1,1
5000,2,1
5001,1,1
5002,1,1
5003,1,1
5004,1,1
5005,1,1
5006,1,1
5007,2,2
5008,1,2
5009,1,1
5011,1,1
5012,1,1
5013,2,2
5014,2,1
5015,1,1
5016,1,1
5017,1,1
5018,1,1
5019,1,1
5021,1,1
5022,1,1
5023,1,1
5024,1,1
5025,1,1
5026,2,2
5027,2,1
5028,1,1
5029,1,1
5030,1,1
5031,2,2
5032,1,1
5033,2,2
5034,1,1
5035,1,1
5036,1,1
5037,1,2
5038,1,1
5039,1,1
5040,1,1
5041,1,1
5042,1,1
5043,1,1
5044,2,2
5045,2,1
5048,1,1
5049,2,2
5050,1,1
5051,2,1
5052,1,1
5053,2,2
5054,1,1
5055,1,1
5056,1,1
5057,1,1
5058,2,2
5059,1,1
5060,1,1
5061,1,1
5062,2,1
5064,1,1
5067,1,1
5068,1,1
5069,2,1
5070,1,1
5071,1,1
5072,2,1
5073,2,2
5074,1,1
5075,2,1
5076,1,1
5077,1,1
5078,1,1
5079,1,1
5080,1,1
5081,1,1
5082,1,1
5083,1,1
5084,1,1
5085,2,1
5086,1,1
5087,1,1
5088,2,1
5090,1,1
5091,1,1
5092,1,1
5093,1,1
5094,1,1
5095,1,1
5096,1,1
5097,1,1
5098,2,2
5100,1,1
5101,2,2
5105,1,1
5106,1,2
5107,1,1
5108,2,2
5109,1,1
5110,1,1
5111,1,1
5112,1,2
5113,1,1
5114,1,1
5115,1,1
5116,1,1
5117,1,1
5118,1,2
5119,1,1
5120,1,2
5121,2,1
5126,1,1
5128,1,1
5129,1,2
5130,1,1
5131,1,1
5133,1,1
5134,1,1
5135,1,1
5136,1,1
5137,2,1
5138,1,1
5139,1,1
5140,2,2
5141,1,1
5142,1,1
5143,1,1
5144,1,1
5145,1,1
5146,1,1
5147,1,1
5148,1,1
5149,1,1
5150,2,1
5151,1,1
5152,1,1
5153,1,1
5154,1,1
5155,2,1
5156,1,1
5157,1,1
5158,2,2
5159,1,1
5160,2,2
5161,1,1
5162,1,1
5163,1,1
5164,2,1
5165,1,1
5166,2,1
5167,2,1
5168,1,1
5169,2,1
5170,1,1
5171,1,1
5172,2,1
5173,2,2
5174,1,1
5175,2,1
5176,2,1
5177,1,1
5178,1,1
5179,2,2
5180,1,1
5181,1,1
5182,1,1
5183,1,1
5184,2,2
5185,1,1
5186,1,2
5187,1,1
5188,1,1
5189,1,1
5190,1,1
5191,1,1
5192,2,2
5193,1,1
5194,2,1
5195,1,1
5196,2,2
5197,1,2
5198,2,1
5199,1,1
5200,2,1
5202,2,2
5203,1,1
5205,1,1
5206,1,1
5207,1,1
5209,1,1
5210,1,1
5211,2,1
5212,1,1
5213,1,1
5214,1,1
5215,1,1
5217,1,1
5218,1,1
5220,2,2
5221,1,1
5222,2,2
5223,1,1
5224,2,2
5225,1,1
5226,1,1
5227,2,1
5228,1,1
5229,1,1
5230,1,1
5231,2,1
5232,1,1
5233,1,2
5234,1,2
5235,1,1
5236,2,1
5237,1,1
5238,2,2
5240,1,1
5241,1,1
5242,1,2
5243,1,1
5244,1,1
5245,1,1
5246,1,1
5247,1,1
5248,1,1
5249,1,1
5250,1,1
5251,2,2
5252,1,1
5253,1,1
5254,1,1
5255,1,1
5256,1,1
5257,1,1
5258,1,1
5259,1,1
5260,1,1
5261,1,1
5262,1,1
5264,2,1
5265,1,1
5266,1,1
5267,2,1
5268,1,1
5269,2,1
5270,1,1
5271,1,1
5272,1,1
5273,1,1
5274,2,1
5276,2,2
5278,1,1
5279,1,1
5280,1,1
5281,1,1
5282,2,1
5283,1,1
5285,2,1
5286,1,1
5287,2,2
5288,1,1
5289,1,1
5290,2,2
5291,1,1
5292,1,1
5293,1,1
5294,1,1
5295,1,1
5296,1,1
5297,1,1
5298,1,1
5299,1,1
5301,2,2
5302,1,1
5303,1,1
5305,1,1
5306,1,1
5307,1,1
5308,1,1
5309,2,1
5310,1,1
5311,2,1
5312,1,1
5313,1,1
5314,1,1
5315,1,1
5316,1,1
5318,1,1
5319,1,2
5321,1,1
5323,1,1
5324,1,1
5325,1,1
5327,2,1
5328,1,1
5329,2,2
5330,1,1
5331,1,1
5332,1,1
5333,1,1
5334,1,1
5335,1,1
5336,1,1
5337,2,1
5338,1,1
5340,1,1
5341,1,1
5343,1,1
5344,1,1
5345,1,1
5346,1,1
5347,2,1
5348,1,1
5349,2,1
5350,1,1
5351,2,1
5352,1,1
5353,1,1
5354,1,1
5355,1,1
5356,1,1
5358,2,1
5360,1,1
5361,1,1
5362,1,1
5363,1,1
5365,1,1
5366,1,1
5367,1,1
5368,2,2
5369,1,1
5370,2,2
5371,1,1
5372,1,1
5373,1,1
5374,2,1
5375,1,1
5376,1,1
5377,2,1
5378,1,1
5379,1,1
5380,2,2
5381,1,1
5382,1,1
5383,1,1
5384,1,1
5385,2,1
5386,1,1
5387,1,1
5388,2,1
5389,1,1
5390,1,1
5391,1,1
5392,1,1
5393,1,1
5394,1,2
5396,1,1
5397,2,1
5398,1,1
5399,1,1
5402,1,1
5403,1,2
5404,1,1
5405,2,1
5406,2,1
5407,2,1
5408,2,1
5409,1,1
5410,1,1
5413,1,1
5414,2,1
5415,1,1
5416,1,1
5417,1,1
5418,2,1
5420,1,1
5422,1,1
5424,1,1
5425,2,2
5426,1,1
5427,1,2
5428,1,1
5429,2,1
5430,1,1
5431,2,1
5432,1,1
5433,1,1
5434,1,1
5435,1,1
5436,2,1
5437,2,2
5438,1,1
5439,1,1
5440,1,1
5442,1,1
5443,1,1
5444,1,2
5445,1,1
5446,1,1
5448,1,1
5449,1,1
5451,1,1
5452,1,1
5455,1,2
5456,2,1
5457,2,1
5458,2,2
5459,1,1
5461,1,1
5462,2,2
5463,1,1
5464,1,1
5465,1,1
5466,1,1
5467,1,1
5468,1,1
5469,1,1
5470,1,1
5471,1,1
5472,1,1
5473,2,2
5474,1,1
5475,1,1
5476,1,1
5477,1,1
5478,2,2
5479,2,2
5480,2,1
5483,1,1
5484,1,1
5485,1,1
5486,1,1
5487,2,1
5488,2,1
5489,1,1
5491,1,1
5492,1,1
5493,1,1
5494,2,2
5496,1,1
5497,2,2
5498,1,1
5499,1,1
5500,1,2
5501,1,1
5502,1,1
5503,1,1
5505,1,1
5506,1,1
5507,2,1
5508,1,1
5509,1,1
5510,1,1
5511,1,1
5512,1,1
5513,1,1
5514,2,1
5515,1,1
5516,1,1
5517,1,1
5518,2,2
5519,1,1
5520,1,1
5521,2,1
5523,2,1
5524,1,1
5525,1,1
5526,1,1
5528,1,1
5531,1,1
5532,2,2
5533,1,1
5536,1,1
5537,2,2
5538,2,2
5539,1,1
5541,1,1
5543,2,2
5545,1,1
5546,1,1
5550,1,1
5551,1,1
5552,1,1
5553,1,1
5554,1,1
5555,2,2
5556,1,1
5557,1,1
5558,1,1
5559,1,1
5560,2,1
5561,1,1
5562,1,1
5563,1,1
5564,1,2
5565,1,1
5566,2,1
5567,1,1
5568,2,1
5569,1,1
5570,2,1
5571,1,1
5573,1,2
5574,2,1
5575,1,1
5576,1,1
5577,1,1
5578,1,1
5579,1,1
5581,2,1
5582,2,2
5583,1,1
5584,2,2
5585,1,1
5586,1,1
5587,1,1
5588,2,2
5589,2,2
5591,1,1
5594,1,1
5595,2,1
5596,1,2
5597,1,1
5598,1,1
5599,2,1
5600,2,1
5601,2,2
5602,2,2
5603,1,1
5604,1,1
5605,1,1
5606,2,1
5607,1,1
5608,1,1
5609,1,1
5610,2,1
5611,2,1
5612,2,2
5613,1,1
5614,2,1
5615,1,1
5616,1,1
5617,1,1
5618,1,1
5619,1,1
5620,2,2
5621,1,1
5622,1,1
5623,1,1
5624,2,1
5625,2,2
5627,1,1
5628,2,1
5629,1,1
5630,1,1
5631,1,1
5632,1,2
5633,1,1
5635,1,1
5636,1,1
5637,1,1
5638,1,1
5639,2,2
5640,1,1
5641,1,1
5642,1,1
5643,2,1
5644,1,1
5645,1,1
5646,1,1
5647,1,1
5648,1,1
5649,2,2
5650,1,1
5651,2,1
5652,1,1
5653,1,1
5654,1,1
5655,1,1
5656,1,1
5657,2,1
5659,1,1
5660,2,1
5661,1,1
5662,1,1
5663,2,1
5664,1,1
5665,1,1
5666,2,1
5667,1,1
5668,2,1
5669,2,1
5670,1,1
5671,1,1
5672,2,1
5673,1,2
5674,2,1
5675,1,1
5676,1,1
5677,1,1
5678,1,1
5679,1,2
5681,1,1
5683,1,1
5684,1,1
5685,2,2
5686,1,1
5687,1,1
5688,2,1
5689,1,1
5690,1,1
5692,1,1
5693,1,1
5694,2,1
5695,1,1
5696,2,1
5697,1,1
5698,1,1
5700,1,1
5701,1,1
5704,1,1
5705,1,2
5706,1,1
5707,1,2
5708,2,2
5709,2,2
5710,2,1
5711,2,1
5713,2,1
5714,1,1
5715,1,1
5716,1,1
5717,2,2
5718,1,1
5719,1,1
5720,1,1
5722,1,1
5723,1,1
5724,1,1
5725,1,1
5726,1,1
5727,2,1
5728,2,2
5729,1,1
5731,1,2
5732,1,1
5733,1,1
5734,1,1
5735,1,1
5737,1,1
5738,1,1
5739,1,1
5740,1,1
5741,1,1
5743,1,1
5744,1,1
5745,1,1
5746,1,1
5747,2,2
5748,2,2
5749,1,1
5750,2,1
5752,1,1
5753,1,1
5754,2,2
5755,2,1
5756,2,1
5757,2,2
5758,1,1
5759,1,1
5760,1,1
5761,1,1
5762,1,1
5763,1,1
5764,2,2
5765,1,1
5766,1,1
5767,2,1
5768,1,1
5769,1,1
5770,1,1
5771,2,2
5772,1,1
5774,1,1
5775,1,1
5776,1,1
5777,1,1
5778,1,1
5779,1,1
5780,1,1
5782,1,1
5783,1,1
5784,1,1
5785,1,1
5786,1,1
5787,1,1
5788,1,1
5790,1,1
5791,2,1
5792,2,2
5793,2,1
5794,2,1
5795,1,2
5796,2,2
5797,1,1
5798,2,2
5799,1,1
5800,1,1
5801,1,1
5802,1,1
5803,1,1
5804,1,1
5805,1,1
5806,1,1
5808,1,1
5809,1,1
5810,1,1
5812,1,1
5813,2,1
5814,1,1
5815,1,2
5816,1,1
5817,2,2
5818,1,1
5819,1,1
5820,1,2
5823,1,1
5824,1,1
5825,1,1
5826,1,1
5827,1,1
5828,1,1
5829,1,1
5830,1,1
5831,2,2
5832,1,1
5833,1,1
5834,1,1
5835,1,1
5838,1,1
5839,2,2
5840,1,1
5841,1,1
5842,1,1
5843,1,1
5844,1,1
5845,1,1
5846,1,1
5847,1,1
5848,2,2
5849,1,1
5850,1,1
5851,1,1
5853,1,1
5854,1,1
5855,1,1
5856,1,1
5857,2,1
5859,1,1
5860,1,1
5861,1,1
5862,1,2
5863,1,1
5864,1,1
5865,1,1
5866,1,1
5867,2,2
5868,1,1
5869,1,1
5870,1,1
5871,2,2
5872,1,1
5873,1,1
5874,1,1
5875,2,1
5876,2,1
5877,1,1
5878,1,1
5879,1,1
5880,1,1
5881,1,1
5882,2,2
5883,1,1
5884,1,1
5885,1,1
5886,1,1
5887,1,1
5888,1,1
5889,2,2
5890,1,1
5891,1,1
5892,1,1
5893,1,1
5894,1,1
5895,1,1
5896,1,1
5897,1,1
5898,2,2
5899,1,1
5900,1,1
5901,1,1
5902,1,1
5903,1,1
5904,1,1
5906,1,1
5908,1,1
5909,2,1
5910,1,1
5911,1,1
5912,1,1
5913,1,1
5914,1,1
5915,1,1
5916,1,1
5917,2,1
5918,1,2
5919,2,1
5920,1,1
5921,1,1
5922,1,1
5923,1,1
5924,1,1
5925,2,1
5926,1,1
5927,1,1
5928,1,1
5929,2,2
5930,1,1
5931,2,1
5932,1,1
5933,1,1
5934,1,1
5935,1,1
5936,2,1
5937,2,1
5938,1,1
5939,1,1
5940,2,1
5941,2,1
5942,1,1
5943,2,2
5944,2,1
5945,1,1
5946,1,1
5947,1,2
5948,2,2
5949,1,1
5950,1,1
5951,1,1
5952,1,1
5953,1,1
5954,1,1
5955,2,1
5956,1,1
5957,1,1
5958,1,1
5959,1,1
5960,1,1
5961,1,1
5962,1,1
5964,1,1
5965,2,2
5966,1,1
5967,1,1
5969,1,1
5970,2,1
5971,1,1
5974,1,1
5975,1,1
5976,1,2
5977,2,2
5978,1,1
5979,2,1
5981,1,1
5982,1,1
5983,1,1
5984,1,1
5985,2,1
5986,1,1
5988,1,1
5989,1,1
5990,1,1
5991,1,1
5992,1,1
5993,1,1
5994,1,1
5995,1,1
5996,1,1
5997,2,1
5998,1,1
5999,1,1
6000,1,1
6001,1,1
6002,2,2
6003,1,1
6004,2,1
6005,2,2
6006,1,1
6008,2,1
6009,1,1
6010,2,2
6011,2,1
6012,1,1
6013,1,1
6014,1,1
6016,2,1
6017,2,1
6018,1,1
6019,1,1
6020,2,1
6021,1,1
6022,1,1
6023,1,1
6024,2,1
6025,2,1
6026,1,1
6027,1,1
6028,1,1
6029,1,1
6030,2,1
6031,1,1
6032,2,1
6033,1,2
6034,1,1
6035,2,1
6037,1,1
6038,1,1
6040,1,1
6041,1,1
6042,2,1
6043,1,1
6045,2,1
6046,1,1
6048,1,1
6049,1,1
6052,1,1
6054,1,1
6055,1,1
6056,1,1
6057,1,1
6058,1,1
6059,1,1
6060,1,1
6061,1,2
6062,1,1
6063,1,1
6065,1,1
6066,2,2
6067,1,1
6068,1,1
6069,1,1
6070,1,1
6071,1,1
6072,1,1
6073,1,1
6074,1,1
6076,1,1
6077,1,1
6078,1,1
6079,1,1
6080,1,2
6081,1,1
6082,2,2
6083,1,1
6085,1,1
6087,1,1
6088,1,1
6089,1,1
6090,1,1
6091,1,1
6092,1,1
6093,1,1
6095,1,1
6097,1,1
6099,1,1
6100,1,1
6101,2,1
6102,1,1
6103,1,1
6104,1,1
6105,2,1
6106,1,1
6107,1,1
6108,1,1
6109,1,1
6111,2,2
6112,2,1
6113,1,1
6114,1,1
6115,2,1
6116,2,1
6117,1,1
6118,1,1
6119,1,1
6120,2,2
6121,2,2
6122,1,1
6123,1,1
6124,2,1
6125,1,1
6126,1,1
6127,1,1
6128,1,1
6129,1,1
6130,1,1
6131,1,1
6133,1,1
6134,1,2
6137,2,1
6138,1,1
6139,1,1
6140,1,1
6141,1,1
6142,1,1
6143,2,2
6144,1,1
6145,1,1
6146,1,1
6147,2,2
6148,1,1
6149,2,2
6150,1,1
6151,1,1
6152,1,1
6154,1,1
6156,1,1
6157,1,1
6158,1,1
6159,1,1
6160,1,1
6161,1,1
6162,1,1
6163,1,1
6164,1,1
6165,1,1
6168,1,1
6169,1,1
6170,2,1
6171,1,1
6172,1,1
6174,1,1
6176,1,1
6177,2,2
6178,1,1
6179,2,1
6180,1,2
6181,2,2
6182,1,1
6183,1,1
6184,2,1
6185,1,1
6186,2,1
6187,1,1
6188,1,1
6189,1,1
6190,1,1
6191,1,1
6192,2,1
6193,1,1
6194,1,1
6195,1,1
6196,2,1
6197,2,1
6198,1,1
6199,2,1
6200,2,2
6202,1,1
6203,1,1
6204,1,1
6205,2,2
6206,1,1
6207,1,1
6209,1,1
6210,1,1
6211,1,1
6212,2,1
6213,2,1
6214,1,2
6215,1,1
6216,2,2
6217,2,1
6218,1,1
6219,1,1
6221,1,1
6222,1,1
6223,1,1
6224,2,2
6225,2,1
6226,1,1
6228,1,1
6229,1,1
6230,1,1
6231,1,1
6232,1,2
6233,2,2
6234,1,1
6235,1,1
6236,2,2
6237,1,1
6238,1,1
6239,1,1
6241,1,1
6242,1,1
6243,1,1
6244,1,1
6246,1,1
6247,1,1
6248,1,1
6249,1,1
6250,2,2
6252,1,1
6253,1,1
6254,1,1
6255,1,1
6256,2,1
6257,1,1
6258,1,1
6260,1,1
6261,1,1
6262,1,1
6263,1,2
6264,2,1
6265,1,1
6266,1,1
6267,1,1
6269,1,1
6270,1,1
6271,1,1
6272,1,1
6273,1,1
6274,1,1
6275,1,1
6276,1,1
6278,1,1
6279,1,2
6280,1,1
6282,1,1
6283,1,1
6284,1,1
6285,1,1
6286,1,1
6287,1,1
6288,1,1
6289,2,1
6290,1,1
6291,2,1
6292,1,1
6293,1,1
6294,1,1
6295,2,2
6296,1,1
6297,1,1
6298,1,1
6299,2,2
6300,1,1
6301,1,1
6302,1,1
6303,2,1
6304,2,2
6306,1,1
6307,1,1
6308,1,1
6309,1,1
6310,2,2
6311,1,1
6312,1,1
6313,2,1
6316,1,1
6317,1,1
6318,1,2
6319,1,1
6320,1,2
6321,1,1
6322,1,1
6323,1,1
6324,2,2
6325,2,2
6327,1,1
6328,1,1
6329,1,1
6330,2,1
6331,2,1
6332,2,2
6334,2,1
6336,1,1
6337,2,1
6338,1,1
6339,1,1
6340,1,1
6341,1,1
6342,1,1
6343,1,1
6344,2,1
6346,1,1
6347,1,1
6348,1,1
6349,2,2
6350,1,1
6351,1,1
6352,2,1
6354,1,1
6356,1,1
6357,1,1
6358,1,1
6361,1,1
6362,1,2
6363,1,1
6364,1,1
6365,1,1
6366,1,1
6367,1,1
6369,2,1
6370,1,1
6371,1,1
6372,1,1
6373,2,1
6374,1,1
6375,1,1
6376,1,1
6377,1,1
6378,2,2
6380,1,1
6381,1,1
6382,2,2
6383,2,2
6385,1,1
6386,1,1
6387,1,2
6388,1,1
6389,1,1
6390,1,1
6391,2,2
6392,2,1
6393,1,1
6394,1,1
6395,1,1
6396,1,1
6397,1,2
6398,1,1
6399,1,1
6400,1,1
6401,1,1
6402,1,1
6403,1,1
6404,1,1
6405,1,1
6406,2,1
6407,1,1
6408,1,1
6409,1,1
6410,1,1
6411,1,1
6412,1,1
6413,1,1
6414,2,2
6415,2,2
6416,2,1
6417,1,1
6418,1,1
6419,2,1
6420,2,1
6422,1,1
6423,1,1
6424,1,1
6425,1,1
6426,2,1
6427,1,1
6428,1,1
6429,2,2
6430,1,1
6431,1,1
6432,1,1
6433,1,1
6434,1,1
6435,1,1
6436,1,1
6437,1,1
6438,1,1
6439,1,1
6440,1,1
6441,1,1
6442,2,1
6444,1,1
6445,1,1
6446,1,1
6447,1,1
6448,1,1
6449,1,1
6451,1,1
6452,1,1
6453,2,1
6454,1,1
6455,2,2
6456,1,1
6457,2,1
6458,1,1
6459,1,1
6460,1,1
6461,1,1
6462,1,1
6463,1,1
6464,1,1
6465,2,2
6467,1,1
6468,2,2
6469,1,1
6470,1,1
6471,1,1
6472,1,1
6473,1,1
6474,1,1
6475,2,1
6477,1,1
6478,2,1
6479,1,1
6480,1,1
6481,1,1
6482,2,2
6483,2,2
6484,2,1
6485,2,1
6486,1,2
6487,2,1
6488,1,2
6489,1,1
6490,1,1
6493,1,1
6494,1,1
6496,1,1
6497,1,1
6498,1,1
6499,2,2
6500,2,2
6501,1,1
6502,1,1
6503,1,1
6504,1,1
6505,1,1
6506,1,1
6507,1,1
6508,1,1
6509,1,1
6510,1,1
6511,1,1
6512,2,1
6514,1,2
6515,1,1
6516,1,1
6517,1,1
6518,1,1
6519,2,1
6520,1,1
6521,1,1
6522,1,1
6523,1,1
6524,2,1
6525,1,1
6526,1,1
6527,1,1
6528,2,2
6529,1,1
6530,2,1
6531,1,1
6532,1,1
6533,2,1
6534,1,1
6535,2,1
6536,1,1
6537,2,2
6538,1,1
6539,1,1
6540,1,1
6541,1,1
6542,1,1
6543,1,1
6544,1,1
6545,1,1
6546,2,1
6547,2,1
6548,2,2
6549,1,1
6550,1,1
6551,1,1
6552,1,1
6553,1,1
6554,1,1
6555,2,1
6556,2,2
6557,1,1
6558,1,1
6559,1,1
6560,1,1
6561,2,2
6562,1,1
6563,2,1
6564,1,1
6565,1,1
6566,1,1
6567,1,1
6568,1,1
6569,2,1
6570,1,1
6571,1,1
6572,1,1
6573,2,2
6574,2,1
6575,1,1
6577,1,1
6579,1,1
6580,2,2
6581,2,1
6582,1,1
6583,1,1
6584,1,1
6585,1,1
6586,1,2
6587,1,1
6588,1,1
6589,1,1
6590,2,1
6591,1,1
6592,1,1
6593,1,1
6594,1,1
6596,1,1
6597,1,1
6598,2,1
6599,2,2
6600,1,2
6602,1,1
6603,2,1
6604,1,1
6605,1,1
6606,2,1
6607,1,2
6608,2,2
6609,2,2
6610,1,1
6611,1,1
6612,1,1
6613,1,1
6614,2,2
6616,1,1
6617,1,1
6618,1,1
6619,1,1
6620,1,1
6622,1,1
6623,1,1
6624,1,1
6625,2,2
6626,1,1
6627,1,1
6628,1,1
6629,1,1
6630,1,1
6631,1,2
6632,1,1
6633,2,2
6634,1,1
6635,1,1
6636,1,1
6637,2,1
6638,1,1
6639,2,2
6640,1,1
6641,1,1
6642,1,1
6643,1,1
6644,1,1
6645,1,1
6646,1,1
6647,1,1
6648,2,1
6649,2,1
6650,1,1
6651,1,1
6652,2,1
6653,1,1
6655,2,1
6656,1,1
6657,1,1
6658,2,1
6659,1,1
6660,2,2
6661,2,1
6662,1,1
6663,1,1
6664,2,2
6665,2,1
6666,1,1
6667,1,1
6668,1,1
6669,2,2
6670,1,1
6671,1,1
6673,1,1
6674,1,1
6675,2,1
6676,1,1
6677,2,2
6678,1,1
6679,1,1
6680,1,1
6681,1,1
6682,1,1
6683,1,1
6684,1,1
6685,1,1
6686,2,1
6687,1,1
6688,1,1
6689,2,1
6691,1,1
6692,1,1
6693,1,2
6694,1,1
6696,1,1
6697,2,1
6698,1,2
6699,1,1
6700,1,2
6701,1,1
6702,1,1
6703,2,2
6704,1,1
6705,1,1
6706,1,1
6707,1,1
6708,2,2
6710,1,1
6711,1,1
6712,1,1
6713,2,1
6714,2,2
6715,1,1
6716,2,1
6717,1,1
6718,1,1
6719,1,1
6720,1,2
6721,1,1
6722,1,1
6723,1,1
6725,1,1
6727,2,1
6728,2,1
6729,1,1
6730,1,1
6731,1,2
6732,1,1
6733,1,1
6734,1,1
6735,2,2
6736,1,1
6737,1,1
6738,1,1
6739,1,1
6740,1,1
6741,1,1
6742,1,1
6743,1,1
6744,1,1
6745,1,1
6746,2,1
6747,1,1
6748,1,1
6749,1,1
6750,1,2
6751,2,2
6752,1,1
6753,1,1
6754,1,1
6755,1,1
6756,1,1
6757,1,1
6758,2,2
6759,1,1
6760,1,1
6762,1,1
6763,2,2
6765,2,1
6766,1,1
6767,1,1
6768,1,1
6769,2,2
6770,1,1
6771,1,1
6773,1,1
6777,1,1
6779,1,1
6780,1,1
6781,1,1
6784,1,1
6785,2,1
6786,1,1
6787,2,2
6788,1,1
6789,1,1
6791,1,1
6792,2,1
6793,1,1
6794,1,1
6795,1,1
6796,1,1
6797,2,1
6798,1,1
6799,1,1
6800,1,1
6801,1,1
6802,1,1
6803,2,1
6804,2,1
6805,1,1
6806,1,1
6807,1,1
6808,1,2
6809,1,1
6810,1,1
6811,1,1
6812,1,1
6813,1,1
6814,2,1
6815,1,1
6816,2,1
6817,1,1
6818,1,1
6819,1,1
6820,1,1
6821,1,1
6822,1,1
6823,2,2
6824,1,1
6825,1,1
6826,1,1
6827,1,1
6828,1,1
6829,1,1
6830,1,1
6831,1,1
6832,1,1
6833,2,2
6834,2,1
6835,1,1
6836,1,1
6837,1,1
6838,1,1
6839,1,1
6841,1,1
6842,1,1
6843,2,2
6845,1,1
6846,1,1
6847,1,1
6848,1,1
6849,2,1
6850,2,1
6851,1,1
6852,1,1
6853,1,1
6854,1,1
6855,1,1
6856,1,1
6857,1,1
6858,1,1
6860,1,1
6861,1,1
6862,2,1
6863,1,1
6865,1,1
6867,1,1
6868,1,1
6869,2,2
6870,2,1
6871,1,1
6872,1,1
6873,1,1
6874,1,1
6875,1,1
6876,2,2
6877,1,1
6878,1,1
6879,2,2
6880,2,1
6881,1,1
6882,1,1
6883,1,1
6886,1,1
6887,1,1
6888,1,1
6889,1,1
6890,2,2
6891,1,1
6892,1,1
6893,1,1
6894,1,1
6895,1,1
6896,1,1
6897,2,2
6898,1,1
6899,1,1
6900,2,2
6901,1,2
6902,1,1
6904,2,1
6905,1,1
6906,2,1
6907,1,2
6908,1,1
6910,1,2
6911,2,1
6912,1,1
6913,1,1
6914,1,1
6915,1,2
6916,1,1
6917,1,1
6919,1,1
6920,1,1
6921,1,1
6922,1,1
6923,1,1
6924,2,2
6925,2,1
6926,1,1
6927,1,1
6929,1,1
6931,1,1
6932,1,1
6933,1,2
6934,2,2
6935,2,1
6936,1,1
6937,1,1
6939,1,1
6940,1,1
6941,2,2
6942,2,2
6943,1,1
6944,1,1
6945,1,1
6946,1,1
6947,1,1
6948,2,1
6949,1,2
6950,1,2
6951,1,1
6952,1,1
6953,1,1
6954,2,2
6955,1,1
6956,1,1
6957,2,1
6958,1,1
6959,1,1
6960,2,1
6961,1,1
6962,2,1
6963,1,2
6964,1,2
6965,1,2
6966,1,1
6967,1,1
6970,1,1
6971,2,1
6972,1,1
6973,2,2
6974,1,1
6975,1,1
6976,1,1
6977,1,1
6978,1,1
6979,1,1
6980,1,2
6981,1,1
6982,1,1
6983,1,1
6984,1,1
6985,2,2
6986,2,1
6987,1,1
6988,2,2
6990,1,1
6991,2,2
6992,2,1
6993,1,1
6994,2,1
6995,1,1
6996,1,1
6997,1,1
6999,1,1
7000,2,2
7001,1,2
7002,1,1
7003,1,1
7004,1,1
7006,2,1
7008,1,2
7009,1,1
7010,1,1
7011,1,1
7012,2,2
7013,1,1
7014,1,1
7015,1,1
7017,1,1
7018,2,2
7019,1,1
7020,1,1
7021,2,2
7022,1,1
7023,2,2
7024,1,1
7025,1,1
7026,1,1
7027,1,2
7028,1,1
7029,2,1
7030,1,1
7031,2,2
7032,1,1
7033,2,1
7034,2,2
7035,2,1
7037,1,1
7038,1,1
7039,1,1
7040,1,1
7041,1,1
7043,2,1
7044,1,1
7045,1,1
7046,1,1
7047,2,1
7048,1,1
7049,1,1
7050,1,1
7051,2,2
7052,1,1
7054,1,1
7055,1,1
7056,1,1
7057,1,1
7058,2,1
7059,1,1
7061,1,1
7062,1,1
7063,1,1
7064,2,2
7065,1,1
7066,1,1
7068,1,1
7069,1,1
7070,1,1
7071,2,2
7072,1,1
7073,2,1
7074,1,1
7075,1,1
7076,1,1
7077,1,1
7078,1,1
7079,2,1
7080,1,1
7081,1,1
7082,2,1
7083,2,2
7085,2,2
7086,1,1
7087,2,1
7088,1,1
7089,1,1
7090,2,2
7091,1,1
7092,1,1
7093,2,2
7094,1,1
7095,1,1
7096,1,1
7097,1,1
7099,1,2
7100,2,2
7101,1,1
7102,1,1
7103,2,1
7104,2,2
7105,1,1
7107,1,1
7108,1,1
7110,2,1
7111,1,1
7112,1,2
7113,1,1
7114,1,1
7115,1,1
7116,1,1
7117,2,1
7118,1,1
7120,2,2
7121,1,1
7122,1,1
7123,2,1
7124,1,1
7127,1,1
7128,1,1
7129,1,1
7130,1,1
7132,1,1
7133,1,1
7136,1,1
7137,1,1
7138,2,1
7139,1,1
7140,2,1
7141,1,1
7142,1,1
7143,2,2
7144,1,1
7146,1,1
7147,2,2
7148,1,1
7150,1,1
7151,1,1
7152,1,1
7153,1,1
7154,1,1
7155,2,1
7156,2,1
7157,1,1
7158,1,1
7159,1,1
7160,1,1
7161,1,1
7163,2,2
7164,1,1
7165,1,1
7166,1,1
7167,1,1
7168,1,1
7169,1,2
7170,1,1
7171,1,1
7172,1,1
7173,1,1
7174,1,1
7175,1,1
7176,1,1
7178,1,1
7179,1,1
7180,1,2
7181,1,1
7183,1,1
7184,2,2
7185,1,1
7186,1,1
7187,1,1
7188,1,1
7190,1,1
7191,1,1
7192,1,1
7193,1,1
7195,1,1
7196,1,1
7197,1,1
7198,1,1
7199,2,1
7200,1,1
7201,1,1
7202,2,2
7203,2,2
7204,1,1
7205,2,1
7206,1,1
7207,2,2
7208,2,1
7209,1,1
7210,1,1
7211,1,1
7212,1,1
7213,1,1
7214,2,1
7215,2,1
7216,1,1
7217,1,2
7219,1,1
7221,1,1
7222,2,1
7223,1,1
7224,1,1
7225,1,1
7227,1,1
7228,1,1
7229,1,1
7231,1,1
7232,1,1
7233,1,1
7234,1,1
7236,1,1
7237,1,1
7238,1,1
7239,1,1
7241,1,1
7244,1,1
7245,1,1
7246,1,2
7247,1,1
7248,1,2
7249,2,1
7250,1,1
7251,1,1
7252,1,1
7253,2,2
7254,1,1
7255,1,1
7256,1,1
7257,1,1
7258,2,2
7259,1,1
7260,1,1
7261,2,1
7262,1,1
7263,1,2
7264,1,1
7265,2,2
7266,2,2
7267,1,1
7268,2,1
7269,2,1
7270,1,1
7271,2,1
7272,2,2
7273,1,1
7275,2,1
7276,1,1
7277,1,1
7278,1,2
7279,1,1
7280,1,1
7281,1,1
7282,1,1
7283,1,2
7284,1,1
7285,2,2
7287,2,1
7288,1,1
7289,1,1
7290,2,2
7292,1,2
7296,2,2
7297,1,1
7298,1,1
7299,2,1
7300,1,1
7301,1,1
7302,1,1
7303,1,1
7304,1,1
7305,2,1
7306,1,2
7307,1,1
7308,1,1
7309,2,1
7310,1,1
7312,1,1
7313,1,1
7314,1,1
7315,1,1
7316,1,1
7317,2,2
7318,1,1
7319,1,1
7320,1,2
7321,1,1
7322,1,1
7323,1,1
7324,1,1
7325,1,1
7326,1,1
7327,2,2
7328,1,1
7329,1,1
7330,1,2
7331,1,1
7332,1,1
7333,1,1
7334,1,1
7335,1,1
7336,2,1
7337,2,2
7338,1,1
7339,2,1
7340,1,1
7341,1,1
7342,2,1
7343,2,1
7347,2,1
7348,1,1
7349,1,1
7350,1,1
7351,2,1
7352,1,1
7353,2,2
7354,1,1
7355,2,1
7356,1,1
7357,1,1
7358,1,1
7359,2,2
7360,1,1
7361,1,1
7362,2,1
7363,1,1
7364,1,1
7365,1,1
7366,1,1
7367,2,1
7369,1,1
7370,1,1
7371,2,2
7372,1,1
7373,1,2
7374,1,1
7375,1,1
7376,2,1
7377,2,1
7378,1,1
7379,1,1
7380,2,1
7381,1,1
7382,1,1
7383,2,1
7385,2,1
7386,1,1
7387,1,1
7388,1,1
7389,1,2
7390,1,1
7391,1,1
7392,1,1
7393,2,1
7394,1,1
7395,1,1
7396,1,1
7397,1,1
7398,1,1
7399,1,1
7400,1,1
7401,1,1
7402,1,1
7404,2,1
7405,1,1
7406,1,1
7407,1,1
7409,2,2
7410,1,1
7411,1,1
7412,1,1
7413,2,2
7414,1,1
7415,1,1
7416,2,1
7417,1,1
7418,2,2
7419,1,1
7420,2,1
7421,1,1
7422,1,1
7423,2,2
7424,1,1
7425,1,1
7426,1,1
7427,1,1
7428,1,1
7430,1,1
7431,1,1
7432,2,1
7433,1,1
7434,1,1
7435,1,1
7436,1,1
7437,1,1
7438,2,1
7439,1,1
7440,1,1
7441,2,1
7442,1,1
7445,1,1
7446,1,1
7447,1,1
7448,1,1
7449,1,1
7450,2,1
7451,1,1
7452,1,1
7453,1,1
7455,1,1
7456,2,2
7457,1,1
7458,1,1
7459,1,1
7460,2,2
7461,1,2
7462,1,1
7463,1,1
7465,2,1
7466,1,1
7467,2,2
7468,1,1
7469,1,1
7470,1,1
7471,1,1
7472,1,1
7473,1,1
7474,1,1
7475,1,1
7476,2,1
7477,1,1
7478,1,1
7479,1,1
7480,1,1
7481,1,1
7483,1,1
7484,1,1
7485,2,2
7486,1,1
7487,1,1
7488,1,1
7489,1,2
7490,1,1
7491,1,1
7492,2,1
7493,1,2
7494,2,1
7495,1,1
7496,1,1
7497,2,2
7498,2,1
7499,2,1
7500,1,1
7501,1,2
7502,1,1
7503,2,2
7504,1,1
7505,1,1
7506,1,1
7507,1,1
7508,1,1
7509,1,1
7510,1,1
7512,1,1
7513,2,2
7514,1,1
7515,1,1
7516,1,1
7517,2,1
7518,1,1
7519,1,1
7520,1,1
7521,1,1
7522,1,1
7523,1,1
7524,1,1
7525,1,1
7526,1,1
7527,1,1
7528,1,1
7530,1,1
7531,2,2
7533,1,1
7535,1,1
7536,2,1
7537,1,1
7538,1,1
7539,1,1
7540,1,1
7541,1,1
7542,1,1
7543,2,1
7544,1,1
7545,1,1
7546,1,1
7547,1,1
7548,1,1
7549,1,1
7550,2,1
7551,1,1
7552,1,1
7553,2,1
7554,1,1
7555,2,2
7557,2,1
7558,2,2
7559,2,2
7560,1,1
7561,2,2
7562,1,1
7563,1,1
7564,1,1
7565,1,1
7566,1,1
7567,1,1
7568,1,1
7569,1,1
7570,1,1
7571,2,1
7572,2,1
7573,1,1
7574,1,1
7575,1,2
7576,1,1
7578,1,1
7579,2,1
7580,1,1
7581,1,1
7582,1,1
7583,1,1
7584,1,1
7585,1,1
7586,1,1
7587,1,1
7588,1,1
7589,1,1
7590,2,1
7591,2,1
7592,1,1
7593,1,1
7594,1,1
7595,1,1
7596,1,1
7597,1,1
7598,1,1
7599,2,2
7600,1,1
7601,1,1
7602,1,1
7603,1,1
7604,1,1
7605,1,1
7606,1,2
7607,1,1
7608,1,1
7609,1,1
7610,1,1
7611,1,1
7612,1,1
7614,1,1
7615,1,1
7616,1,1
7617,1,1
7618,1,1
7620,1,1
7621,2,2
7622,1,1
7623,1,1
7624,2,2
7625,1,1
7626,1,1
7627,1,1
7628,1,1
7629,2,2
7630,1,1
7631,1,1
7632,1,1
7633,1,1
7634,1,1
7635,1,1
7636,1,1
7637,1,1
7638,2,1
7639,1,1
7640,1,1
7641,2,1
7642,1,1
7643,2,1
7644,1,1
7645,2,1
7646,1,1
7647,1,1
7648,2,1
7649,2,1
7650,1,1
7651,1,1
7653,1,1
7654,1,2
7656,1,1
7657,2,1
7658,1,1
7659,1,2
7660,1,1
7661,1,1
7662,1,1
7663,1,1
7664,1,1
7665,1,1
7666,1,1
7667,1,1
7669,1,1
7670,1,1
7671,2,1
7672,1,1
7673,2,1
7674,2,1
7675,1,1
7676,2,1
7677,1,1
7678,2,2
7679,2,1
7680,1,1
7681,2,2
7682,1,1
7683,1,1
7684,1,1
7685,1,1
7686,1,1
7687,1,1
7689,1,1
7691,1,1
7692,1,1
7693,1,1
7694,2,2
7695,2,1
7696,2,1
7697,1,1
7698,2,1
7699,2,2
7700,1,1
7701,2,2
7702,1,1
7703,1,1
7704,1,1
7705,1,1
7706,1,1
7707,1,1
7708,1,1
7709,2,1
7710,1,2
7712,1,1
7713,1,1
7714,2,2
7715,1,1
7716,2,1
7717,1,1
7718,2,2
7719,1,1
7720,1,1
7721,2,2
7722,1,1
7723,1,1
7724,1,2
7725,1,1
7726,1,1
7727,1,1
7728,1,2
7729,1,1
7730,1,1
7731,1,1
7732,2,1
7733,2,1
7734,1,1
7735,1,1
7736,1,1
7737,1,1
7738,1,1
7739,1,1
7740,1,1
7741,2,1
7742,1,1
7743,1,1
7744,1,1
7745,2,1
7746,1,1
7747,1,1
7748,1,1
7749,1,1
7750,1,1
7751,1,1
7752,1,1
7754,1,1
7755,1,1
7756,1,1
7757,2,1
7758,1,1
7759,1,1
7761,1,1
7762,1,1
7763,1,1
7764,1,1
7765,1,1
7766,1,1
7767,1,1
7768,1,1
7770,1,1
7771,1,2
7772,1,1
7773,1,1
7774,1,1
7775,1,1
7776,1,1
7777,2,2
7778,1,2
7779,1,1
7780,1,1
7781,1,1
7782,1,1
7783,1,1
7784,1,1
7785,2,1
7786,2,2
7788,1,1
7789,2,1
7790,1,1
7791,1,1
7792,1,1
7793,1,1
7794,1,1
7795,1,1
7796,1,1
7797,1,1
7798,1,1
7799,1,1
7800,1,2
7801,2,2
7802,1,1
7804,1,1
7805,2,2
7806,2,1
7807,2,2
7808,1,1
7809,1,1
7811,2,2
7812,1,1
7813,1,1
7814,1,1
7815,1,1
7816,1,1
7817,1,1
7818,2,2
7819,1,1
7820,1,1
7822,1,1
7823,1,1
7824,2,2
7825,1,1
7826,2,1
7827,1,1
7828,1,1
7829,1,1
7830,2,1
7831,2,2
7833,1,1
7834,2,1
7835,2,2
7837,2,1
7838,1,1
7839,1,1
7840,2,2
7841,1,1
7842,1,1
7843,2,1
7844,1,2
7845,1,1
7846,1,1
7847,1,1
7848,2,2
7849,1,1
7850,1,1
7851,2,1
7852,1,1
7853,1,1
7854,1,1
7855,1,1
7856,1,1
7857,1,1
7859,1,1
7860,1,2
7861,1,1
7862,1,1
7864,1,1
7865,1,1
7866,1,1
7867,2,1
7868,2,1
7869,1,1
7870,2,2
7871,1,1
7872,1,1
7873,1,1
7875,2,1
7876,1,1
7877,1,1
7878,2,1
7879,2,2
7880,1,1
7881,1,1
7882,1,1
7883,1,1
7884,1,1
7885,1,1
7886,2,1
7887,1,1
7888,1,2
7889,1,1
7890,1,1
7891,1,1
7892,1,1
7893,2,1
7894,1,1
7895,1,1
7896,2,2
7898,1,1
7899,1,1
7900,1,1
7902,2,2
7903,1,1
7905,1,1
7906,2,2
7907,1,1
7908,1,1
7909,1,1
7910,1,1
7912,1,1
7913,1,1
7914,2,2
7915,1,1
7916,1,1
7918,1,1
7919,1,1
7920,1,1
7921,1,1
7922,1,1
7923,1,1
7924,1,1
7925,1,1
7926,1,1
7927,1,1
7928,1,1
7929,1,1
7930,1,1
7931,2,2
7932,1,1
7933,1,1
7934,1,1
7935,1,1
7936,1,2
7937,1,1
7938,1,1
7940,1,1
7941,1,1
7942,1,1
7943,1,1
7944,2,1
7945,1,1
7946,1,1
7947,1,1
7948,1,1
7949,1,1
7950,1,1
7951,1,1
7952,1,1
7953,1,1
7954,1,1
7956,1,1
7957,1,1
7958,2,1
7959,2,1
7960,1,1
7961,1,1
7963,1,1
7964,1,1
7965,1,1
7967,1,1
7968,2,2
7969,1,1
7971,1,1
7972,1,1
7973,1,2
7974,2,1
7975,2,2
7976,2,2
7977,2,2
7979,2,2
7980,1,1
7981,1,1
7982,1,1
7983,2,1
7984,2,2
7985,1,1
7986,1,1
7988,1,1
7989,2,1
7990,1,1
7991,2,1
7992,1,1
7993,1,1
7994,1,1
7995,2,1
7996,1,1
7997,1,1
7998,2,1
8000,2,2
8001,1,1
8002,2,1
8003,1,1
8004,1,1
8005,1,1
8006,1,1
8007,1,1
8008,1,1
8009,1,2
8011,1,1
8012,1,1
8013,2,1
8014,1,1
8016,1,1
8018,1,1
8019,1,1
8020,1,1
8022,1,1
8024,1,1
8025,2,1
8026,2,2
8028,1,1
8029,2,2
8030,1,1
8031,2,1
8032,1,1
8033,1,1
8034,1,1
8035,1,1
8036,2,2
8037,1,1
8038,1,2
8039,2,2
8040,2,2
8041,1,1
8042,1,1
8043,1,1
8044,1,1
8046,1,1
8047,2,2
8048,2,1
8049,1,1
8050,1,1
8051,2,2
8052,1,1
8053,1,1
8054,1,1
8055,2,1
8056,1,1
8057,1,1
8059,1,1
8060,1,1
8061,1,1
8062,1,1
8063,1,1
8064,2,2
8065,1,1
8066,1,1
8067,1,1
8069,2,1
8070,1,1
8071,1,1
8072,1,1
8073,1,1
8074,2,1
8075,1,1
8076,1,1
8077,1,1
8079,1,1
8080,1,1
8081,1,1
8082,1,1
8083,1,1
8084,2,2
8085,1,1
8086,1,1
8088,1,1
8089,1,1
8090,1,1
8091,2,2
8092,1,1
8093,1,1
8094,1,1
8095,1,1
8096,1,1
8097,2,2
8098,1,1
8099,1,1
8100,1,1
8101,1,1
8102,2,1
8103,1,1
8104,2,2
8105,2,2
8107,1,1
8108,1,1
8109,1,1
8110,1,1
8111,1,1
8112,1,1
8113,2,1
8114,1,1
8115,1,1
8116,1,1
8117,2,2
8118,1,1
8119,2,1
8123,1,1
8124,2,1
8125,2,1
8126,1,1
8127,1,1
8128,1,1
8129,1,1
8130,1,1
8131,1,1
8132,1,1
8134,1,1
8135,1,1
8136,1,1
8138,1,1
8139,2,2
8140,1,1
8141,1,1
8142,1,2
8143,1,1
8144,2,2
8145,1,1
8146,1,1
8147,1,1
8148,1,1
8149,1,1
8150,2,2
8152,2,2
8153,1,2
8155,1,1
8156,1,1
8157,2,1
8158,1,1
8159,1,1
8160,2,2
8161,1,1
8162,1,1
8164,1,1
8165,1,1
8166,1,1
8167,2,1
8168,1,1
8169,1,1
8170,1,1
8171,1,1
8172,1,1
8173,2,1
8174,2,2
8175,1,1
8176,1,1
8177,2,1
8178,1,1
8179,1,1
8180,1,1
8181,1,1
8182,2,1
8183,1,1
8184,2,1
8185,1,1
8186,1,1
8187,1,1
8188,1,1
8189,1,1
8190,1,1
8191,1,1
8192,1,1
8194,1,1
8195,2,2
8196,1,1
8197,1,1
8198,2,1
8199,1,1
8200,1,1
8201,1,1
8202,1,2
8203,1,1
8204,1,1
8205,2,2
8206,1,1
8207,1,1
8208,2,2
8210,1,1
8211,1,1
8212,1,1
8213,2,2
8214,1,1
8215,1,1
8216,1,1
8217,1,1
8218,1,1
8219,1,1
8220,1,1
8221,1,1
8222,1,1
8223,2,2
8224,1,2
8225,2,1
8226,2,2
8228,1,1
8229,1,1
8230,1,1
8231,1,1
8232,1,1
8233,1,1
8234,2,2
8235,1,1
8236,1,1
8237,2,2
8238,1,1
8239,1,1
8240,1,1
8241,1,1
8242,1,1
8243,2,1
8244,1,1
8245,1,1
8247,1,1
8248,1,1
8250,1,1
8252,2,1
8253,1,1
8254,1,1
8255,2,2
8256,2,1
8257,1,1
8258,2,2
8259,1,1
8260,1,1
8261,1,1
8262,2,2
8263,2,1
8264,1,1
8265,1,1
8266,2,2
8267,2,2
8268,2,2
8269,1,2
8270,2,2
8271,1,1
8272,1,1
8273,1,1
8274,1,1
8275,1,1
8277,1,1
8278,2,1
8279,2,1
8280,1,1
8281,1,1
8282,1,1
8283,2,2
8284,1,1
8285,1,1
8286,1,1
8287,1,1
8288,1,1
8289,1,1
8290,2,1
8291,1,1
8292,1,1
8293,1,1
8294,1,1
8295,1,1
8296,1,1
8297,1,1
8298,1,1
8299,1,1
8300,1,1
8301,2,2
8302,1,1
8303,1,1
8304,1,1
8305,1,1
8306,1,1
8307,1,1
8308,1,1
8309,1,1
8310,1,1
8311,1,1
8312,1,1
8314,1,1
8315,1,1
8316,1,1
8317,1,1
8318,1,1
8319,1,1
8320,1,1
8321,1,1
8323,1,1
8324,1,1
8325,2,2
8326,1,1
8327,2,2
8328,1,1
8329,1,1
8330,1,1
8331,1,1
8333,2,2
8334,1,1
8336,1,1
8337,1,1
8339,2,1
8340,2,1
8341,1,1
8342,1,1
8343,1,1
8344,1,1
8346,1,1
8347,1,1
8348,2,1
8349,1,1
8350,1,1
8351,2,1
8352,1,1
8353,1,1
8354,1,1
8355,1,1
8356,1,1
8357,1,1
8358,1,1
8359,2,2
8360,2,1
8362,1,1
8363,2,2
8364,1,1
8365,1,1
8366,2,2
8367,2,1
8368,1,2
8369,1,1
8370,2,1
8371,1,1
8372,1,1
8373,2,1
8374,1,1
8375,1,1
8376,1,1
8377,2,2
8378,1,1
8379,1,1
8380,1,1
8381,1,1
8382,1,1
8384,1,1
8385,1,1
8387,1,1
8388,1,1
8389,1,1
8390,1,1
8391,1,1
8392,2,1
8393,2,2
8394,2,1
8395,1,1
8396,1,1
8397,2,2
8398,1,1
8399,1,1
8400,2,1
8402,2,1
8403,1,1
8404,1,1
8405,1,1
8406,1,1
8407,1,1
8409,2,2
8410,1,1
8411,1,1
8412,1,1
8414,1,1
8415,1,1
8416,1,1
8417,1,1
8418,1,1
8419,1,1
8420,1,1
8421,1,1
8422,1,2
8423,1,1
8424,1,1
8425,1,1
8426,1,1
8427,1,1
8428,1,1
8429,1,1
8430,1,1
8431,1,1
8432,1,1
8434,1,1
8435,1,1
8436,1,1
8437,2,2
8438,1,1
8440,1,1
8442,2,1
8444,1,1
8445,1,1
8446,1,1
8447,1,1
8448,2,2
8449,1,1
8450,1,1
8452,1,1
8454,2,1
8455,1,1
8456,1,1
8457,1,1
8458,2,2
8459,1,2
8460,1,1
8461,1,1
8462,1,1
8463,2,1
8464,1,1
8465,1,1
8466,1,1
8467,2,2
8468,2,1
8469,1,1
8470,1,1
8471,2,2
8472,1,2
8473,1,1
8474,1,1
8475,1,1
8476,2,1
8477,1,1
8478,1,2
8479,2,2
8480,2,1
8481,1,1
8482,1,1
8483,1,1
8484,1,1
8486,1,1
8487,1,1
8488,1,1
8490,2,2
8491,1,1
8492,1,1
8493,1,1
8494,1,1
8495,1,2
8496,1,1
8497,2,1
8498,1,1
8499,1,1
8500,2,2
8501,1,1
8502,1,1
8503,1,2
8504,1,1
8505,2,1
8506,2,1
8507,1,1
8508,1,1
8509,1,1
8510,2,2
8511,1,1
8512,1,1
8513,1,1
8514,1,1
8515,1,1
8516,1,1
8517,1,1
8518,1,1
8519,1,1
8520,1,1
8521,1,1
8522,1,1
8523,1,1
8524,2,2
8525,2,1
8526,1,1
8527,1,1
8528,1,1
8529,2,1
8530,1,1
8532,1,1
8533,1,1
8534,1,1
8535,1,1
8536,1,2
8537,1,1
8538,2,1
8539,1,1
8540,2,1
8541,2,2
8542,1,1
8543,1,1
8544,1,1
8545,1,1
8546,1,1
8547,1,1
8548,1,1
8549,1,1
8550,2,2
8551,1,1
8552,1,1
8553,1,1
8555,1,1
8556,1,1
8557,1,1
8558,1,1
8560,1,1
8561,2,1
8562,1,1
8563,1,1
8564,1,1
8565,1,1
8566,2,1
8567,1,1
8569,1,1
8570,1,1
8571,1,1
8572,1,1
8573,2,2
8574,1,1
8575,1,1
8576,1,1
8577,2,1
8578,1,1
8579,1,1
8580,1,1
8581,2,1
8583,1,1
8584,2,1
8585,1,1
8586,1,1
8587,1,1
8588,1,1
8589,1,1
8590,1,1
8591,1,1
8592,1,1
8593,1,1
8594,2,2
8595,1,1
8596,1,1
8597,1,1
8598,1,1
8599,1,2
8600,1,1
8601,1,1
8602,1,1
8603,1,1
8604,2,1
8605,1,1
8606,1,1
8607,1,1
8609,1,1
8610,2,1
8611,1,1
8612,1,1
8613,2,1
8614,2,2
8615,1,1
8616,1,1
8617,2,1
8618,2,1
8619,1,2
8620,1,1
8621,1,1
8622,1,1
8623,1,1
8624,1,1
8625,1,1
8626,1,1
8627,1,1
8628,2,1
8629,1,1
8630,1,1
8631,1,1
8633,2,1
8634,2,1
8635,1,1
8636,1,1
8637,1,1
8638,1,1
8639,1,1
8640,1,1
8641,1,1
8642,1,1
8643,2,1
8644,1,1
8645,1,1
8646,2,1
8647,1,1
8648,1,1
8649,1,1
8650,1,1
8651,1,1
8652,1,1
8653,2,1
8654,1,1
8655,1,1
8657,1,1
8658,1,1
8659,1,1
8660,1,1
8662,1,1
8663,1,1
8665,2,1
8666,2,1
8667,2,2
8668,2,1
8669,2,2
8670,1,1
8671,1,1
8672,1,1
8673,1,1
8674,2,1
8675,1,1
8676,1,1
8677,1,1
8678,1,1
8679,1,1
8680,1,1
8681,1,1
8682,2,2
8683,1,1
8684,1,1
8685,1,1
8686,2,1
8687,1,1
8688,2,1
8689,1,1
8690,1,1
8691,2,1
8692,1,1
8693,1,1
8694,2,2
8695,1,1
8696,2,2
8697,1,1
8698,2,2
8699,2,1
8701,1,1
8702,1,1
8703,1,1
8704,1,1
8705,1,1
8706,1,1
8707,1,1
8708,1,1
8709,1,1
8710,2,2
8711,1,1
8712,1,1
8713,1,1
8714,1,1
8715,1,1
8716,1,1
8717,1,1
8718,1,1
8719,1,1
8720,1,1
8721,2,2
8722,2,1
8723,1,1
8724,1,1
8725,2,2
8726,1,1
8727,1,1
8728,1,1
8729,2,1
8730,1,1
8731,1,1
8732,1,1
8733,1,1
8734,1,1
8735,1,1
8736,1,1
8737,2,1
8738,1,1
8739,1,1
8740,2,2
8741,2,2
8742,2,2
8743,1,2
8745,1,1
8746,2,1
8747,1,1
8748,1,1
8749,1,1
8750,1,1
8751,2,1
8752,1,1
8753,1,1
8754,1,1
8755,2,1
8756,1,1
8757,1,1
8758,2,1
8759,1,1
8760,2,1
8761,2,2
8763,1,1
8764,1,1
8765,1,1
8766,1,1
8767,1,1
8769,1,1
8770,1,1
8771,1,1
8772,1,1
8773,2,1
8774,2,1
8775,1,1
8776,1,1
8777,1,1
8778,2,2
8779,1,1
8781,2,2
8782,1,1
8783,1,1
8784,1,1
8785,1,1
8786,1,1
8787,1,1
8788,1,1
8789,1,1
8790,2,1
8791,2,1
8792,2,1
8793,1,1
8794,1,1
8795,2,1
8796,2,2
8797,1,1
8798,1,1
8799,1,1
8800,2,1
8801,2,1
8802,1,1
8803,1,1
8804,1,1
8805,1,1
8806,2,2
8807,1,1
8808,1,2
8809,2,1
8810,1,1
8811,1,1
8812,1,1
8813,1,1
8814,2,1
8815,1,1
8816,2,1
8817,1,1
8818,1,1
8819,1,1
8820,1,1
8821,1,1
8822,1,1
8824,2,1
8825,2,1
8826,2,2
8827,2,1
8829,2,1
8830,2,2
8831,1,1
8832,1,1
8833,2,2
8834,1,1
8835,1,1
8836,2,2
8837,1,1
8838,1,1
8839,1,1
8840,1,1
8842,1,1
8843,1,1
8844,1,1
8845,1,1
8846,1,1
8847,1,1
8848,1,1
8849,1,2
8850,1,2
8851,1,1
8852,1,1
8853,1,1
8854,2,1
8855,1,1
8856,2,1
8857,2,1
8858,1,2
8859,1,1
8860,1,1
8861,1,1
8862,2,2
8863,1,1
8864,2,2
8865,1,1
8866,1,1
8867,1,1
8868,1,1
8869,2,1
8871,1,1
8872,2,1
8873,1,1
8874,2,1
8875,1,1
8877,1,1
8878,1,1
8879,2,2
8880,2,2
8881,1,1
8882,1,2
8883,2,2
8884,1,1
8885,2,2
8886,1,1
8887,1,1
8888,1,1
8889,1,1
8890,1,1
8891,1,1
8894,1,1
8895,1,2
8896,1,2
8897,2,1
8898,1,2
8899,1,1
8900,1,1
8901,1,1
8902,1,1
8903,2,2
8904,1,1
8907,1,1
8908,1,1
8909,2,1
8910,2,2
8911,1,1
8912,2,2
8913,1,1
8914,2,1
8915,1,1
8916,1,1
8918,2,1
8919,2,2
8920,1,1
8921,1,1
8922,1,1
8923,1,1
8924,1,1
8925,1,1
8926,1,1
8927,2,1
8928,2,2
8929,1,2
8930,1,1
8931,1,1
8932,1,1
8933,1,1
8934,1,1
8935,1,1
8936,2,1
8937,1,1
8938,1,1
8939,2,2
8941,1,1
8942,1,1
8943,1,1
8944,1,1
8945,1,1
8946,1,1
8947,1,1
8948,1,1
8949,1,1
8950,1,1
8951,1,1
8952,2,1
8953,1,1
8954,2,1
8955,2,1
8956,1,1
8959,1,1
8960,1,1
8961,1,2
8962,2,2
8964,1,1
8965,1,1
8966,2,2
8967,2,2
8968,1,1
8969,1,1
8970,1,1
8971,1,1
8972,2,1
8973,2,2
8974,1,1
8975,2,1
8976,1,1
8977,2,2
8979,2,1
8980,1,1
8981,2,2
8983,1,1
8984,1,1
8985,1,1
8986,1,1
8987,1,1
8988,2,2
8989,2,1
8990,1,1
8991,1,1
8992,1,1
8993,1,1
8994,2,1
8995,1,1
8997,1,1
8998,1,1
8999,1,1
9000,1,1
9002,1,1
9003,1,1
9004,2,1
9005,2,2
9006,1,1
9007,1,1
9008,2,2
9009,1,1
9011,1,1
9012,1,1
9013,2,1
9014,2,1
9015,1,1
9016,2,2
9017,2,1
9018,1,1
9019,1,1
9020,1,1
9021,2,2
9022,2,1
9023,2,1
9024,2,1
9025,1,1
9027,1,1
9028,1,2
9029,2,2
9030,1,1
9031,2,1
9032,1,1
9033,2,1
9034,1,1
9035,1,1
9036,1,1
9037,1,1
9038,2,1
9039,1,1
9040,1,1
9041,2,2
9042,1,1
9043,1,1
9045,1,1
9046,1,1
9047,1,1
9048,1,1
9049,1,1
9050,2,1
9051,1,1
9052,1,1
9053,1,1
9054,1,1
9055,1,1
9056,1,1
9057,1,2
9058,1,1
9059,2,2
9060,2,1
9061,1,1
9063,2,2
9064,1,1
9065,1,1
9066,2,1
9067,1,1
9068,1,1
9069,1,1
9070,2,2
9071,1,1
9072,2,2
9073,1,1
9074,1,1
9075,1,1
9076,1,1
9077,1,1
9078,1,1
9079,2,2
9080,1,1
9081,1,1
9082,1,1
9083,1,1
9084,2,1
9085,1,1
9086,1,1
9087,1,1
9088,1,1
9089,1,2
9090,1,1
9091,2,2
9092,1,1
9093,2,2
9094,1,1
9095,1,1
9096,1,1
9097,1,1
9098,1,1
9099,1,1
9100,1,1
9101,2,1
9102,1,1
9103,1,1
9104,1,1
9105,2,2
9106,1,1
9107,1,1
9108,2,2
9109,1,1
9110,1,1
9112,1,1
9113,2,1
9114,1,1
9116,1,1
9117,1,1
9118,1,1
9119,1,1
9120,1,1
9121,1,1
9122,1,1
9123,2,2
9124,1,1
9125,1,1
9126,2,2
9127,1,1
9128,1,1
9130,2,2
9131,2,1
9132,1,1
9133,1,1
9134,2,1
9135,1,1
9136,1,1
9137,1,1
9139,1,1
9140,2,2
9141,1,1
9142,2,1
9143,1,1
9144,1,2
9145,2,1
9146,2,2
9147,1,1
9148,1,1
9149,1,1
9150,2,1
9151,1,1
9152,1,1
9154,1,1
9155,1,1
9156,1,1
9157,1,1
9158,1,1
9159,1,1
9160,1,1
9161,1,1
9162,1,1
9163,1,1
9164,1,2
9165,2,1
9166,2,2
9167,1,1
9168,2,1
9169,1,1
9170,1,1
9171,1,1
9172,1,1
9173,2,1
9174,1,1
9175,1,1
9176,1,1
9177,2,1
9178,1,1
9179,2,2
9180,2,1
9181,1,1
9182,2,1
9183,1,1
9184,2,2
9185,1,1
9187,2,1
9188,1,1
9189,1,1
9190,2,1
9191,1,1
9193,1,1
9194,2,2
9195,1,1
9196,1,1
9197,2,2
9198,2,2
9199,2,2
9200,2,1
9201,1,1
9202,1,1
9203,1,1
9204,2,2
9205,2,1
9206,1,1
9207,1,1
9208,1,1
9209,1,1
9210,2,2
9211,2,1
9212,1,1
9213,2,1
9215,1,2
9216,1,1
9217,2,2
9218,2,2
9219,1,1
9220,1,1
9221,1,1
9222,1,1
9223,1,1
9224,1,1
9226,1,1
9227,2,1
9228,2,2
9229,1,1
9230,1,1
9231,1,1
9232,2,2
9233,1,1
9234,1,1
9235,2,1
9236,1,1
9237,2,2
9238,1,1
9239,1,1
9241,2,1
9242,2,2
9243,1,1
9244,2,1
9245,2,1
9246,1,1
9247,2,1
9248,1,1
9249,1,1
9250,1,1
9251,1,1
9252,1,1
9254,2,1
9255,1,1
9256,1,1
9257,1,1
9258,1,1
9259,1,1
9260,1,1
9261,1,1
9262,1,1
9263,1,1
9264,1,1
9265,2,1
9266,1,1
9267,1,1
9268,2,1
9269,2,1
9270,1,1
9271,1,1
9272,1,1
9273,2,2
9274,2,2
9275,1,1
9276,1,2
9277,1,1
9278,1,1
9279,2,1
9280,1,1
9281,1,1
9283,1,1
9284,1,1
9285,1,1
9286,1,1
9287,1,1
9288,1,1
9290,1,1
9291,1,1
9292,1,1
9293,1,1
9294,1,1
9295,1,1
9296,1,1
9297,1,1
9298,1,1
9299,1,2
9300,1,1
9301,1,1
9302,1,2
9303,1,2
9304,1,1
9305,1,1
9306,2,2
9307,1,1
9308,1,1
9309,1,1
9310,2,2
9311,1,1
9312,2,1
9313,1,1
9314,1,1
9315,1,1
9316,1,1
9318,1,1
9319,1,1
9320,1,1
9321,2,1
9322,1,1
9323,1,2
9324,2,2
9325,1,1
9326,1,1
9327,1,1
9328,1,1
9329,2,1
9330,1,1
9332,1,1
9333,1,1
9334,1,1
9335,1,1
9336,1,1
9337,1,1
9338,1,1
9340,1,1
9341,1,1
9342,2,1
9343,1,1
9344,1,2
9345,2,2
9346,1,1
9347,2,1
9348,2,2
9349,1,1
9350,1,1
9351,1,1
9352,2,2
9353,1,1
9354,1,1
9355,1,1
9356,1,1
9357,1,1
9358,1,1
9359,1,1
9360,1,1
9361,1,1
9362,1,1
9363,1,1
9364,2,1
9365,1,1
9366,1,1
9367,1,1
9368,1,1
9369,1,1
9370,1,1
9371,1,1
9372,2,2
9373,1,2
9374,1,1
9375,1,1
9376,1,1
9378,2,1
9379,1,1
9380,1,1
9382,1,1
9383,1,1
9384,1,1
9385,1,1
9386,2,1
9387,1,1
9388,1,1
9390,1,1
9391,1,1
9392,2,2
9393,2,1
9394,1,1
9395,1,1
9396,1,1
9397,1,1
9398,1,1
9399,2,2
9400,1,1
9401,1,1
9402,1,1
9403,1,1
9404,1,1
9405,1,1
9406,1,1
9407,1,1
9408,1,1
9409,1,1
9411,1,1
9412,1,1
9413,1,1
9414,1,1
9415,1,1
9416,2,2
9417,1,1
9419,1,1
9420,1,1
9422,2,2
9424,1,1
9425,2,2
9426,1,1
9427,1,1
9428,1,1
9430,1,1
9431,1,1
9432,1,1
9433,1,1
9434,1,1
9435,1,1
9436,1,1
9437,1,1
9438,1,1
9440,1,2
9441,1,1
9442,1,2
9443,1,1
9444,1,1
9445,1,1
9446,1,1
9447,1,1
9448,1,1
9449,2,1
9450,1,1
9452,1,1
9453,2,2
9454,2,2
9455,1,1
9456,1,1
9457,1,1
9458,1,1
9459,1,1
9460,1,1
9461,1,1
9462,1,1
9463,1,1
9464,1,1
9465,2,1
9466,1,1
9467,1,1
9468,2,2
9469,2,2
9470,1,1
9471,1,1
9472,1,1
9473,1,1
9474,1,1
9475,1,1
9476,1,1
9477,1,1
9478,1,1
9479,1,1
9480,1,2
9482,1,1
9483,1,1
9484,1,1
9485,1,1
9487,1,2
9488,1,1
9489,1,1
9490,1,1
9492,1,1
9493,2,1
9494,1,1
9495,1,1
9496,1,1
9497,1,1
9498,1,1
9499,1,1
9500,2,1
9501,1,1
9502,2,2
9503,2,2
9504,1,1
9505,1,1
9506,2,1
9507,1,1
9508,1,1
9509,1,1
9510,1,1
9511,1,1
9512,1,1
9513,1,1
9514,1,1
9515,1,1
9516,2,1
9517,1,1
9518,1,1
9519,1,1
9520,1,1
9521,2,1
9522,1,1
9523,2,2
9524,1,1
9525,1,1
9526,1,1
9527,1,1
9528,1,1
9529,2,2
9530,1,1
9532,1,1
9533,1,2
9534,1,1
9535,1,1
9537,1,1
9539,1,1
9540,1,1
9541,1,1
9542,1,1
9543,1,1
9544,1,1
9545,1,1
9546,1,1
9547,2,1
9548,1,1
9550,1,1
9551,1,1
9552,1,1
9554,1,1
9555,1,1
9556,1,1
9557,1,1
9558,2,1
9559,2,1
9560,1,1
9561,2,1
9562,1,1
9563,1,1
9564,1,1
9565,1,1
9566,1,1
9567,2,1
9568,1,1
9569,1,1
9570,1,1
9571,1,1
9572,1,1
9573,1,1
9574,1,1
9575,1,1
9576,1,1
9577,1,1
9578,1,1
9579,1,1
9580,1,1
9581,1,1
9582,2,2
9583,1,1
9584,1,1
9585,1,1
9586,1,1
9587,1,1
9588,2,1
9590,1,1
9592,1,1
9594,1,1
9595,1,1
9596,1,1
9597,1,1
9598,1,1
9599,2,1
9600,1,1
9601,1,1
9602,1,1
9603,1,1
9604,1,1
9606,1,1
9608,1,1
9609,1,1
9610,2,2
9611,1,1
9612,1,1
9614,1,1
9616,1,1
9618,1,1
9619,1,1
9620,2,1
9621,1,1
9622,1,1
9624,1,1
9625,1,1
9626,1,1
9627,1,1
9628,1,1
9630,1,1
9631,1,1
9632,2,2
9633,1,1
9634,1,1
9635,1,1
9636,1,1
9637,1,1
9638,1,1
9640,1,2
9641,1,1
9642,1,1
9643,1,1
9645,1,1
9646,1,1
9647,1,2
9649,2,1
9650,1,2
9651,1,2
9652,2,2
9654,1,1
9655,1,1
9656,1,1
9657,1,1
9658,1,1
9659,1,1
9660,2,1
9661,1,1
9662,1,1
9664,1,1
9665,1,1
9666,1,1
9667,1,1
9668,1,1
9669,1,1
9670,1,1
9671,1,1
9672,2,1
9673,2,2
9675,1,1
9676,2,2
9677,1,1
9678,1,1
9679,1,1
9680,1,1
9681,1,1
9682,1,1
9683,2,2
9684,1,1
9685,1,1
9686,2,1
9688,2,1
9690,2,1
9691,1,1
9692,1,1
9693,1,1
9694,1,1
9695,1,1
9696,1,1
9697,1,1
9699,1,1
9700,1,1
9701,1,2
9702,1,1
9703,1,2
9704,1,1
9705,1,2
9706,1,1
9707,1,1
9708,1,1
9709,1,1
9710,1,1
9712,1,1
9713,2,2
9714,1,1
9715,2,2
9716,1,2
9717,1,1
9719,1,1
9720,1,1
9721,1,1
9722,1,1
9724,1,1
9725,1,1
9726,1,1
9727,1,1
9728,1,1
9730,2,2
9731,2,1
9732,1,2
9733,1,1
9734,2,1
9735,1,1
9736,2,2
9737,1,1
9738,1,1
9739,1,2
9740,1,1
9741,2,1
9742,1,1
9743,1,1
9744,1,1
9745,1,1
9746,1,1
9747,1,1
9748,1,1
9749,1,1
9750,1,1
9751,2,2
9752,2,1
9753,2,1
9754,1,1
9755,1,1
9756,1,1
9757,1,1
9758,1,1
9759,1,1
9760,2,1
9761,2,1
9762,1,1
9763,1,1
9764,2,2
9765,1,1
9766,2,2
9767,1,1
9768,1,1
9769,2,2
9770,1,1
9771,1,1
9772,1,1
9773,1,1
9774,2,1
9775,1,1
9777,2,1
9778,1,1
9779,1,1
9780,2,1
9781,1,1
9782,1,1
9783,1,1
9784,1,1
9785,2,1
9786,1,2
9787,1,1
9788,1,1
9789,1,1
9790,1,1
9792,1,1
9793,1,2
9794,2,2
9795,1,1
9797,1,1
9798,2,2
9799,2,2
9801,2,2
9802,1,1
9803,1,1
9804,1,1
9806,1,1
9807,1,1
9808,1,1
9810,1,1
9811,1,2
9812,2,2
9813,1,1
9814,2,2
9815,1,1
9816,1,1
9817,2,2
9818,1,1
9819,2,1
9821,1,1
9822,2,1
9823,1,1
9824,2,1
9825,1,1
9826,2,2
9828,2,2
9829,1,1
9830,1,1
9832,1,1
9833,1,2
9834,1,1
9835,1,1
9836,1,1
9837,2,1
9838,1,1
9839,1,1
9840,1,1
9841,1,1
9842,2,2
9843,1,1
9844,1,1
9846,1,1
9847,2,1
9849,1,1
9850,1,1
9851,1,1
9853,1,1
9854,1,1
9855,2,2
9856,1,1
9857,2,2
9858,1,1
9859,1,2
9860,1,1
9861,1,1
9862,1,1
9863,1,1
9864,1,1
9865,2,1
9866,2,2
9867,2,1
9868,2,2
9869,1,1
9870,1,1
9871,2,1
9873,2,2
9874,2,1
9875,1,1
9876,1,1
9877,2,1
9878,1,1
9879,1,1
9880,1,1
9881,1,1
9882,1,1
9883,1,1
9884,2,1
9885,1,1
9887,1,1
9888,1,1
9889,1,1
9890,2,1
9891,1,1
9892,1,1
9893,1,1
9894,2,1
9895,1,1
9896,1,1
9897,1,1
9898,1,1
9899,1,1
9900,2,1
9901,1,2
9902,1,1
9903,2,2
9904,1,1
9905,2,1
9906,2,2
9907,1,1
9908,2,2
9909,1,1
9910,1,1
9911,1,1
9912,1,1
9914,1,1
9915,1,1
9916,2,1
9917,1,1
9918,1,1
9920,2,1
9921,2,1
9922,1,1
9923,1,1
9924,2,1
9925,1,1
9926,1,1
9927,1,1
9928,1,1
9929,1,1
9930,2,1
9931,1,1
9932,1,1
9933,1,1
9935,1,1
9938,1,1
9939,2,2
9940,1,1
9941,2,1
9942,1,1
9943,1,1
9944,1,1
9946,2,1
9947,1,1
9948,1,1
9949,1,1
9950,1,1
9952,1,2
9953,1,1
9954,2,1
9956,1,1
9957,1,1
9958,1,2
9960,1,1
9961,1,1
9962,2,2
9964,1,1
9967,1,1
9968,1,1
9969,1,1
9970,1,1
9971,1,1
9972,2,1
9973,1,1
9974,1,1
9975,1,1
9976,1,1
9977,1,1
9978,1,1
9979,1,1
9980,1,1
9981,1,1
9983,1,1
9984,1,1
9985,1,1
9986,1,2
9987,1,1
9988,1,2
9989,1,1
9990,1,1
9992,1,1
9993,1,1
9994,1,1
9995,2,1
9996,1,1
9997,1,1
9998,1,1
9999,1,1
10000,1,1
10003,2,1
10004,1,1
10005,1,1
10007,1,1
10008,1,1
10009,2,2
10010,2,1
10011,1,1
10012,1,1
10013,1,1
10015,1,1
10016,1,1
10017,1,2
10018,1,1
10019,1,1
10020,1,1
10021,1,1
10022,1,1
10023,1,1
10024,1,1
10025,1,2
10026,1,1
10027,1,1
10028,2,2
10030,1,1
10031,1,1
10032,1,1
10034,1,1
10035,1,1
10037,1,1
10038,1,1
10039,1,1
10041,2,1
10042,2,2
10043,1,1
10044,1,1
10045,1,1
10046,1,1
10047,2,1
10048,1,1
10049,1,1
10050,1,1
10051,1,1
10052,1,1
10053,1,1
10055,1,2
10056,1,1
10057,1,1
10058,1,1
10059,1,2
10060,2,1
10062,2,2
10063,2,1
10064,1,1
10065,2,2
10067,1,1
10068,1,1
10069,1,1
10070,1,1
10071,1,1
10072,1,1
10074,1,1
10075,1,1
10076,1,1
10077,1,1
10078,1,1
10079,2,2
10080,1,2
10081,1,1
10082,2,2
10083,1,1
10084,1,1
10085,1,1
10086,1,1
10087,1,1
10088,1,1
10089,1,1
10090,1,1
10091,1,2
10092,1,1
10093,1,1
10094,1,1
10095,1,1
10096,1,2
10097,1,1
10098,1,1
10099,2,1
10100,1,1
10101,1,1
10103,1,1
10104,2,1
10105,1,1
10106,1,1
10107,1,2
10108,1,1
10109,1,2
10110,1,1
10111,1,1
10113,1,1
10114,2,2
10115,1,1
10116,1,1
10117,1,1
10118,2,1
10119,2,1
10120,1,1
10121,2,2
10122,2,2
10123,1,1
10124,1,1
10125,1,1
10126,1,1
10127,1,1
10128,1,1
10129,1,1
10130,1,1
10131,1,1
10132,1,1
10133,1,1
10134,1,1
10135,1,1
10136,2,2
10138,1,1
10139,1,1
10140,2,1
10141,1,1
10142,1,1
10143,1,1
10145,2,2
10146,1,1
10147,1,1
10149,1,2
10150,2,1
10151,1,1
10152,1,1
10153,1,1
10154,1,1
10155,2,1
10156,1,1
10157,1,1
10158,1,1
10159,2,2
10160,1,1
10161,1,1
10162,2,1
10163,1,1
10164,1,1
10166,1,1
10167,1,1
10168,1,1
10169,1,1
10170,1,1
10171,2,2
10172,1,1
10173,2,1
10174,1,1
10175,2,2
10177,2,2
10178,1,1
10179,2,2
10180,1,1
10181,1,1
10182,1,1
10183,1,1
10184,1,1
10185,2,1
10186,2,1
10187,1,1
10188,2,1
10189,2,1
10190,1,1
10191,1,1
10192,2,1
10193,1,1
10194,1,1
10195,1,1
10196,1,1
10197,1,1
10198,2,1
10199,2,1
10201,1,1
10203,2,1
10204,1,1
10205,1,1
10207,1,1
10208,2,2
10209,1,1
10210,1,1
10211,2,2
10212,2,1
10213,1,1
10214,1,1
10216,1,1
10217,1,1
10218,2,1
10220,1,1
10221,1,1
10222,1,1
10223,1,1
10224,1,1
10225,1,1
10226,1,1
10227,1,2
10228,1,1
10229,1,1
10230,2,1
10232,1,1
10233,1,1
10234,1,1
10235,1,1
10236,1,1
10237,2,1
10238,1,1
10239,1,1
10240,1,1
10241,2,2
10242,1,1
10243,1,1
10244,1,1
10245,1,1
10246,1,1
10247,1,1
10249,1,1
10250,1,1
10251,1,1
10252,1,1
10253,1,1
10254,1,1
10255,2,1
10256,1,1
10257,1,1
10259,1,1
10260,1,1
10261,1,1
10262,1,1
10263,1,1
10264,2,1
10265,1,1
10266,1,1
10267,2,1
10268,2,2
10269,2,2
10271,1,1
10272,1,1
10273,1,1
10274,1,1
10275,1,1
10276,1,1
10277,1,1
10278,1,2
10279,1,1
10280,1,1
10281,1,1
10282,1,1
10283,1,1
10284,2,1
10285,1,1
10286,2,2
10287,1,1
10289,1,1
10290,2,2
10291,2,1
10292,1,1
10293,1,1
10294,1,1
10295,1,1
10296,2,1
10297,1,1
10298,1,1
10299,1,1
10300,1,1
10301,1,1
10302,1,1
10303,1,1
10304,1,1
10305,1,1
10306,1,1
10307,1,1
10308,1,1
10309,2,1
10311,1,1
10312,1,1
10313,1,1
10316,1,1
10317,2,1
10318,2,1
10319,2,1
10321,1,1
10322,1,1
10323,1,1
10324,1,1
10325,2,2
10326,1,1
10327,2,1
10328,1,2
10329,1,1
10330,1,1
10331,2,2
10332,1,1
10333,1,1
10334,1,1
10335,1,2
10336,1,1
10337,1,1
10338,1,1
10339,2,2
10340,1,1
10341,1,1
10342,2,2
10343,1,1
10344,2,1
10345,1,1
10346,1,1
10347,2,1
10348,1,1
10349,2,1
10350,1,2
10351,1,1
10352,1,1
10353,1,1
10354,1,1
10355,2,2
10356,2,1
10357,1,1
10358,1,1
10359,1,1
10360,1,1
10361,1,1
10362,2,1
10363,1,1
10364,1,1
10365,2,2
10366,2,2
10367,2,1
10368,2,1
10369,1,1
10370,1,2
10371,1,1
10372,1,1
10373,1,1
10374,1,1
10375,1,1
10376,1,1
10377,1,1
10378,1,1
10379,2,1
10380,1,1
10381,1,1
10382,1,2
10383,1,1
10384,1,1
10385,2,1
10386,1,1
10387,1,1
10388,1,1
10389,2,2
10390,1,1
10391,1,1
10392,1,1
10393,2,1
10394,1,1
10395,1,1
10396,1,1
10398,1,1
10400,1,1
10401,1,1
10402,1,1
10403,1,1
10404,1,1
10405,1,1
10406,2,2
10407,1,1
10408,2,1
10409,2,2
10411,1,1
10412,1,1
10413,1,2
10414,1,1
10415,2,1
10416,1,1
10417,1,1
10418,1,1
10419,1,1
10420,1,1
10421,1,1
10422,1,1
10423,1,2
10424,2,1
10425,1,2
10426,1,1
10427,1,1
10428,1,1
10429,2,2
10430,1,1
10431,2,2
10433,1,1
10434,1,1
10435,1,1
10436,1,1
10437,1,1
10438,2,2
10439,1,1
10440,1,1
10441,1,1
10442,1,1
10443,1,1
10444,2,2
10445,2,2
10446,2,2
10447,1,1
10448,1,1
10449,1,1
10450,1,1
10451,1,1
10452,1,1
10453,2,1
10454,1,1
10455,2,2
10456,1,1
10457,1,1
10458,2,1
10459,2,2
10460,1,1
10461,2,2
10462,1,1
10463,1,1
10464,1,1
10465,2,1
10466,1,1
10467,1,1
10468,1,1
10469,1,1
10470,1,1
10471,1,1
10472,1,1
10473,1,1
10474,1,1
10475,1,1
10476,2,1
10477,1,1
10478,1,1
10479,2,2
10480,1,1
10481,1,1
10482,2,2
10483,2,1
10484,1,1
10485,1,1
10486,1,1
10487,2,1
10488,1,1
10489,1,2
10490,1,1
10491,1,1
10493,2,2
10494,2,1
10495,1,1
10496,2,1
10497,1,1
10498,1,1
10499,2,1
10501,1,1
10502,2,1
10503,1,1
10504,1,1
10505,1,1
10506,1,1
10507,1,1
10508,2,1
10509,1,1
10510,2,1
10512,2,1
10513,1,1
10514,1,1
10515,1,1
10516,1,1
10517,1,1
10518,1,1
10519,1,1
10520,1,1
10521,1,1
10522,1,1
10523,1,1
10524,2,1
10525,1,1
10527,1,1
10528,2,2
10529,2,2
10530,1,1
10531,1,1
10532,1,1
10534,2,1
10535,2,2
10536,1,1
10537,1,1
10539,1,1
10540,2,2
10541,1,1
10543,2,1
10544,1,1
10546,1,1
10548,1,1
10549,1,1
10550,2,2
10551,1,1
10552,1,1
10553,1,1
10554,1,1
10555,1,1
10556,1,1
10557,2,1
10558,1,1
10559,1,1
10560,1,1
10561,1,1
10562,1,1
10563,1,1
10565,1,1
10566,2,1
10568,1,1
10570,1,1
10571,1,1
10572,1,1
10573,1,1
10574,1,1
10575,1,1
10577,1,1
10578,1,2
10579,2,1
10580,2,1
10581,1,1
10582,2,2
10583,2,2
10584,1,1
10585,1,1
10586,1,1
10587,1,1
10588,1,1
10589,2,1
10590,2,1
10592,1,1
10593,1,1
10594,2,1
10595,1,1
10596,1,1
10598,1,1
10599,1,1
10600,1,2
10601,1,1
10602,1,2
10603,1,1
10604,1,1
10606,1,1
10607,1,1
10608,1,1
10609,2,2
10610,1,1
10611,1,1
10612,1,1
10613,2,1
10614,1,1
10615,1,1
10616,2,1
10617,1,1
10618,2,2
10619,1,2
10621,2,1
10622,1,1
10623,1,1
10624,2,1
10625,2,2
10626,2,1
10627,2,1
10628,1,1
10629,1,1
10630,1,1
10631,1,1
10632,1,1
10633,2,1
10634,1,1
10635,1,2
10636,1,1
10637,2,2
10638,1,1
10639,1,1
10640,1,1
10641,1,1
10642,1,1
10643,1,1
10644,1,1
10646,1,1
10647,2,2
10648,1,1
10649,1,1
10650,1,1
10651,1,1
10652,1,1
10653,1,1
10654,1,1
10655,1,1
10656,1,1
10657,2,2
10658,2,1
10659,1,2
10660,1,1
10661,2,2
10662,1,1
10663,1,2
10664,1,1
10665,1,1
10666,1,1
10667,2,2
10668,1,2
10669,1,1
10670,1,2
10671,1,1
10672,1,1
10673,2,2
10675,1,1
10677,1,1
10678,1,1
10679,1,1
10680,1,1
10681,1,1
10682,1,1
10683,1,1
10685,1,1
10686,1,1
10688,1,1
10689,1,1
10690,1,1
10691,2,1
10692,2,1
10693,2,1
10694,1,1
10695,1,1
10697,1,1
10698,1,1
10700,2,2
10701,1,1
10702,1,1
10703,1,1
10704,1,1
10705,1,1
10706,1,1
10707,1,2
10709,2,2
10710,1,1
10711,1,1
10713,1,1
10714,1,1
10715,1,1
10716,2,1
10717,1,1
10718,1,1
10719,2,1
10720,1,1
10721,2,1
10722,1,1
10723,1,1
10724,1,1
10725,2,2
10726,1,2
10727,2,2
10728,1,1
10729,2,1
10730,1,1
10731,1,1
10732,1,1
10733,2,1
10734,1,1
10735,1,1
10736,2,2
10737,2,2
10738,1,1
10739,1,1
10740,2,2
10741,1,1
10742,1,1
10743,1,1
10744,1,1
10745,1,1
10746,1,1
10747,1,1
10748,1,1
10749,1,2
10750,1,1
10751,1,1
10752,2,2
10753,1,1
10754,2,1
10755,1,1
10756,1,1
10757,2,2
10759,2,2
10760,1,1
10761,1,1
10762,1,2
10763,1,1
10764,1,1
10765,1,1
10766,1,1
10767,2,1
10768,2,1
10770,1,1
10771,2,2
10772,1,2
10774,1,1
10775,1,1
10776,2,1
10777,1,1
10778,1,1
10779,1,1
10780,1,1
10782,1,1
10783,1,1
10784,1,1
10785,1,1
10786,2,1
10787,1,1
10789,1,1
10790,2,1
10791,1,1
10792,2,2
10793,2,1
10794,1,1
10795,1,1
10796,1,1
10797,1,1
10798,1,2
10799,2,2
10800,1,1
10801,2,1
10802,1,1
10804,1,1
10805,1,1
10806,1,1
10807,1,1
10808,2,2
10809,1,1
10810,1,1
10812,1,1
10814,2,2
10815,2,1
10816,1,1
10817,1,1
10818,1,1
10819,1,1
10820,1,1
10822,2,1
10823,1,1
10824,1,1
10825,1,1
10826,1,1
10827,1,1
10828,1,1
10829,2,1
10830,1,1
10831,2,2
10832,1,1
10833,1,1
10834,2,1
10835,1,1
10838,1,1
10839,1,1
10840,1,1
10841,1,1
10842,2,1
10843,1,1
10844,1,1
10845,1,1
10847,1,1
10848,2,1
10849,2,2
10851,1,1
10852,1,1
10853,1,1
10854,1,1
10855,2,1
10857,1,2
10858,2,1
10859,1,1
10860,2,1
10861,1,1
10862,2,1
10863,1,1
10864,1,1
10865,1,1
10866,2,2
10867,1,1
10868,1,1
10869,1,1
10871,1,1
10872,1,1
10873,1,1
10874,1,1
10875,1,1
10876,1,2
10877,1,1
10878,1,1
10879,2,1
10881,1,1
10882,2,1
10883,1,1
10885,1,1
10886,1,1
10887,2,2
10888,1,1
10890,1,1
10891,2,2
10892,1,1
10893,1,1
10895,1,1
10896,2,2
10897,1,1
10898,1,1
10899,1,1
10900,1,1
10901,1,1
10902,1,2
10903,1,1
10904,1,1
10905,1,1
10906,2,2
10907,1,1
10908,1,1
10909,2,1
10912,2,1
10913,2,1
10914,1,1
10915,1,1
10916,1,1
10917,1,2
10918,1,1
10919,2,2
10920,2,2
10921,1,1
10922,1,1
10923,1,1
10924,1,1
10925,1,1
10926,1,1
10927,1,1
10928,1,1
10929,1,1
10930,1,1
10931,1,1
10932,1,1
10933,1,1
10934,1,1
10935,2,1
10937,2,2
10938,1,1
10939,1,1
10940,1,1
10941,1,1
10942,1,1
10944,1,1
10945,2,1
10946,1,1
10948,1,1
10949,1,1
10950,1,1
10952,1,2
10953,2,1
10954,1,1
10955,1,1
10956,1,1
10957,1,2
10958,2,2
10959,1,1
10960,2,1
10961,1,1
10962,2,1
10964,2,2
10965,2,1
10966,1,2
10967,1,1
10969,1,1
10970,1,1
10971,1,1
10972,1,1
10973,1,1
10974,1,1
10976,1,1
10977,1,1
10978,2,1
10979,1,2
10982,1,1
10983,2,1
10984,1,1
10985,1,1
10986,2,1
10987,1,1
10988,1,1
10989,2,2
10990,1,1
10991,1,1
10992,1,1
10993,1,1
10994,2,1
10995,1,1
10996,1,1
10997,1,1
10998,1,1
10999,2,2
11000,1,1
11001,1,1
11002,1,1
11003,2,1
11004,1,1
11005,1,1
11006,1,1
11007,2,2
11008,1,1
11009,1,1
11011,1,2
11012,1,1
11014,1,1
11015,2,1
11016,1,1
11018,1,1
11019,1,1
11020,1,1
11021,2,2
11022,1,1
11023,2,1
11024,1,1
11025,2,2
11026,2,2
11027,2,2
11028,1,1
11029,1,1
11030,1,1
11031,1,1
11032,1,1
11034,1,1
11036,1,1
11037,1,1
11038,1,1
11039,2,2
11040,2,2
11041,1,1
11042,1,1
11043,1,1
11044,2,2
11045,1,1
11046,1,1
11047,1,1
11048,1,1
11049,1,1
11050,1,1
11051,1,1
11052,1,1
11054,1,1
11055,1,1
11056,1,1
11057,1,1
11058,1,1
11059,1,2
11060,2,1
11061,1,1
11062,1,1
11063,1,1
11064,1,1
11066,2,1
11067,1,1
11068,1,1
11069,2,2
11070,2,1
11071,2,1
11072,1,1
11073,1,1
11074,2,1
11075,1,1
11077,2,2
11078,2,2
11080,2,2
11083,1,1
11084,1,1
11085,1,1
11086,1,1
11087,1,1
11088,1,1
11089,2,2
11090,2,1
11091,2,2
11092,2,2
11093,2,2
11094,1,1
11095,1,1
11097,1,1
11098,2,1
11099,1,1
11100,2,1
11101,1,1
11102,2,1
11104,1,1
11105,1,1
11106,1,1
11107,2,2
11108,1,1
11109,1,1
11110,2,1
11111,2,2
11112,1,1
11113,1,1
11114,1,1
11116,2,2
11117,1,1
11118,1,1
11119,1,1
11120,1,1
11121,2,1
11122,1,1
11123,1,1
11124,1,2
11126,2,1
11127,1,1
11130,1,1
11131,1,1
11132,1,1
11133,1,2
11135,1,1
11136,1,1
11137,1,1
11138,1,2
11139,1,1
11140,1,1
11141,1,1
11142,1,1
11143,1,1
11144,1,2
11145,1,1
11146,2,1
11147,2,1
11148,1,1
11149,2,1
11150,1,1
11151,1,1
11152,2,1
11153,2,2
11154,1,1
11155,2,1
11156,1,1
11157,2,1
11158,1,1
11159,1,1
11160,1,1
11161,1,1
11162,1,1
11163,1,1
11164,1,1
11165,1,1
11166,1,1
11167,1,1
11169,1,1
11170,2,1
11171,2,1
11172,1,1
11173,1,1
11174,1,1
11175,1,1
11176,2,1
11178,2,1
11179,1,1
11180,1,1
11181,1,1
11182,1,1
11183,2,1
11184,2,2
11185,2,2
11186,1,1
11187,1,1
11188,1,1
11189,2,1
11190,1,1
11191,2,2
11192,2,1
11194,1,1
11195,2,1
11196,1,1
11197,1,1
11198,1,1
11199,1,1
11200,2,1
11201,2,1
11202,1,1
11203,2,2
11205,2,1
11206,1,1
11207,1,1
11208,1,1
11209,1,1
11210,1,1
11211,2,1
11212,1,1
11213,1,1
11214,1,1
11215,2,1
11217,1,1
11218,1,1
11219,1,1
11220,1,1
11221,1,1
11223,1,1
11224,2,1
11225,1,1
11226,2,1
11227,1,1
11228,1,1
11229,1,1
11230,2,1
11231,1,1
11232,1,1
11233,1,2
11234,1,1
11236,1,1
11237,1,1
11238,2,1
11239,1,1
11240,2,1
11241,1,1
11242,1,1
11243,1,1
11244,1,1
11245,2,2
11246,2,1
11247,1,1
11249,1,1
11250,1,1
11251,1,1
11252,1,1
11253,1,1
11254,2,1
11255,1,1
11257,1,1
11258,1,1
11259,1,1
11261,1,1
11262,1,1
11263,1,1
11264,1,1
11265,1,1
11266,2,1
11267,1,1
11268,1,1
11269,1,1
11270,1,1
11271,1,1
11272,2,1
11273,1,1
11274,1,1
11275,2,1
11276,1,1
11278,1,1
11279,1,1
11280,1,1
11281,1,1
11282,1,1
11284,2,2
11285,1,1
11287,1,1
11288,1,1
11289,1,2
11290,2,1
11291,1,1
11292,2,1
11293,1,1
11294,1,1
11295,1,1
11296,1,1
11297,1,1
11298,1,1
11299,1,1
11300,1,1
11301,2,1
11302,1,1
11303,1,1
11304,1,1
11305,1,1
11306,1,1
11307,1,1
11308,1,1
11309,2,1
11310,1,1
11311,1,1
11313,1,1
11314,2,2
11315,1,2
11317,1,1
11318,1,1
11319,1,1
11320,1,1
11321,1,1
11322,1,1
11323,1,1
11324,1,1
11325,2,1
11326,1,1
11327,2,2
11328,1,1
11329,2,1
11330,2,1
11331,1,1
11334,2,2
11335,2,2
11336,1,1
11337,1,1
11338,1,1
11339,1,1
11341,1,1
11344,1,1
11345,2,1
11346,1,1
11347,1,1
11348,1,1
11349,1,1
11350,1,1
11351,1,1
11352,2,1
11353,1,1
11354,1,1
11355,1,1
11356,1,1
11357,1,1
11358,1,1
11359,2,2
11360,1,1
11362,2,1
11363,1,1
11364,1,1
11366,1,1
11367,1,1
11368,1,1
11369,1,1
11371,1,1
11372,1,1
11374,1,1
11375,1,1
11376,1,1
11377,1,1
11378,1,1
11379,1,1
11380,1,1
11381,1,2
11382,1,1
11383,1,1
11384,2,1
11385,1,1
11386,1,1
11387,1,2
11388,1,1
11389,1,1
11390,1,1
11391,1,1
11393,1,1
11394,2,1
11395,1,1
11396,1,1
11397,1,1
11398,2,1
11399,1,1
11400,1,1
11402,1,1
11403,1,1
11404,2,2
11405,1,1
11406,1,1
11407,1,1
11408,2,2
11409,2,2
11410,2,2
11411,1,1
11412,1,1
11413,1,1
11414,1,1
11415,1,1
11416,2,1
11417,1,1
11418,1,1
11419,2,2
11420,1,1
11421,1,1
11422,1,1
11423,1,1
11424,1,1
11425,1,1
11426,2,2
11427,1,1
11428,2,1
11429,1,1
11430,1,1
11431,1,1
11432,1,1
11433,1,1
11434,2,1
11435,2,1
11437,1,1
11438,1,1
11439,1,1
11440,1,1
11441,1,1
11442,1,1
11443,1,1
11444,1,1
11445,1,1
11447,1,1
11448,1,1
11450,2,2
11451,1,1
11452,1,1
11453,2,1
11454,1,1
11455,1,1
11456,2,1
11457,1,1
11458,1,1
11459,1,1
11460,1,1
11461,1,1
11462,1,1
11463,1,1
11464,1,1
11465,2,1
11467,2,1
11468,2,1
11469,2,1
11470,2,2
11471,1,1
11472,2,2
11473,1,1
11474,1,1
11475,1,1
11476,1,2
11477,1,1
11478,1,1
11479,1,1
11480,1,1
11481,1,1
11483,2,1
11485,2,1
11486,1,1
11487,1,1
11488,1,1
11489,1,1
11490,1,1
11491,1,1
11492,1,1
11493,1,1
11494,2,1
11495,1,1
11496,1,1
11497,1,1
11498,1,2
11499,1,1
11501,1,2
11502,1,1
11506,1,1
11508,1,1
11509,1,1
11510,1,1
11511,1,1
11512,1,1
11513,2,2
11514,2,2
11515,1,1
11516,1,1
11517,1,1
11518,1,1
11521,2,2
11522,1,1
11523,1,1
11524,1,1
11525,2,1
11526,1,1
11528,1,1
11529,1,1
11530,2,2
11532,1,2
11533,1,1
11536,1,1
11537,2,1
11538,2,2
11539,2,1
11540,1,1
11541,2,2
11542,1,1
11543,1,1
11544,1,1
11546,1,1
11547,1,1
11548,1,2
11549,1,1
11550,1,1
11551,1,1
11552,1,1
11553,1,1
11554,2,2
11555,2,1
11556,1,1
11557,1,1
11558,1,1
11559,1,1
11560,1,1
11561,2,2
11562,2,2
11563,1,1
11564,1,1
11565,1,2
11566,1,1
11567,1,1
11568,1,1
11570,1,1
11571,1,1
11572,1,1
11573,1,1
11574,1,1
11575,1,1
11576,2,2
11577,2,1
11578,2,1
11579,1,1
11580,1,1
11581,1,1
11582,2,1
11583,1,1
11584,2,1
11585,1,1
11586,1,1
11587,2,1
11588,1,1
11589,1,1
11590,1,1
11591,1,1
11592,1,1
11593,2,2
11594,1,1
11595,1,1
11596,2,2
11597,2,2
11599,1,1
11600,2,2
11601,1,1
11602,1,1
11603,1,1
11604,2,1
11605,1,1
11606,2,2
11607,1,1
11608,1,1
11609,1,1
11610,2,1
11611,1,1
11612,2,1
11613,2,1
11614,1,1
11615,2,2
11616,2,2
11617,2,1
11618,1,1
11619,2,1
11620,1,2
11621,1,1
11622,1,1
11623,1,1
11624,1,2
11625,1,1
11626,1,1
11627,1,1
11628,1,2
11629,1,1
11630,1,1
11631,1,1
11632,1,1
11633,1,1
11635,1,1
11636,1,1
11637,1,1
11638,2,1
11639,2,1
11640,1,2
11641,1,1
11642,1,1
11643,1,1
11644,1,1
11645,1,1
11646,1,1
11647,1,1
11648,1,1
11649,1,1
11650,1,1
11652,2,2
11653,1,1
11654,1,1
11655,1,1
11656,1,1
11657,2,1
11658,1,1
11659,1,1
11660,2,2
11661,1,1
11662,1,1
11663,1,1
11664,1,1
11665,1,1
11666,1,1
11667,1,1
11668,1,1
11669,1,1
11670,1,2
11671,1,1
11672,1,1
11673,1,1
11674,2,2
11675,1,1
11676,1,1
11677,1,2
11679,1,1
11680,2,2
11681,1,1
11682,1,1
11683,1,1
11684,1,1
11685,2,1
11687,2,2
11688,1,1
11689,1,1
11690,1,1
11691,1,1
11692,1,1
11693,1,1
11694,1,2
11695,1,1
11696,1,1
11697,1,1
11698,1,1
11699,1,1
11700,1,1
11701,2,1
11702,1,1
11703,2,1
11704,1,1
11705,1,1
11706,2,1
11707,1,1
11708,1,1
11709,1,1
11710,2,2
11711,1,1
11712,2,1
11713,1,1
11714,1,1
11716,1,1
11717,2,2
11718,2,2
11720,1,1
11721,1,1
11722,1,1
11723,2,1
11725,2,1
11726,2,2
11727,1,1
11728,1,1
11729,1,1
11730,1,1
11731,1,1
11732,1,1
11733,1,1
11734,1,1
11735,1,1
11736,1,1
11737,1,1
11738,1,1
11739,1,1
11740,1,1
11741,2,2
11742,1,1
11743,1,1
11744,2,2
11745,1,1
11746,1,1
11747,2,2
11748,1,1
11749,1,1
11750,1,1
11751,1,1
11752,2,1
11753,2,2
11754,2,2
11755,1,1
11756,1,1
11757,1,1
11758,2,2
11759,1,1
11760,2,2
11761,2,2
11762,1,1
11763,1,1
11764,2,2
11765,1,1
11766,1,1
11767,1,1
11768,1,1
11769,1,1
11770,1,1
11771,1,1
11772,1,1
11773,1,1
11774,1,1
11776,1,1
11777,2,2
11778,1,1
11779,1,1
11780,2,2
11781,2,2
11784,2,2
11785,2,1
11786,1,1
11787,1,1
11788,1,1
11789,1,1
11790,1,1
11791,1,1
11792,1,1
11793,1,1
11794,1,1
11795,1,1
11796,1,1
11797,2,1
11799,2,1
11800,2,1
11801,1,1
11802,1,1
11803,1,1
11804,1,1
11805,1,1
11806,1,1
11807,2,1
11808,1,1
11809,2,1
11810,1,1
11811,1,1
11812,1,1
11813,1,1
11814,2,2
11815,2,1
11816,1,1
11817,1,1
11818,1,1
11819,1,1
11820,1,1
11822,1,1
11824,2,1
11825,1,1
11826,2,1
11827,1,1
11828,1,1
11831,2,1
11832,1,1
11833,1,1
11834,1,1
11835,1,1
11836,2,2
11837,1,1
11838,1,1
11839,2,1
11840,1,1
11841,2,2
11842,2,2
11843,1,1
11845,1,1
11846,1,1
11847,2,1
11848,1,2
11849,1,1
11850,2,2
11851,1,1
11852,2,2
11853,2,1
11854,1,2
11855,1,1
11856,2,1
11857,2,1
11859,1,1
11860,1,1
11861,1,1
11862,1,1
11863,1,1
11864,1,1
11865,1,1
11866,2,1
11867,1,1
11868,1,1
11869,1,1
11870,2,1
11871,1,1
11872,1,1
11874,1,1
11875,1,1
11876,1,1
11878,2,1
11879,1,1
11880,1,1
11882,1,1
11884,2,1
11885,1,1
11886,1,1
11887,1,1
11888,1,1
11889,1,1
11890,2,1
11891,1,1
11892,1,1
11893,1,1
11894,1,1
11895,1,1
11896,2,1
11897,2,1
11898,1,1
11899,1,2
11900,1,1
11901,1,1
11902,1,1
11903,1,1
11904,2,2
11905,1,1
11906,2,1
11907,1,1
11908,1,1
11909,2,1
11910,1,1
11911,1,1
11912,1,1
11913,1,1
11914,1,1
11915,1,2
11916,2,1
11917,1,1
11918,2,1
11919,2,2
11920,2,2
11921,2,1
11922,1,1
11923,1,1
11924,1,1
11925,1,1
11926,1,1
11927,1,1
11929,2,2
11930,2,1
11931,2,1
11932,1,1
11933,1,2
11934,1,1
11935,1,1
11936,1,1
11937,1,1
11939,1,1
11940,1,1
11942,1,1
11943,2,2
11944,1,1
11945,1,1
11946,1,1
11947,1,1
11948,1,1
11949,1,1
11950,1,1
11951,1,1
11952,2,1
11953,1,1
11954,1,1
11955,2,2
11956,1,1
11957,2,1
11958,1,1
11959,1,1
11961,2,1
11962,2,2
11963,1,1
11964,2,2
11965,1,1
11967,1,1
11968,1,1
11969,2,1
11970,1,1
11971,1,1
11972,1,1
11973,1,1
11974,2,1
11975,2,2
11976,2,2
11978,1,1
11979,2,1
11980,1,1
11981,2,2
11983,1,1
11984,2,1
11985,2,2
11986,1,1
11987,1,1
11988,1,1
11989,1,1
11990,2,1
11992,1,1
11993,1,2
11994,1,1
11995,1,1
11996,1,1
11997,1,1
11998,1,1
11999,2,2
12000,1,1
12001,1,1
12002,1,1
12003,1,1
12004,2,1
12005,2,2
12006,1,1
12007,1,2
12008,1,1
12010,1,1
12011,1,1
12012,2,1
12013,1,1
12014,1,1
12015,2,2
12016,2,1
12017,1,1
12019,1,1
12020,1,1
12021,2,2
12022,2,2
12023,1,1
12025,1,1
12026,2,1
12027,1,1
12028,1,1
12029,1,1
12031,2,2
12032,1,1
12033,1,1
12034,1,1
12035,1,1
12036,1,1
12037,1,1
12038,1,1
12039,1,1
12040,1,1
12041,1,1
12042,1,1
12043,1,1
12044,2,2
12045,1,1
12046,1,1
12047,1,1
12048,1,1
12049,2,2
12050,1,1
12051,1,1
12052,1,1
12053,1,1
12054,1,1
12055,1,1
12056,1,1
12057,1,1
12059,1,1
12060,2,1
12061,1,1
12062,2,2
12063,1,1
12064,1,1
12065,1,1
12066,2,1
12068,1,1
12069,1,1
12070,1,1
12071,1,1
12072,1,1
12073,1,1
12074,1,2
12075,1,1
12076,1,1
12077,1,1
12078,1,1
12079,1,1
12080,1,1
12081,1,1
12082,1,1
12083,2,1
12084,1,1
12086,2,1
12087,1,1
12088,1,1
12089,1,1
12090,1,1
12091,1,1
12092,2,1
12093,2,1
12094,1,1
12095,1,1
12096,1,1
12097,1,1
12098,1,1
12099,2,1
12100,1,1
12101,1,1
12102,1,1
12103,1,1
12104,1,1
12105,1,1
12106,1,1
12107,1,1
12108,1,2
12109,2,2
12111,1,1
12112,1,1
12115,1,1
12116,1,1
12117,1,1
12118,1,1
12119,1,1
12120,2,1
12121,1,1
12123,1,1
12124,1,1
12126,1,1
12127,1,1
12128,1,1
12129,1,1
12132,1,1
12133,2,1
12135,1,1
12136,1,1
12137,1,1
12138,1,1
12139,2,2
12140,1,1
12141,2,2
12142,1,1
12143,2,1
12144,1,1
12145,1,1
12146,1,2
12147,1,1
12148,2,1
12149,1,1
12150,1,1
12151,1,1
12152,2,2
12153,1,1
12154,1,1
12155,1,1
12156,1,1
12157,2,2
12158,1,1
12159,1,2
12160,1,1
12161,1,1
12162,2,1
12163,2,1
12164,1,1
12165,2,1
12166,1,1
12167,1,1
12169,1,1
12170,1,1
12171,1,1
12172,1,1
12173,2,1
12174,2,2
12176,1,1
12177,1,1
12178,1,1
12180,1,1
12181,1,1
12182,1,1
12184,1,1
12185,1,1
12186,2,1
12187,1,1
12188,2,1
12189,1,2
12192,2,1
12193,1,1
12194,2,1
12195,1,1
12196,1,1
12197,1,1
12199,1,1
12200,1,1
12201,2,1
12202,2,2
12203,1,1
12204,2,1
12205,2,1
12206,1,1
12207,2,2
12208,2,1
12209,1,1
12210,2,1
12211,1,1
12212,2,1
12213,1,1
12214,1,1
12215,2,1
12216,2,2
12217,1,1
12218,1,1
12219,1,1
12220,2,1
12221,1,1
12222,1,1
12223,1,1
12224,2,2
12225,1,1
12226,1,1
12228,1,1
12229,1,1
12230,1,1
12231,2,1
12232,2,2
12233,1,1
12234,1,1
12236,1,1
12237,1,1
12238,1,1
12239,1,1
12240,1,1
12241,2,1
12242,1,1
12243,1,1
12244,1,1
12245,1,1
12247,1,1
12248,2,2
12249,1,1
12250,1,1
12251,2,2
12252,1,2
12254,1,1
12255,2,2
12256,1,1
12257,1,1
12258,2,1
12259,1,1
12260,1,1
12261,2,2
12262,2,1
12263,1,1
12264,1,1
12265,1,1
12266,2,2
12267,2,1
12268,1,1
12269,1,1
12270,1,1
12271,1,1
12272,1,1
12273,1,1
12274,1,1
12275,1,1
12277,1,1
12278,1,1
12280,1,1
12281,1,1
12282,1,1
12283,1,1
12284,1,1
12285,1,1
12286,2,2
12287,1,1
12288,2,2
12289,1,1
12290,1,1
12295,1,1
12296,1,1
12297,1,1
12299,2,1
12300,2,1
12301,2,2
12302,1,1
12303,2,1
12304,2,1
12305,1,1
12306,1,1
12307,1,1
12308,1,1
12309,1,1
12311,2,1
12312,1,1
12313,1,1
12314,2,1
12315,1,1
12317,2,2
12318,1,1
12319,1,2
12320,2,1
12321,1,1
12322,2,1
12323,1,2
12324,2,1
12325,1,1
12326,2,1
12327,1,1
12328,1,1
12329,1,1
12330,1,1
12332,1,1
12333,1,1
12334,1,1
12335,1,1
12336,1,1
12337,2,2
12338,2,2
12339,1,1
12340,1,1
12341,1,1
12342,1,1
12343,1,1
12344,1,1
12345,1,1
12346,1,1
12348,2,2
12349,1,1
12350,1,1
12351,1,1
12352,1,1
12353,1,1
12354,2,2
12355,2,2
12356,1,1
12358,1,1
12359,1,1
12360,1,1
12361,1,1
12362,1,1
12363,2,1
12364,1,1
12365,1,1
12368,1,1
12369,1,1
12370,1,1
12371,1,1
12372,1,1
12373,1,1
12374,1,1
12375,1,1
12376,2,2
12377,1,1
12379,1,1
12380,1,1
12381,2,2
12382,1,1
12383,2,2
12384,1,1
12385,2,2
12386,1,1
12387,1,1
12388,1,1
12389,1,1
12390,1,1
12391,1,1
12392,1,1
12393,1,2
12394,2,2
12395,1,1
12396,1,1
12397,1,1
12398,1,1
12399,1,1
12401,1,1
12402,1,1
12403,1,1
12404,1,1
12405,1,1
12406,1,1
12407,1,1
12408,1,1
12409,1,1
12410,1,1
12411,1,1
12412,2,1
12413,1,1
12414,1,1
12415,1,1
12416,2,1
12417,1,1
12418,1,1
12419,1,1
12420,1,1
12421,1,1
12422,1,1
12423,1,1
12424,1,1
12425,1,1
12427,1,1
12428,1,1
12429,2,2
12430,1,1
12431,1,1
12432,1,1
12433,2,2
12434,1,1
12436,1,1
12437,1,1
12438,1,1
12439,1,2
12440,1,2
12441,1,1
12442,2,1
12444,1,1
12445,2,2
12446,2,2
12447,1,1
12448,2,2
12449,1,1
12450,2,1
12451,1,1
12452,2,2
12453,1,1
12454,1,1
12455,1,1
12456,1,1
12457,1,1
12458,1,1
12459,1,1
12460,2,1
12461,2,1
12462,1,2
12463,2,1
12464,1,1
12465,1,1
12466,1,1
12467,2,1
12468,2,2
12469,1,1
12470,1,2
12471,1,1
12472,1,1
12473,1,1
12474,1,1
12475,1,1
12476,1,1
12478,1,1
12480,1,1
12481,1,1
12482,1,1
12483,1,1
12484,1,1
12485,1,1
12486,2,1
12487,1,1
12488,2,1
12490,1,1
12491,1,1
12492,1,1
12493,2,2
12494,1,1
12495,1,1
12496,1,1
12499,1,1
12501,1,1
12502,1,1
12503,2,1
12504,2,1
12505,1,1
12506,2,1
12507,1,1
12508,2,2
12510,1,1
12511,1,1
12512,1,1
12513,1,2
12514,1,1
12515,1,1
12516,1,1
12517,1,1
12518,1,2
12519,2,1
12520,1,1
12521,1,1
12522,2,2
12524,1,1
12525,2,1
12526,2,1
12527,1,1
12529,1,1
12530,2,1
12531,2,1
12532,1,1
12533,2,1
12534,1,1
12535,1,1
12537,1,1
12538,1,1
12539,2,1
12540,2,1
12541,1,1
12542,1,1
12543,1,2
12544,1,1
12545,1,1
12546,2,2
12547,2,2
12549,1,1
12550,1,1
12551,1,1
12552,1,1
12553,1,1
12554,1,2
12555,2,2
12556,2,2
12557,1,1
12558,1,1
12559,1,1
12560,2,2
12561,1,1
12562,1,1
12563,1,2
12564,2,1
12565,2,1
12566,2,1
12567,2,1
12568,2,2
12569,1,1
12570,1,1
12571,1,1
12572,1,1
12573,2,2
12574,1,1
12575,2,2
12576,1,1
12577,1,1
12579,1,1
12581,1,1
12582,1,1
12583,1,1
12584,2,2
12585,1,1
12586,1,1
12587,1,1
12588,1,1
12589,1,1
12590,1,1
12591,2,2
12592,1,1
12593,1,1
12594,1,1
12595,2,1
12596,1,1
12597,2,2
12598,1,1
12599,2,2
12600,2,1
12601,1,2
12603,1,1
12604,2,2
12605,2,2
12606,2,2
12607,1,1
12608,1,1
12609,1,1
12610,1,1
12611,1,1
12612,1,1
12613,1,1
12616,1,1
12617,1,2
12618,1,1
12619,1,1
12620,2,2
12621,1,1
12622,2,2
12623,1,1
12624,2,1
12625,1,2
12626,1,1
12627,1,1
12628,1,1
12629,1,1
12630,1,1
12631,1,1
12632,1,1
12633,1,1
12634,1,1
12635,1,1
12636,1,1
12637,1,1
12638,1,1
12639,1,1
12640,1,1
12641,1,1
12643,1,1
12644,1,1
12645,1,1
12646,1,1
12647,1,2
12649,1,1
12650,2,1
12651,1,1
12652,1,1
12653,1,1
12654,1,1
12655,2,1
12656,1,1
12657,1,1
12658,1,1
12660,1,1
12661,1,1
12662,1,1
12663,1,1
12666,1,2
12667,1,1
12668,2,2
12669,1,1
12670,1,1
12671,1,1
12672,1,1
12673,1,1
12674,1,1
12675,1,1
12676,1,1
12678,1,1
12679,2,1
12680,2,1
12681,1,1
12682,1,1
12683,1,1
12684,1,1
12686,1,1
12687,1,1
12688,2,1
12689,2,1
12690,1,1
12691,1,1
12693,2,1
12694,1,2
12695,1,1
12696,1,1
12697,1,1
12698,1,1
12699,1,1
12700,1,1
12701,1,1
12702,1,1
12703,1,1
12704,2,2
12706,1,1
12707,1,1
12708,1,1
12709,2,1
12710,1,1
12711,2,1
12712,2,2
12713,1,1
12714,2,2
12715,2,1
12716,1,1
12717,1,1
12718,1,1
12720,1,1
12721,2,1
12723,2,2
12724,1,1
12725,2,2
12726,1,1
12727,1,1
12728,1,1
12729,1,1
12730,2,2
12731,1,1
12732,2,2
12733,1,1
12734,1,1
12735,1,1
12736,1,1
12737,2,1
12738,1,1
12739,2,1
12740,1,1
12741,2,1
12742,1,1
12743,1,1
12744,1,1
12745,2,1
12746,2,1
12747,1,1
12748,1,1
12749,1,1
12751,2,2
12752,1,1
12753,1,1
12755,1,1
12756,2,1
12757,1,1
12758,2,2
12759,1,1
12760,1,1
12761,1,1
12763,1,1
12764,1,1
12765,1,1
12766,1,1
12767,1,1
12768,1,1
12770,2,2
12771,1,1
12772,1,1
12773,1,1
12774,1,1
12775,1,1
12776,1,1
12777,1,1
12778,1,1
12779,2,1
12780,1,1
12782,1,2
12783,1,1
12784,1,1
12785,1,1
12786,1,1
12787,1,1
12788,1,1
12789,1,1
12790,2,1
12791,1,1
12792,1,1
12793,2,2
12794,1,1
12795,1,1
12796,1,1
12797,1,2
12798,1,1
12799,1,1
12800,2,2
12801,1,1
12802,1,1
12803,1,1
12804,2,1
12805,1,1
12806,1,1
12807,1,1
12808,1,1
12809,2,1
12810,1,1
12811,1,1
12812,1,1
12813,1,1
12815,1,1
12816,1,1
12817,2,1
12818,2,1
12819,2,1
12820,1,1
12821,1,1
12822,1,1
12823,1,1
12825,1,1
12826,1,1
12827,2,1
12828,1,1
12829,1,1
12830,1,1
12831,2,1
12832,2,1
12833,1,1
12834,1,1
12835,1,1
12836,1,1
12837,2,2
12838,1,1
12839,2,1
12840,1,1
12841,1,1
12844,1,1
12845,1,1
12846,1,1
12847,2,1
12848,1,1
12849,1,1
12850,1,1
12851,1,1
12852,1,1
12853,1,1
12854,1,2
12855,1,2
12856,1,1
12857,1,1
12858,1,1
12859,1,1
12860,1,1
12861,1,1
12862,1,2
12863,1,1
12864,1,1
12865,1,1
12866,1,1
12867,2,2
12868,1,1
12869,1,1
12870,1,1
12871,1,1
12872,2,1
12873,1,1
12874,2,2
12875,2,2
12876,2,2
12877,1,1
12878,2,1
12879,2,1
12880,1,1
12881,1,1
12882,2,2
12883,1,1
12884,1,1
12885,1,1
12887,1,1
12888,1,1
12889,2,1
12890,1,1
12891,1,1
12892,1,1
12894,1,1
12895,2,2
12896,1,1
12897,1,1
12898,2,1
12899,2,1
12900,1,1
12901,1,1
12903,2,2
12904,2,1
12905,1,1
12906,2,2
12907,1,1
12908,1,1
12909,2,1
12910,1,1
12911,1,1
12912,1,2
12913,1,1
12914,1,1
12915,1,1
12916,1,1
12917,1,1
12918,2,1
12919,1,1
12920,2,1
12921,1,1
12922,1,1
12923,1,1
12924,2,1
12925,1,1
12926,1,1
12927,1,1
12929,1,1
12930,1,1
12931,2,1
12932,1,1
12933,2,2
12934,1,1
12935,1,1
12936,1,1
12937,2,2
12938,1,1
12939,2,1
12940,1,1
12942,1,1
12943,1,2
12944,1,1
12945,2,2
12946,1,1
12947,1,1
12948,2,2
12949,1,1
12950,1,1
12951,1,1
12952,2,1
12953,1,1
12954,1,1
12955,1,1
12956,1,1
12957,1,1
12958,1,1
12959,1,1
12960,1,1
12961,2,2
12962,2,1
12963,1,1
12964,2,2
12966,1,1
12967,1,1
12968,1,1
12969,1,1
12970,2,2
12971,1,1
12972,1,1
12973,2,1
12974,1,1
12975,1,1
12976,1,1
12977,1,1
12978,2,2
12979,2,2
12980,2,1
12981,1,1
12982,2,2
12983,1,1
12984,1,1
12985,1,1
12989,1,1
12990,1,1
12991,1,1
12992,1,1
12993,1,1
12994,1,1
12995,1,1
12996,1,1
12998,2,2
12999,1,2
13000,1,2
13001,1,1
13002,1,1
13003,1,1
13004,1,1
13005,2,2
13006,1,1
13007,1,1
13008,1,1
13009,2,1
13010,2,2
13011,1,1
13012,1,1
13013,1,1
13014,1,1
13015,2,2
13016,1,1
13017,1,1
13018,1,1
13019,1,1
13020,1,1
13021,1,1
13022,1,1
13023,1,1
13024,1,1
13025,1,1
13026,2,1
13027,1,1
13028,1,1
13029,1,1
13030,1,1
13031,1,1
13032,1,1
13033,2,2
13034,1,1
13035,1,1
13037,1,1
13038,2,1
13039,2,1
13040,2,1
13041,1,1
13042,2,1
13043,1,1
13044,1,1
13045,1,1
13046,1,1
13047,2,1
13048,1,1
13049,1,1
13050,1,1
13051,1,1
13052,1,1
13053,1,1
13054,1,1
13055,1,1
13056,2,1
13057,1,1
13058,1,1
13059,1,1
13060,1,1
13061,1,1
13062,1,1
13063,1,1
13064,2,1
13066,1,1
13067,1,1
13068,1,1
13069,1,1
13070,2,2
13071,1,1
13072,1,1
13073,2,1
13074,1,2
13075,1,1
13076,1,1
13077,1,1
13078,1,1
13079,1,1
13080,1,1
13081,1,1
13082,1,1
13083,1,1
13084,1,1
13085,1,1
13086,1,1
13087,1,1
13088,1,1
13089,1,1
13090,1,1
13092,2,2
13093,2,1
13094,1,1
13095,1,2
13096,1,2
13097,1,1
13098,1,1
13099,1,2
13100,1,1
13101,1,1
13103,1,1
13104,1,1
13105,1,1
13106,1,1
13107,2,1
13111,1,2
13112,2,2
13113,1,1
13114,2,2
13115,1,1
13116,2,2
13117,1,1
13118,1,1
13119,1,1
13120,2,2
13121,2,2
13122,1,1
13123,2,2
13124,1,1
13125,2,1
13126,1,1
13127,1,1
13128,2,2
13129,1,1
13130,2,2
13131,1,1
13132,2,2
13133,1,1
13134,1,1
13135,1,1
13136,1,1
13137,1,1
13138,1,1
13139,1,1
13140,1,1
13141,1,1
13143,1,1
13144,1,1
13146,1,2
13147,1,1
13149,1,1
13150,1,1
13151,1,1
13152,1,1
13153,1,1
13154,1,1
13155,1,1
13156,1,1
13157,1,1
13158,1,1
13159,1,1
13161,1,1
13162,1,2
13163,2,2
13165,1,1
13166,2,2
13167,1,1
13168,1,1
13169,1,1
13170,2,1
13172,1,1
13173,1,1
13174,1,1
13175,1,1
13177,1,1
13178,1,2
13179,1,1
13180,1,1
13181,1,1
13182,1,1
13183,1,1
13184,1,1
13185,2,1
13186,2,2
13187,2,1
13188,1,1
13189,2,2
13190,1,1
13191,1,1
13192,1,2
13194,2,1
13195,1,1
13197,2,1
13199,2,1
13200,2,2
13201,2,1
13202,2,2
13203,1,1
13204,2,2
13205,1,1
13206,2,2
13207,2,2
13209,2,2
13211,1,1
13213,1,1
13215,1,1
13216,1,1
13217,1,1
13218,1,1
13219,1,1
13220,2,1
13221,1,1
13223,1,1
13224,1,1
13225,1,1
13227,1,1
13229,2,1
13230,1,1
13231,1,1
13232,1,1
13233,2,2
13234,1,1
13235,1,1
13236,2,1
13238,2,1
13239,1,1
13240,1,1
13241,2,2
13242,1,1
13243,1,1
13244,1,1
13246,1,1
13247,1,1
13248,1,1
13249,2,1
13250,1,1
13251,1,1
13252,2,2
13254,1,1
13255,1,1
13256,1,1
13257,1,1
13258,1,1
13259,1,1
13262,2,1
13263,1,1
13264,1,1
13265,2,1
13266,1,1
13267,2,1
13268,1,1
13269,1,2
13270,2,2
13273,1,2
13274,2,1
13275,1,1
13276,1,1
13277,1,1
13278,1,1
13281,1,1
13282,1,2
13283,2,1
13284,1,1
13285,1,1
13286,1,1
13287,2,2
13288,1,1
13290,1,2
13291,1,2
13292,2,1
13293,1,2
13294,1,1
13295,1,1
13296,1,1
13297,1,1
13298,1,1
13299,2,1
13300,1,1
13301,2,1
13302,1,1
13303,2,1
13304,2,2
13305,1,1
13306,1,1
13308,2,1
13309,1,1
13310,2,2
13312,1,1
13314,1,1
13316,1,1
13317,2,1
13318,1,1
13319,1,1
13320,1,1
13321,1,1
13322,1,1
13323,1,1
13324,1,1
13326,1,1
13328,1,1
13329,2,1
13330,1,1
13331,2,1
13332,1,1
13333,1,1
13334,1,1
13336,1,1
13338,2,1
13339,1,1
13340,1,2
13341,1,1
13342,1,2
13343,2,2
13344,1,1
13345,2,1
13346,2,1
13347,1,1
13348,2,1
13349,1,1
13351,2,1
13352,2,1
13353,2,1
13354,1,1
13355,1,1
13356,1,1
13357,2,1
13358,1,1
13359,2,1
13360,1,1
13362,1,1
13364,1,1
13365,1,1
13366,2,1
13367,1,1
13368,1,1
13369,1,1
13370,2,1
13371,1,1
13372,1,1
13373,1,1
13374,1,1
13376,1,1
13377,2,1
13378,1,1
13379,1,1
13381,1,1
13382,1,1
13383,1,2
13384,2,2
13385,2,2
13386,1,1
13387,1,1
13388,1,1
13390,2,2
13391,1,1
13392,1,1
13393,1,1
13394,2,1
13395,2,1
13397,1,1
13399,1,1
13400,1,1
13401,1,1
13402,1,1
13403,1,1
13404,1,1
13405,1,1
13406,2,2
13407,1,1
13408,1,1
13409,1,1
13410,2,1
13411,1,1
13412,1,1
13413,1,1
13415,1,1
13416,2,1
13417,1,1
13418,1,1
13419,2,2
13420,1,1
13422,2,2
13423,1,1
13424,1,1
13425,1,1
13426,2,1
13427,2,2
13428,1,1
13429,1,1
13430,1,1
13431,1,1
13433,1,1
13435,1,1
13436,1,1
13437,1,1
13438,1,1
13439,1,1
13440,1,1
13442,1,1
13443,1,2
13444,2,1
13445,1,1
13446,1,1
13448,2,1
13449,1,1
13450,1,1
13452,1,1
13453,1,1
13454,1,1
13455,2,2
13457,2,1
13459,1,1
13460,2,2
13462,1,1
13463,2,2
13464,1,1
13465,1,1
13466,2,2
13467,1,1
13469,1,1
13470,1,1
13471,1,1
13472,1,1
13473,1,1
13474,1,1
13475,1,1
13476,1,1
13477,1,1
13478,2,1
13479,2,1
13481,1,1
13482,1,1
13483,2,2
13484,1,1
13485,1,1
13486,1,1
13487,1,1
13488,1,1
13489,1,1
13491,1,1
13492,1,1
13493,1,1
13494,1,1
13495,1,2
13496,1,1
13497,1,1
13498,2,2
13499,2,2
13500,1,1
13501,2,2
13502,2,1
13503,1,1
13505,2,1
13507,1,1
13509,1,1
13512,1,1
13514,2,2
13515,1,1
13516,2,1
13517,1,1
13518,1,1
13519,1,1
13520,1,1
13521,2,1
13522,1,1
13524,1,1
13525,1,1
13526,1,1
13527,2,1
13528,2,2
13529,2,1
13530,1,1
13531,1,1
13532,1,1
13533,1,2
13534,2,1
13535,2,1
13536,1,1
13537,1,1
13538,1,1
13539,1,2
13540,1,1
13542,1,1
13543,2,1
13544,1,1
13545,1,1
13546,1,1
13547,2,2
13548,1,1
13549,1,2
13550,1,1
13551,2,2
13552,1,1
13553,1,1
13554,2,1
13555,2,1
13556,1,1
13557,1,2
13558,2,2
13559,1,1
13560,1,1
13561,2,2
13562,1,1
13563,1,1
13564,1,1
13565,1,2
13566,1,1
13567,1,1
13568,1,1
13569,1,1
13570,1,1
13572,1,1
13573,1,1
13574,1,1
13575,1,1
13576,1,1
13577,2,2
13578,1,1
13579,1,1
13580,1,1
13581,1,1
13582,1,1
13583,1,1
13584,1,1
13585,1,1
13586,1,1
13587,1,1
13588,1,1
13589,1,1
13590,2,2
13591,1,1
13592,1,1
13593,2,2
13594,2,1
13595,1,1
13596,1,1
13597,1,2
13598,2,1
13599,2,2
13600,1,1
13601,1,1
13602,1,1
13603,1,1
13604,1,1
13605,1,1
13606,1,1
13607,1,1
13608,1,1
13609,1,1
13610,2,1
13611,1,1
13612,1,1
13613,1,1
13614,1,1
13615,1,1
13616,2,1
13617,1,1
13618,1,1
13619,1,1
13620,1,1
13622,1,2
13623,1,1
13624,1,1
13625,2,2
13626,1,1
13627,1,1
13628,1,1
13629,1,1
13630,1,1
13631,2,2
13632,1,1
13633,1,1
13634,1,1
13635,1,1
13636,1,1
13637,1,1
13638,1,1
13639,2,1
13640,1,1
13641,2,1
13642,1,1
13644,2,2
13645,2,1
13646,1,1
13648,1,1
13650,2,2
13651,2,2
13653,1,1
13654,2,2
13655,2,2
13656,1,1
13657,1,1
13658,1,1
13659,1,1
13660,2,2
13662,1,1
13663,1,1
13664,1,1
13665,1,2
13667,1,1
13668,1,1
13669,2,1
13670,1,1
13671,1,1
13672,1,1
13673,1,1
13674,2,1
13676,1,1
13677,1,1
13678,1,1
13679,1,1
13680,1,2
13681,1,1
13682,2,1
13683,1,1
13684,1,1
13685,1,1
13686,1,1
13687,1,1
13688,1,1
13689,1,1
13690,1,1
13691,2,2
13692,1,2
13693,1,1
13696,1,1
13697,1,1
13699,1,1
13700,1,1
13701,1,1
13702,1,1
13703,1,1
13704,1,1
13705,1,1
13706,1,1
13707,1,1
13708,1,1
13709,1,1
13710,2,1
13711,2,1
13712,1,1
13713,1,1
13714,2,1
13715,1,1
13716,1,1
13717,1,1
13718,1,1
13719,1,1
13720,1,1
13721,1,1
13722,2,2
13723,1,1
13725,1,1
13726,1,1
13727,1,1
13728,1,1
13729,1,1
13730,2,1
13731,1,1
13732,1,1
13733,2,1
13734,1,1
13735,1,1
13736,1,1
13737,1,1
13738,1,1
13739,1,1
13740,1,1
13741,1,1
13742,1,1
13743,1,1
13744,1,1
13745,1,1
13746,1,1
13747,1,2
13748,2,2
13749,1,1
13750,2,2
13751,1,1
13752,1,1
13753,1,1
13754,2,1
13755,1,1
13756,1,1
13757,1,1
13758,1,1
13759,1,1
13760,1,1
13761,1,1
13762,2,2
13763,1,1
13764,1,1
13765,1,1
13766,1,1
13767,1,1
13768,1,1
13769,2,1
13770,1,1
13771,1,1
13772,1,2
13773,1,1
13774,1,1
13775,1,1
13776,1,1
13777,2,2
13778,1,1
13779,2,2
13781,2,1
13782,2,2
13784,1,2
13785,1,2
13786,2,1
13787,2,2
13789,1,1
13790,1,2
13791,1,1
13792,1,1
13793,1,1
13794,2,1
13795,1,2
13796,1,1
13797,1,1
13798,1,1
13799,1,1
13800,1,1
13801,1,2
13802,1,1
13804,1,1
13805,1,1
13806,2,2
13807,1,1
13808,1,1
13809,1,1
13810,2,2
13811,1,1
13812,1,1
13813,2,2
13814,1,1
13815,1,1
13816,1,1
13817,1,1
13818,1,1
13819,1,1
13820,1,1
13821,1,1
13822,1,1
13823,1,1
13825,1,1
13826,1,1
13827,1,1
13828,1,1
13829,1,1
13830,2,1
13831,1,1
13832,1,1
13834,1,1
13835,1,1
13836,2,2
13837,1,1
13838,1,1
13839,1,1
13840,2,1
13841,2,1
13842,1,1
13843,1,1
13845,1,2
13847,1,1
13848,1,1
13849,1,1
13850,1,1
13851,1,1
13852,1,1
13853,1,1
13855,2,1
13856,1,1
13857,1,1
13858,2,2
13859,1,1
13860,1,1
13862,2,2
13863,1,2
13864,2,1
13865,1,1
13866,1,1
13867,1,1
13868,1,1
13869,1,1
13870,1,1
13871,1,1
13872,1,1
13873,1,1
13874,2,1
13875,1,1
13876,1,1
13877,1,1
13878,1,1
13879,1,1
13880,1,1
13881,2,1
13882,1,1
13883,1,1
13884,1,1
13885,1,1
13886,1,1
13887,1,1
13888,1,1
13889,1,1
13890,1,1
13891,2,1
13892,2,2
13893,1,1
13894,1,1
13896,2,1
13897,1,1
13898,1,1
13899,2,1
13900,1,1
13901,1,2
13902,1,1
13903,1,1
13905,2,1
13906,1,1
13907,1,1
13908,1,1
13909,1,1
13910,1,1
13911,1,1
13912,1,2
13913,1,1
13914,2,1
13915,1,1
13916,1,1
13917,1,1
13918,1,1
13919,1,1
13921,2,2
13922,2,1
13923,1,1
13924,2,2
13925,1,1
13926,1,1
13927,1,2
13928,1,1
13929,1,1
13930,1,1
13931,1,1
13932,1,1
13933,1,1
13934,1,1
13936,1,1
13937,1,1
13939,1,1
13940,1,1
13941,2,2
13942,1,1
13943,1,1
13944,2,1
13945,1,1
13946,2,1
13948,1,1
13949,2,1
13950,1,1
13951,2,1
13952,1,1
13953,1,1
13954,2,1
13955,2,1
13956,1,1
13957,1,1
13959,1,1
13961,2,1
13962,1,1
13963,2,2
13964,1,1
13965,2,2
13966,2,2
13967,1,1
13968,1,1
13969,1,1
13970,1,1
13971,1,1
13972,1,1
13973,1,1
13975,2,2
13976,1,1
13977,1,1
13978,2,1
13979,1,1
13981,1,1
13982,2,1
13983,2,2
13985,2,1
13986,1,1
13987,1,1
13988,1,1
13990,1,1
13991,2,1
13992,1,1
13993,1,1
13994,1,1
13995,1,1
13996,1,1
13997,2,1
13998,1,2
13999,1,1
14000,2,1
14001,2,1
14002,1,1
14003,2,1
14004,2,2
14005,1,1
14006,1,1
14007,1,1
14008,2,2
14009,1,1
14010,2,1
14011,1,1
14012,2,1
14013,1,1
14014,1,1
14015,2,2
14016,2,1
14017,2,2
14020,1,1
14021,1,1
14022,2,2
14023,1,1
14024,1,1
14025,1,1
14026,1,1
14027,2,1
14028,1,1
14029,1,1
14030,1,1
14031,1,1
14032,1,1
14033,1,1
14034,1,1
14035,1,1
14036,2,1
14037,1,1
14038,1,1
14039,1,1
14040,1,1
14041,1,2
14042,2,2
14043,1,1
14044,1,1
14045,2,1
14046,1,1
14047,1,1
14048,2,1
14049,1,1
14050,1,1
14051,1,1
14052,1,1
14053,1,1
14054,1,1
14055,1,1
14056,1,1
14057,2,1
14059,1,1
14060,1,1
14061,1,2
14062,1,1
14063,1,2
14064,1,1
14065,1,1
14066,1,1
14067,1,1
14068,1,1
14070,1,1
14071,1,2
14072,2,1
14073,1,1
14074,1,1
14075,1,1
14076,2,1
14077,2,1
14078,1,1
14079,1,1
14080,1,1
14081,1,1
14083,2,1
14084,1,1
14085,1,1
14086,1,1
14087,1,1
14090,1,1
14091,1,1
14092,1,1
14093,1,1
14094,1,1
14095,1,1
14097,1,1
14098,1,1
14099,1,1
14101,1,1
14102,1,1
14103,1,1
14104,2,2
14105,1,1
14106,1,1
14107,1,2
14108,1,1
14109,1,1
14110,1,1
14111,1,1
14112,1,1
14113,1,1
14114,1,1
14115,1,1
14117,2,2
14118,2,1
14119,1,1
14120,2,1
14121,1,1
14122,1,1
14123,1,1
14124,1,1
14125,1,1
14126,1,1
14127,1,1
14130,1,1
14131,1,1
14132,1,1
14134,1,1
14135,1,1
14136,1,1
14137,1,1
14138,2,1
14139,1,1
14140,1,1
14141,1,1
14142,2,2
14143,2,2
14145,2,2
14146,1,1
14147,2,2
14149,1,1
14150,1,1
14151,1,1
14152,2,1
14153,1,1
14154,2,1
14155,1,1
14156,1,1
14157,1,1
14158,1,1
14159,1,1
14160,1,1
14162,1,2
14163,1,1
14165,1,1
14166,1,1
14167,1,1
14169,1,1
14170,1,1
14171,1,1
14173,1,1
14174,1,1
14175,1,1
14176,1,1
14177,1,1
14178,1,1
14179,1,1
14180,2,1
14181,1,1
14182,1,1
14183,1,1
14184,2,1
14185,1,1
14186,1,1
14187,1,1
14189,1,1
14190,1,1
14191,1,1
14192,2,2
14193,1,1
14195,1,1
14196,1,1
14197,2,2
14198,1,1
14199,1,1
14200,1,1
14201,1,1
14202,2,1
14203,1,1
14204,2,1
14205,1,1
14206,1,1
14207,2,2
14208,1,1
14209,1,1
14210,2,2
14211,1,1
14212,1,1
14213,1,1
14214,1,1
14215,1,1
14216,1,1
14217,2,2
14218,1,1
14219,1,1
14220,2,2
14221,1,1
14222,1,1
14223,1,1
14226,2,1
14227,1,1
14228,2,1
14231,1,1
14232,1,1
14233,1,1
14234,2,1
14235,1,2
14236,2,1
14237,2,1
14238,2,2
14240,2,1
14242,1,1
14243,1,1
14244,1,1
14245,1,1
14246,1,1
14247,1,1
14248,1,2
14249,1,1
14250,1,2
14251,1,1
14252,1,1
14253,2,1
14256,1,1
14257,1,1
14258,1,1
14259,2,2
14260,1,1
14261,1,1
14262,1,1
14263,2,2
14264,1,1
14265,2,1
14266,2,2
14267,1,1
14268,1,1
14270,1,1
14271,1,1
14272,1,2
14273,2,2
14274,1,1
14275,1,1
14276,1,1
14277,2,2
14278,1,1
14279,2,1
14280,1,1
14281,1,1
14282,2,2
14283,1,2
14285,2,2
14286,1,1
14287,1,1
14288,2,1
14289,1,1
14290,1,1
14291,1,1
14292,1,1
14293,1,1
14294,2,2
14295,1,1
14296,1,1
14297,1,2
14298,1,1
14299,2,1
14300,1,2
14301,1,1
14302,2,1
14304,1,1
14305,1,1
14306,1,1
14307,1,1
14308,1,1
14309,1,1
14311,1,1
14312,1,1
14313,1,1
14314,2,2
14315,1,1
14316,1,1
14317,1,1
14318,1,1
14319,1,1
14320,2,2
14321,1,1
14322,1,1
14324,1,1
14325,1,2
14326,2,2
14327,1,1
14328,2,1
14329,1,1
14330,2,2
14332,1,1
14333,1,1
14335,1,1
14336,1,1
14337,2,1
14338,1,1
14339,1,1
14340,1,1
14341,1,1
14343,1,1
14344,1,1
14346,2,1
14347,1,1
14348,1,1
14349,1,1
14350,1,1
14351,2,1
14352,1,1
14353,2,1
14354,1,1
14355,1,1
14356,2,1
14357,1,1
14360,1,1
14361,2,2
14362,1,1
14363,1,1
14364,1,1
14365,1,1
14366,2,2
14367,2,2
14368,1,1
14369,1,1
14370,1,1
14371,2,2
14372,1,1
14373,1,1
14375,1,1
14376,1,1
14377,1,1
14378,1,1
14379,1,1
14380,1,1
14381,1,1
14382,1,1
14386,1,1
14387,1,1
14388,1,1
14389,2,2
14390,2,2
14391,1,1
14392,1,1
14393,1,1
14394,2,1
14396,2,2
14397,1,1
14398,1,1
14399,1,1
14400,2,1
14401,2,1
14402,1,1
14403,2,1
14404,1,1
14405,1,1
14406,2,2
14407,1,1
14408,1,1
14409,1,1
14410,2,2
14411,1,1
14412,2,1
14413,1,1
14414,1,1
14415,2,2
14416,1,1
14417,1,1
14418,1,1
14419,1,1
14420,2,2
14421,1,1
14422,1,1
14423,1,1
14424,1,1
14425,1,1
14426,1,1
14427,2,1
14428,1,1
14429,1,1
14430,1,1
14431,1,1
14433,2,1
14434,1,1
14435,1,2
14436,1,1
14437,1,1
14438,2,1
14439,1,1
14440,2,1
14442,1,1
14444,1,1
14445,1,2
14446,2,1
14447,1,2
14448,1,1
14449,1,1
14450,1,1
14451,1,1
14452,2,1
14453,1,1
14454,1,1
14455,1,1
14456,1,1
14457,1,1
14458,1,1
14459,1,1
14460,1,1
14461,1,1
14463,1,1
14464,2,2
14465,1,1
14466,1,1
14467,1,1
14468,1,1
14469,1,1
14470,2,1
14471,2,1
14472,1,1
14473,1,1
14474,2,1
14476,2,2
14477,1,1
14479,1,1
14480,1,1
14481,1,1
14482,1,1
14485,1,1
14486,1,1
14487,2,1
14488,1,1
14489,1,1
14490,1,1
14491,2,1
14492,1,1
14493,1,1
14494,2,1
14495,1,1
14496,1,1
14497,1,1
14498,1,1
14499,1,1
14500,1,1
14501,1,1
14502,1,1
14503,1,1
14504,1,1
14505,1,1
14506,1,1
14507,1,1
14508,1,1
14509,1,1
14510,1,1
14511,2,1
14512,1,1
14513,2,2
14514,1,1
14515,1,1
14516,1,1
14517,1,1
14518,2,1
14519,1,1
14520,1,1
14521,1,1
14522,1,1
14524,1,1
14525,1,1
14526,2,1
14527,1,1
14528,1,1
14529,2,2
14530,1,1
14531,1,1
14532,1,1
14533,2,1
14534,1,1
14535,1,1
14536,1,1
14538,1,1
14539,2,1
14540,1,1
14541,1,1
14542,1,1
14543,1,1
14544,1,1
14545,1,1
14546,2,2
14547,1,1
14548,1,1
14549,1,1
14550,2,2
14551,1,1
14552,1,1
14553,1,1
14554,2,1
14555,1,1
14556,1,1
14558,2,1
14559,1,2
14560,2,1
14561,1,1
14562,2,1
14563,1,1
14564,1,1
14565,1,1
14566,1,1
14567,1,1
14568,1,1
14569,1,1
14570,2,2
14571,1,2
14572,1,1
14573,2,2
14574,1,1
14575,1,1
14576,1,1
14577,1,1
14578,1,1
14579,2,2
14580,1,1
14581,1,1
14582,1,1
14584,2,2
14585,1,1
14586,2,2
14587,1,1
14588,1,1
14589,1,2
14590,1,1
14591,1,1
14592,1,1
14593,1,1
14594,2,1
14596,2,1
14597,2,2
14598,1,1
14599,2,1
14600,1,1
14601,2,1
14602,1,1
14603,1,1
14604,1,1
14605,1,1
14606,1,1
14607,1,1
14608,1,1
14609,2,1
14610,1,1
14611,1,1
14612,1,1
14613,1,1
14614,1,1
14615,1,1
14616,1,1
14617,2,2
14618,1,1
14619,1,1
14620,1,1
14621,1,1
14623,1,1
14624,2,1
14625,1,1
14626,2,1
14627,1,1
14628,2,1
14630,1,1
14631,1,1
14632,1,1
14633,1,1
14634,1,1
14635,1,1
14636,1,1
14637,1,1
14638,1,1
14639,1,1
14640,2,1
14641,1,1
14642,1,1
14643,1,1
14644,2,1
14645,1,2
14646,1,1
14647,1,1
14648,2,1
14649,1,1
14650,2,2
14651,1,1
14652,2,2
14653,1,1
14654,1,1
14655,2,1
14657,1,1
14658,2,2
14659,1,1
14660,1,1
14661,2,2
14662,1,1
14663,1,1
14664,1,1
14665,2,2
14666,1,1
14667,1,1
14668,2,2
14669,1,1
14670,1,1
14671,2,1
14672,1,1
14673,1,1
14674,1,1
14676,2,1
14677,1,1
14679,1,1
14680,1,1
14681,1,1
14682,1,1
14684,2,1
14685,1,1
14686,2,1
14687,2,2
14688,1,1
14689,1,1
14690,1,1
14691,1,1
14692,1,1
14693,1,1
14694,1,1
14695,2,2
14696,1,1
14697,1,1
14698,1,1
14699,2,1
14700,1,1
14701,2,1
14702,2,1
14703,1,1
14704,1,1
14705,1,1
14706,1,1
14707,1,2
14708,1,1
14709,1,1
14710,1,1
14711,1,1
14712,1,1
14713,1,1
14714,2,2
14716,1,1
14717,2,1
14718,1,1
14719,1,1
14721,1,1
14722,1,1
14723,1,1
14724,1,1
14725,2,2
14726,2,1
14727,1,1
14729,1,1
14730,1,1
14731,1,1
14732,1,1
14734,1,1
14735,1,1
14736,2,1
14737,2,1
14738,2,1
14739,2,2
14740,1,1
14741,2,1
14742,1,1
14743,1,1
14744,1,1
14745,1,1
14746,1,1
14747,1,1
14748,1,1
14749,1,1
14750,2,2
14751,1,1
14752,1,1
14753,1,1
14754,1,1
14755,1,1
14756,1,1
14757,2,2
14758,1,1
14759,1,1
14760,2,2
14762,1,1
14763,1,1
14764,1,1
14765,1,1
14766,1,1
14767,1,1
14768,1,1
14769,1,1
14770,1,1
14771,1,1
14772,1,1
14773,2,1
14774,2,2
14775,1,1
14776,1,1
14777,1,1
14778,1,1
14779,2,2
14780,1,1
14781,2,2
14782,1,1
14783,1,1
14784,1,1
14785,1,1
14786,1,1
14787,2,1
14788,1,1
14789,1,1
14790,1,1
14791,2,1
14792,1,1
14793,2,2
14794,1,1
14795,2,1
14796,2,2
14797,1,1
14798,1,1
14799,1,1
14801,1,1
14802,2,1
14803,1,1
14804,1,1
14805,1,1
14807,1,1
14809,1,1
14810,1,1
14811,1,1
14812,1,1
14813,1,1
14814,2,1
14815,2,2
14816,2,1
14817,1,1
14818,2,2
14819,1,1
14820,1,1
14821,2,1
14822,2,2
14823,1,1
14824,1,1
14825,1,1
14826,1,1
14827,2,2
14828,1,1
14829,1,1
14830,2,1
14831,1,1
14833,1,1
14834,1,1
14835,2,2
14836,2,1
14837,1,1
14838,2,1
14839,2,2
14840,1,1
14841,1,1
14842,1,2
14843,1,1
14844,1,1
14845,1,1
14846,1,2
14847,2,1
14848,1,1
14849,1,1
14850,1,1
14851,1,1
14852,1,1
14853,1,1
14855,2,2
14856,2,2
14857,1,1
14858,1,1
14859,1,1
14860,1,1
14861,2,1
14862,1,1
14864,2,1
14865,1,1
14866,2,2
14867,2,1
14868,1,1
14869,1,1
14871,2,1
14872,1,1
14873,1,1
14874,2,1
14875,1,1
14876,2,1
14878,1,2
14879,1,1
14880,1,1
14882,2,2
14883,2,1
14884,1,1
14885,1,2
14886,1,1
14887,1,1
14888,2,1
14889,1,1
14890,1,1
14891,1,1
14892,1,1
14893,1,1
14894,2,1
14895,1,1
14896,1,1
14897,2,1
14898,1,1
14899,1,1
14900,1,1
14901,1,1
14902,1,1
14904,1,1
14905,1,1
14907,1,1
14908,1,1
14909,1,1
14911,1,1
14912,1,1
14913,1,1
14914,1,1
14915,1,1
14916,2,2
14917,1,2
14918,1,1
14919,2,2
14921,1,1
14922,2,1
14923,1,1
14924,1,1
14925,2,1
14926,1,1
14927,1,2
14928,1,2
14929,2,1
14930,1,1
14931,1,1
14932,2,2
14933,1,1
14934,1,1
14935,1,1
14936,1,1
14937,1,1
14938,2,2
14939,1,1
14940,1,1
14941,1,1
14942,2,1
14943,1,1
14944,1,1
14945,1,1
14946,1,1
14947,1,1
14948,2,2
14949,2,2
14950,2,1
14951,1,1
14952,1,1
14953,1,1
14954,1,1
14955,1,1
14956,2,1
14957,1,1
14961,1,2
14962,2,1
14963,1,2
14964,1,1
14965,1,1
14966,1,1
14967,1,1
14969,1,1
14970,1,1
14971,1,1
14972,1,1
14973,1,1
14974,1,1
14975,1,1
14976,1,1
14977,2,1
14978,1,1
14979,1,1
14980,1,1
14982,1,1
14983,1,1
14984,1,1
14985,1,1
14986,1,1
14987,1,1
14988,1,1
14989,1,1
14990,2,2
14991,2,2
14992,2,2
14993,2,1
14994,1,1
14995,1,1
14996,1,1
14998,1,1
14999,2,2
15000,1,1
15002,1,1
15003,1,1
15004,2,1
15005,1,1
15006,2,2
15008,1,1
15009,1,1
15011,1,1
15012,1,1
15013,1,1
15014,1,1
15015,2,2
15016,1,1
15017,1,1
15018,2,2
15020,1,1
15021,1,1
15022,1,1
15023,1,1
15024,1,1
15025,1,1
15026,1,1
15027,1,1
15028,1,1
15029,1,1
15030,1,1
15031,1,1
15032,2,1
15033,1,1
15034,2,2
15036,1,1
15037,2,1
15038,1,1
15039,1,1
15040,1,1
15041,1,1
15042,1,1
15043,1,1
15044,1,1
15045,1,1
15046,1,1
15047,1,1
15048,1,1
15049,1,1
15051,1,1
15052,1,1
15053,1,1
15054,1,1
15056,2,1
15059,1,1
15060,1,1
15061,1,1
15062,1,1
15063,1,2
15064,1,1
15065,1,1
15066,1,1
15067,1,1
15068,2,2
15069,1,1
15070,2,2
15071,2,1
15072,1,2
15073,1,1
15074,2,2
15076,1,1
15077,2,2
15078,1,1
15079,1,1
15080,1,1
15081,1,1
15082,2,1
15083,1,1
15084,1,1
15087,2,2
15088,1,1
15089,2,2
15090,1,1
15091,1,1
15092,1,1
15093,1,1
15094,1,1
15095,2,1
15096,1,1
15097,1,1
15098,1,2
15099,1,1
15100,2,1
15101,2,1
15102,1,1
15103,1,1
15104,2,1
15105,2,1
15107,1,1
15109,1,1
15110,1,1
15111,1,1
15112,1,1
15113,1,1
15114,1,1
15115,1,2
15116,1,1
15117,2,1
15118,1,2
15119,2,2
15120,1,1
15121,2,1
15122,1,2
15123,1,1
15124,1,1
15125,2,1
15126,1,1
15127,2,2
15129,1,1
15130,1,1
15132,2,1
15133,2,1
15134,1,1
15135,1,1
15136,1,2
15137,1,1
15138,1,1
15139,1,1
15140,1,1
15141,2,1
15142,1,1
15143,2,1
15144,1,1
15145,1,1
15146,2,2
15147,1,1
15148,1,1
15149,1,1
15151,1,1
15152,1,2
15153,2,1
15154,1,1
15155,1,1
15156,1,1
15157,1,1
15158,1,1
15159,1,1
15160,2,2
15161,2,2
15162,1,1
15163,1,1
15164,1,1
15165,2,1
15166,1,1
15169,1,1
15171,1,1
15172,2,1
15173,1,1
15174,1,1
15175,1,1
15176,1,1
15177,1,1
15178,1,1
15179,1,2
15180,1,1
15181,1,1
15182,1,1
15185,1,1
15186,2,1
15187,2,2
15188,2,2
15189,1,1
15190,1,1
15191,2,1
15192,1,1
15193,1,1
15194,1,1
15196,1,1
15198,1,1
15199,2,1
15200,1,1
15202,1,1
15204,2,1
15205,1,1
15206,1,1
15207,1,1
15208,1,1
15209,1,1
15210,1,1
15211,2,1
15212,1,1
15213,1,2
15214,1,1
15215,1,1
15216,1,1
15217,1,1
15218,1,1
15219,1,1
15221,1,1
15222,1,1
15223,1,1
15224,1,1
15225,2,2
15227,1,1
15228,1,1
15229,2,1
15230,2,1
15231,1,1
15232,2,1
15233,1,1
15234,1,1
15235,1,1
15236,1,1
15237,1,1
15238,1,2
15239,2,1
15240,1,1
15241,1,1
15242,2,1
15243,1,1
15244,2,1
15245,1,1
15246,1,1
15247,1,1
15248,2,2
15249,1,1
15250,2,2
15251,1,1
15252,1,1
15253,2,2
15254,1,1
15255,1,1
15256,1,1
15257,2,1
15259,2,1
15260,1,1
15261,2,1
15262,1,2
15263,1,1
15264,1,1
15265,1,1
15266,1,1
15267,1,1
15269,1,1
15270,1,1
15271,2,1
15272,1,1
15274,1,1
15275,2,1
15276,1,1
15277,1,1
15278,2,1
15279,2,2
15280,1,1
15281,1,1
15282,1,1
15283,1,2
15284,2,1
15285,1,1
15286,1,1
15287,1,1
15288,1,1
15289,1,1
15290,2,2
15291,1,1
15292,1,1
15293,1,1
15294,1,1
15296,2,1
15297,1,1
15299,1,1
15300,1,1
15301,1,1
15302,1,1
15303,1,1
15304,1,1
15305,1,1
15306,1,1
15307,1,1
15308,1,1
15309,1,1
15310,1,1
15311,2,1
15312,1,1
15313,1,1
15314,1,1
15315,2,2
15316,1,1
15317,1,1
15318,2,2
15319,1,1
15320,2,2
15321,1,1
15322,1,1
15323,1,1
15324,1,1
15326,1,2
15328,1,1
15329,1,1
15330,1,1
15332,1,1
15333,1,1
15334,2,2
15335,2,2
15336,1,1
15337,1,1
15338,1,1
15339,1,1
15340,1,1
15341,2,2
15342,1,1
15343,2,2
15344,1,1
15346,1,1
15347,2,2
15348,1,1
15349,2,2
15350,1,1
15351,1,1
15352,2,1
15355,1,1
15356,1,1
15357,1,1
15358,1,1
15360,1,1
15361,1,1
15362,1,1
15363,1,1
15364,1,1
15365,2,1
15366,1,1
15367,1,1
15368,1,1
15369,2,2
15370,2,1
15371,1,1
15372,1,1
15373,1,1
15374,1,1
15376,1,1
15377,1,1
15378,1,1
15379,1,1
15380,1,1
15381,2,1
15383,1,1
15384,2,1
15385,1,1
15386,1,1
15387,2,2
15388,2,1
15389,1,1
15390,2,1
15391,1,1
15392,1,1
15393,1,1
15394,2,2
15395,1,1
15396,1,1
15397,1,1
15398,1,1
15399,1,1
15400,1,1
15401,1,1
15402,1,1
15403,1,1
15404,1,1
15405,1,1
15406,1,1
15407,1,1
15408,2,2
15409,2,2
15410,1,1
15411,2,1
15413,1,1
15414,1,1
15415,2,2
15416,1,1
15418,2,2
15419,1,1
15420,2,2
15421,1,1
15422,1,1
15423,1,1
15424,1,1
15425,2,2
15427,1,1
15428,1,1
15429,1,1
15430,1,1
15432,1,1
15433,1,1
15434,1,1
15435,2,2
15436,2,2
15437,1,1
15438,1,1
15439,1,1
15440,1,1
15441,1,1
15442,1,1
15443,1,1
15444,1,1
15445,1,1
15446,1,1
15447,2,1
15448,1,2
15449,1,1
15450,2,2
15451,1,1
15453,2,1
15454,1,1
15455,2,1
15456,1,1
15457,1,1
15458,1,1
15459,1,1
15460,2,2
15461,1,1
15462,2,1
15463,1,1
15464,1,1
15465,1,1
15466,2,1
15467,2,1
15468,1,1
15469,1,1
15470,2,1
15472,1,1
15473,1,1
15474,1,1
15475,2,1
15476,1,1
15477,2,2
15478,1,1
15479,1,1
15480,1,1
15481,2,1
15482,1,1
15483,1,1
15484,1,1
15485,1,2
15487,2,2
15488,1,1
15489,2,2
15490,1,1
15491,1,1
15492,1,1
15493,1,1
15495,2,2
15496,2,1
15497,2,2
15498,1,1
15499,1,1
15500,1,1
15501,1,1
15503,1,1
15505,1,1
15506,1,1
15507,2,1
15508,2,1
15509,1,1
15510,1,1
15511,1,1
15512,1,1
15513,2,1
15514,1,1
15515,2,2
15516,1,1
15517,2,2
15518,1,1
15519,1,1
15520,1,1
15521,1,2
15522,1,1
15523,1,1
15524,2,1
15525,1,1
15526,1,1
15527,1,1
15528,2,1
15529,1,1
15530,1,1
15531,1,1
15532,1,1
15533,1,1
15534,1,1
15535,1,1
15536,1,1
15537,1,1
15538,2,1
15539,1,1
15540,1,1
15542,1,1
15543,2,2
15544,1,1
15545,1,1
15546,2,2
15547,1,1
15548,1,1
15550,1,2
15551,2,2
15552,1,1
15553,2,2
15554,1,1
15555,2,1
15557,1,1
15558,2,2
15559,1,1
15560,1,1
15561,2,2
15562,2,1
15563,1,1
15564,1,1
15566,1,1
15567,2,1
15568,1,1
15569,1,1
15570,1,1
15571,1,2
15572,1,1
15573,1,1
15574,1,1
15576,2,2
15577,2,2
15578,1,1
15579,2,2
15580,1,1
15581,2,1
15582,1,1
15584,1,1
15585,1,1
15586,2,1
15587,1,1
15588,1,1
15589,1,1
15590,2,2
15591,2,2
15592,2,1
15593,1,1
15594,1,1
15595,2,2
15596,1,1
15597,1,1
15598,1,1
15599,1,1
15600,1,1
15601,2,2
15602,1,1
15603,1,1
15604,2,2
15605,1,1
15606,1,1
15607,1,1
15608,2,1
15609,1,1
15610,1,1
15612,2,1
15613,1,1
15614,1,1
15615,1,1
15616,1,1
15617,1,1
15618,2,2
15619,2,2
15620,1,1
15621,2,1
15622,1,1
15623,1,1
15624,1,1
15625,1,1
15626,1,1
15627,2,2
15628,1,1
15629,2,2
15630,2,2
15631,2,1
15632,2,1
15633,2,2
15634,1,1
15635,1,1
15636,2,1
15637,1,1
15638,1,1
15639,1,1
15640,1,1
15641,1,2
15643,1,1
15644,2,2
15645,1,1
15646,1,1
15647,2,1
15648,1,1
15649,1,1
15650,1,1
15651,2,2
15652,1,1
15653,1,1
15654,2,2
15655,1,1
15656,1,2
15657,1,1
15658,1,2
15661,1,1
15662,1,1
15663,1,1
15664,2,2
15665,1,1
15666,2,2
15667,1,1
15668,2,2
15669,2,2
15671,1,1
15672,1,1
15673,1,1
15674,1,1
15675,1,1
15676,1,1
15677,1,1
15678,1,1
15679,2,2
15680,1,1
15681,1,1
15684,1,1
15685,1,1
15686,1,1
15687,1,1
15688,1,1
15689,2,2
15690,1,1
15691,2,2
15692,2,2
15693,1,1
15694,1,1
15695,1,1
15696,1,1
15697,1,1
15698,1,2
15699,1,1
15700,1,1
15701,1,2
15703,1,1
15704,1,1
15705,1,1
15708,2,2
15709,1,1
15710,2,1
15711,1,1
15712,2,1
15713,1,1
15714,1,1
15715,1,1
15717,1,1
15718,2,1
15719,1,1
15720,1,1
15721,1,1
15722,1,1
15723,1,1
15724,1,1
15725,1,1
15726,2,2
15728,1,1
15731,2,1
15732,1,1
15733,1,1
15734,1,1
15735,1,1
15736,1,1
15737,2,1
15738,2,2
15739,1,2
15740,1,1
15741,2,1
15742,1,1
15743,1,1
15744,2,1
15745,2,2
15747,1,1
15749,2,2
15750,1,1
15751,1,1
15752,1,1
15753,1,1
15754,2,1
15755,1,1
15757,2,1
15758,1,1
15759,1,1
15761,1,1
15762,2,1
15763,1,1
15764,1,1
15766,1,1
15767,2,2
15768,2,1
15769,1,1
15770,1,1
15771,1,1
15772,1,1
15773,1,1
15774,2,1
15775,2,2
15776,1,1
15778,1,1
15779,1,1
15780,1,1
15781,1,1
15782,1,1
15784,1,1
15785,2,2
15787,2,1
15788,1,1
15789,1,1
15790,1,1
15791,1,1
15792,1,2
15793,1,1
15794,1,1
15795,1,1
15796,1,1
15798,1,1
15800,1,1
15801,1,1
15803,1,1
15805,1,1
15806,2,2
15807,1,1
15808,1,1
15809,2,1
15810,1,1
15811,1,1
15812,2,2
15813,2,2
15814,1,1
15815,1,1
15816,1,1
15817,2,1
15818,1,1
15819,1,1
15820,1,1
15822,1,1
15823,1,1
15824,1,1
15825,1,1
15826,1,1
15827,1,1
15829,2,1
15830,2,1
15831,2,1
15832,2,2
15833,1,1
15834,1,1
15835,1,1
15836,1,1
15837,1,1
15838,1,1
15839,2,1
15840,1,1
15841,1,1
15842,1,1
15843,1,1
15844,1,1
15845,1,1
15846,1,1
15847,2,2
15848,1,1
15849,1,1
15850,1,1
15851,1,1
15852,2,1
15853,1,1
15854,1,1
15855,1,1
15856,1,2
15857,2,1
15858,1,1
15859,1,1
15860,2,1
15861,1,1
15862,1,1
15863,1,1
15864,1,1
15865,1,1
15866,1,1
15867,1,2
15868,1,1
15869,2,1
15870,2,2
15871,1,1
15872,1,1
15873,2,1
15875,2,1
15876,1,1
15877,1,2
15878,2,2
15879,1,1
15881,1,1
15882,1,1
15883,1,1
15884,1,1
15885,1,1
15886,1,1
15887,2,1
15888,1,1
15889,1,2
15890,1,1
15891,2,1
15892,2,2
15893,1,1
15894,1,1
15895,1,1
15896,1,1
15898,1,1
15899,1,1
15902,1,1
15903,1,1
15904,2,1
15905,1,1
15906,1,1
15907,2,1
15908,1,1
15909,2,2
15911,1,1
15912,1,1
15913,1,1
15915,2,1
15916,1,1
15917,1,1
15919,1,1
15920,2,2
15921,2,1
15922,1,1
15923,2,2
15924,1,1
15925,1,1
15926,1,1
15927,1,1
15928,1,1
15929,1,1
15930,1,1
15931,1,2
15932,2,2
15933,1,1
15934,1,1
15935,1,1
15936,1,1
15937,1,1
15938,1,1
15939,1,1
15940,2,1
15941,1,1
15942,1,1
15943,1,1
15945,1,1
15946,1,1
15947,1,1
15948,2,2
15949,1,1
15950,1,1
15951,1,1
15952,1,1
15953,1,1
15954,2,2
15955,2,1
15956,2,1
15957,1,1
15958,1,1
15959,1,1
15960,1,1
15961,2,2
15962,1,1
15963,1,1
15964,1,1
15965,1,1
15966,2,1
15967,1,1
15968,2,1
15969,1,1
15970,1,1
15971,2,2
15972,1,1
15973,1,1
15974,1,1
15975,1,1
15976,1,1
15977,1,1
15978,1,1
15979,1,1
15980,1,1
15981,1,1
15982,1,1
15983,1,1
15984,1,1
15985,2,1
15986,1,1
15987,1,1
15988,1,1
15989,1,1
15991,1,1
15992,1,1
15993,1,1
15994,1,2
15995,1,1
15996,1,1
15997,1,1
15998,2,1
16000,2,1
16001,1,1
16002,1,1
16003,1,1
16004,2,1
16005,1,1
16006,1,1
16007,1,1
16008,1,1
16009,1,1
16010,1,1
16011,1,1
16012,2,1
16013,1,1
16014,1,1
16015,1,1
16016,1,1
16017,2,2
16018,2,1
16019,1,1
16020,1,1
16021,1,1
16023,1,1
16024,1,1
16025,2,2
16026,1,1
16027,1,1
16028,1,1
16029,1,1
16030,1,1
16031,1,1
16032,2,1
16034,2,1
16035,1,1
16036,1,1
16037,1,1
16038,1,1
16040,2,1
16041,1,1
16042,1,1
16044,1,1
16045,1,1
16046,2,1
16047,1,1
16048,1,1
16049,1,1
16051,1,1
16052,2,1
16053,2,2
16054,2,1
16055,1,1
16056,1,1
16058,1,1
16059,1,1
16061,1,1
16062,2,1
16063,1,1
16064,1,1
16065,1,1
16066,1,2
16068,1,1
16069,1,1
16070,1,1
16071,1,1
16072,1,1
16073,1,1
16074,1,1
16075,1,1
16077,1,1
16078,2,2
16079,2,2
16080,1,1
16081,2,1
16082,1,1
16083,1,2
16084,1,1
16085,1,1
16086,1,1
16087,1,1
16088,1,1
16090,1,1
16091,1,1
16092,2,2
16094,2,2
16095,1,1
16096,1,1
16097,1,1
16098,1,1
16100,1,1
16101,1,1
16102,2,1
16104,1,1
16106,1,1
16107,1,2
16108,1,1
16109,2,2
16110,1,1
16111,1,1
16112,1,1
16113,2,2
16114,1,1
16115,1,1
16116,2,1
16117,2,1
16118,1,1
16119,1,1
16120,1,1
16121,1,1
16122,1,1
16123,1,1
16124,1,1
16125,1,1
16127,1,1
16128,1,1
16129,1,1
16131,1,1
16132,1,1
16133,1,1
16135,1,1
16136,1,1
16138,1,1
16139,2,1
16142,1,1
16143,1,1
16144,1,1
16146,1,1
16147,1,1
16148,1,1
16149,1,1
16150,1,1
16151,2,1
16152,2,1
16153,1,1
16154,1,1
16155,1,1
16156,1,1
16157,1,1
16158,1,1
16160,1,1
16161,1,2
16162,1,1
16163,1,1
16164,2,2
16165,2,1
16166,1,1
16167,2,1
16168,2,1
16169,1,1
16170,2,1
16171,2,1
16172,1,1
16173,1,1
16175,1,1
16176,2,2
16177,2,2
16179,1,1
16180,2,1
16182,2,1
16183,1,1
16184,1,1
16185,1,1
16186,1,1
16187,1,1
16188,2,2
16189,1,1
16190,2,1
16191,1,1
16192,1,1
16193,1,1
16194,1,1
16195,1,1
16196,1,1
16197,1,1
16198,1,1
16199,1,1
16200,1,1
16201,1,1
16202,1,1
16203,1,1
16205,2,1
16206,2,1
16208,1,1
16209,1,1
16210,1,1
16211,1,1
16212,1,1
16213,1,1
16214,1,1
16215,1,1
16216,1,1
16217,2,1
16218,1,1
16219,1,1
16220,2,2
16221,1,1
16222,1,1
16223,1,1
16224,1,1
16226,1,1
16227,2,1
16228,1,1
16229,1,1
16230,1,1
16231,1,2
16232,1,1
16233,1,1
16234,2,1
16235,1,1
16236,1,1
16237,1,1
16238,2,1
16239,1,1
16240,1,1
16242,1,1
16243,1,2
16244,1,1
16245,1,1
16246,2,2
16248,1,1
16249,1,1
16250,1,1
16251,1,1
16252,2,1
16254,1,1
16255,1,1
16256,1,1
16257,1,1
16258,1,1
16259,2,2
16260,1,1
16261,2,2
16262,1,1
16263,1,1
16264,2,2
16265,1,1
16266,1,1
16267,1,1
16268,2,2
16269,2,2
16270,1,1
16271,1,1
16272,1,1
16273,1,1
16274,1,1
16275,1,1
16276,1,1
16277,2,1
16278,1,1
16279,1,1
16281,1,1
16282,2,1
16283,2,1
16284,2,1
16285,2,1
16286,1,1
16287,2,1
16288,1,2
16289,1,1
16290,1,1
16291,1,1
16292,1,1
16293,1,1
16294,1,1
16295,2,1
16296,1,1
16297,1,1
16298,1,1
16299,1,1
16300,1,1
16301,2,1
16303,2,1
16304,1,1
16305,1,1
16306,2,1
16307,1,1
16308,1,1
16309,1,1
16310,2,2
16311,1,1
16312,1,1
16313,1,1
16314,1,1
16315,1,1
16316,1,1
16318,1,1
16319,1,1
16320,2,1
16323,1,1
16324,1,1
16325,1,1
16326,2,2
16327,1,1
16328,1,1
16329,1,1
16331,2,1
16332,1,1
16333,1,2
16334,1,2
16335,1,2
16336,1,2
16337,2,1
16338,1,1
16339,1,1
16340,1,1
16341,1,1
16342,2,1
16343,1,1
16344,1,1
16345,2,1
16346,1,1
16347,1,2
16348,1,1
16349,1,1
16350,1,2
16351,1,1
16352,2,2
16354,1,1
16355,1,1
16356,1,1
16357,1,1
16358,1,1
16359,1,1
16360,1,1
16361,1,1
16362,1,1
16363,1,2
16364,1,1
16365,1,1
16366,1,1
16367,1,1
16368,1,1
16369,1,1
16370,1,2
16372,2,1
16373,1,1
16374,1,1
16375,1,1
16376,1,2
16377,1,1
16378,1,1
16379,1,1
16380,1,1
16381,1,1
16382,1,1
16383,1,1
16384,1,1
16385,1,1
16386,1,1
16387,1,1
16388,1,1
16389,1,2
16390,2,1
16391,1,1
16393,2,1
16394,1,1
16396,1,1
16397,1,1
16398,1,1
16399,1,1
16400,1,1
16401,1,1
16402,1,1
16403,2,2
16404,2,1
16405,1,1
16406,1,1
16407,2,2
16408,1,1
16409,2,2
16410,1,1
16411,1,1
16412,1,1
16414,1,1
16415,1,1
16416,2,1
16417,1,2
16418,2,2
16419,1,1
16420,1,1
16421,1,1
16422,2,2
16424,1,1
16425,1,1
16426,1,1
16427,1,1
16428,2,2
16430,2,1
16431,1,1
16433,1,1
16434,1,1
16435,1,1
16436,1,1
16437,1,1
16438,2,1
16439,1,2
16441,1,1
16443,1,1
16444,1,1
16445,1,1
16447,1,1
16448,1,1
16449,2,1
16450,1,1
16451,1,1
16452,1,1
16453,1,1
16454,1,1
16455,1,1
16456,1,1
16457,2,2
16458,1,1
16459,1,1
16460,2,2
16461,1,2
16462,2,2
16463,1,1
16464,1,1
16466,1,1
16467,1,1
16468,2,1
16469,1,1
16470,2,1
16471,1,1
16472,1,1
16473,1,1
16474,2,2
16475,1,1
16476,1,1
16477,1,1
16479,1,1
16480,1,1
16481,1,1
16482,2,2
16483,1,1
16484,2,2
16485,1,2
16486,1,2
16488,1,1
16489,2,1
16490,1,1
16491,1,1
16492,2,2
16493,1,1
16494,1,1
16495,1,1
16496,2,2
16497,1,1
16498,1,1
16499,1,1
16500,2,2
16501,1,1
16502,2,2
16503,1,1
16504,1,1
16505,1,1
16506,1,1
16507,1,1
16508,1,1
16510,1,1
16511,1,1
16512,1,1
16513,1,1
16514,1,1
16515,1,1
16516,2,1
16517,1,1
16518,2,1
16519,1,1
16520,1,2
16521,1,2
16522,1,1
16523,2,1
16524,1,1
16525,1,2
16526,1,1
16527,2,2
16528,1,1
16529,1,1
16530,1,1
16531,1,1
16532,1,1
16534,1,1
16535,1,1
16536,1,1
16537,1,1
16539,2,2
16540,1,1
16541,1,1
16542,1,2
16543,2,2
16544,1,1
16545,1,1
16546,1,1
16547,1,1
16548,1,1
16549,1,1
16550,1,1
16551,1,1
16552,1,1
16553,2,1
16555,1,1
16556,1,1
16557,2,2
16558,1,1
16559,1,1
16560,1,1
16561,1,1
16562,1,1
16563,1,1
16564,1,1
16565,1,1
16566,1,1
16567,1,1
16568,1,1
16569,2,1
16570,1,1
16571,1,1
16572,1,1
16573,1,1
16574,1,1
16575,1,1
16576,2,1
16577,1,1
16578,1,1
16579,1,1
16580,1,1
16581,1,1
16582,1,1
16583,1,1
16584,1,1
16585,2,2
16587,1,1
16588,2,2
16589,1,1
16590,1,1
16591,1,2
16592,1,1
16593,2,1
16594,1,1
16596,2,1
16598,1,1
16599,1,1
16600,1,1
16601,2,2
16603,1,1
16604,2,1
16605,1,1
16606,1,1
16607,2,2
16608,2,2
16609,1,1
16610,1,1
16611,1,1
16612,1,1
16613,1,1
16614,1,2
16615,1,1
16616,1,1
16617,1,1
16619,2,1
16620,1,1
16621,2,1
16622,2,1
16623,1,2
16624,1,1
16625,1,1
16626,1,1
16627,2,2
16629,1,2
16631,2,2
16634,1,1
16635,2,1
16636,1,1
16637,2,2
16638,1,1
16639,1,1
16640,1,1
16641,1,1
16642,1,1
16643,2,1
16644,1,1
16645,1,1
16646,1,1
16647,1,1
16648,1,1
16650,1,1
16651,1,1
16653,1,1
16654,1,1
16655,2,2
16656,2,1
16657,2,2
16658,1,1
16660,1,1
16661,1,1
16662,2,1
16663,2,2
16664,1,1
16665,1,1
16666,1,1
16667,2,2
16668,2,1
16669,2,1
16670,2,2
16671,1,1
16672,1,1
16673,2,1
16674,1,1
16675,1,1
16676,1,1
16678,1,1
16679,1,1
16680,1,1
16681,1,1
16682,2,2
16683,2,1
16684,2,1
16685,2,1
16686,1,1
16687,1,1
16688,1,1
16689,2,2
16690,2,1
16691,1,1
16693,1,1
16694,2,1
16695,1,1
16696,1,2
16697,2,1
16698,1,1
16699,2,2
16700,2,2
16701,2,1
16703,2,1
16704,1,1
16705,1,1
16706,1,2
16707,1,2
16708,1,2
16709,1,1
16710,1,1
16712,1,1
16713,1,1
16714,1,1
16715,1,1
16716,2,2
16718,1,1
16719,2,2
16720,1,1
16721,2,1
16722,1,1
16723,1,1
16724,1,1
16725,1,1
16726,1,1
16727,1,1
16728,1,1
16729,2,2
16731,1,1
16732,1,1
16733,1,1
16734,1,1
16735,1,1
16736,1,1
16737,1,2
16738,1,1
16739,1,1
16740,2,2
16741,1,1
16742,2,1
16743,1,1
16745,1,1
16746,1,1
16747,2,1
16748,1,1
16749,1,1
16750,1,1
16751,1,1
16752,2,2
16753,1,1
16754,1,1
16755,1,1
16756,1,1
16758,2,1
16759,2,2
16760,1,1
16761,1,1
16762,1,1
16763,2,1
16765,2,2
16766,1,1
16767,1,1
16768,1,1
16769,1,1
16770,1,1
16771,1,1
16773,1,1
16774,1,1
16775,1,1
16776,1,1
16777,1,1
16778,2,2
16779,1,1
16780,1,1
16781,1,1
16782,2,2
16783,1,1
16784,1,1
16785,2,1
16786,1,1
16787,1,1
16788,2,2
16789,2,2
16790,2,2
16791,1,1
16792,1,1
16793,1,1
16794,1,1
16795,1,1
16796,2,2
16797,2,2
16798,1,1
16799,1,1
16800,1,2
16801,1,1
16802,1,1
16803,2,2
16804,1,1
16805,2,1
16806,2,1
16807,1,1
16808,2,1
16809,1,1
16810,2,1
16811,2,2
16812,1,1
16813,1,1
16814,1,1
16816,1,1
16817,1,1
16818,2,1
16819,1,1
16820,1,1
16821,1,1
16822,1,1
16823,2,1
16824,1,1
16825,1,1
16826,1,1
16827,1,1
16828,1,1
16829,2,2
16830,1,1
16831,1,1
16832,2,2
16833,2,1
16834,1,1
16835,1,1
16836,1,1
16837,1,1
16838,1,1
16839,1,1
16843,1,1
16845,1,1
16846,1,1
16847,2,1
16848,2,1
16849,1,2
16850,1,1
16851,1,1
16852,1,1
16853,1,1
16854,1,1
16855,1,1
16856,2,1
16857,1,1
16858,1,1
16859,1,1
16860,1,1
16861,1,1
16862,2,2
16863,1,2
16864,2,1
16865,2,1
16866,1,1
16867,1,1
16868,1,2
16869,1,1
16870,2,2
16871,1,1
16872,1,1
16873,1,1
16874,2,1
16875,1,1
16876,1,1
16877,1,1
16879,1,1
16880,1,1
16881,1,1
16882,1,1
16883,1,1
16885,1,1
16886,1,1
16887,1,1
16888,1,2
16889,1,1
16890,1,1
16891,1,1
16893,1,1
16895,1,2
16896,1,1
16897,2,1
16898,1,1
16899,1,1
16900,1,1
16901,1,1
16902,1,1
16903,2,2
16904,1,1
16905,1,1
16906,2,1
16907,1,1
16908,2,2
16909,2,2
16910,2,2
16911,1,1
16912,1,1
16913,1,1
16914,2,2
16915,1,2
16916,1,1
16917,1,1
16918,2,2
16919,2,2
16920,2,2
16921,1,1
16922,2,2
16923,2,1
16924,2,2
16925,1,1
16926,1,1
16927,1,1
16928,1,1
16929,1,1
16930,2,1
16931,1,1
16932,1,1
16933,1,1
16934,1,1
16935,1,1
16936,2,2
16937,1,1
16938,2,2
16939,1,1
16940,1,1
16941,1,1
16942,1,1
16943,1,1
16944,2,1
16945,2,1
16946,2,2
16947,1,1
16948,1,1
16949,1,1
16950,1,1
16951,1,1
16952,1,1
16953,2,1
16954,1,1
16955,1,1
16956,1,1
16957,1,1
16959,1,1
16960,2,2
16961,2,2
16962,1,2
16963,1,2
16964,2,2
16965,2,1
16966,1,1
16967,1,1
16968,1,1
16971,2,2
16972,1,1
16973,1,1
16974,2,1
16975,1,1
16976,1,1
16977,1,1
16979,2,2
16980,1,1
16981,1,1
16982,1,1
16983,1,1
16984,1,1
16987,2,1
16988,1,1
16989,2,2
16990,1,1
16991,2,2
16992,1,1
16993,1,1
16994,1,1
16995,1,1
16996,1,1
16997,1,1
16998,2,1
16999,1,1
17000,2,2
17001,2,1
17002,2,2
17003,2,2
17004,1,1
17005,1,1
17006,1,1
17007,1,1
17009,1,1
17010,1,1
17012,1,1
17013,2,2
17014,1,1
17015,1,1
17016,1,1
17017,2,2
17018,2,2
17019,1,1
17020,1,1
17021,1,1
17022,2,2
17023,1,1
17024,2,1
17025,1,1
17027,2,1
17028,2,1
17029,1,1
17030,1,1
17032,1,1
17033,1,1
17034,1,1
17035,1,1
17036,1,1
17037,1,1
17038,1,1
17039,1,1
17040,1,1
17041,1,1
17042,2,2
17043,1,1
17045,1,1
17046,1,1
17048,1,2
17050,1,1
17051,2,1
17052,2,1
17053,2,2
17054,2,1
17055,1,1
17056,1,1
17057,1,1
17058,2,1
17059,1,1
17060,1,1
17062,1,1
17063,2,1
17065,1,1
17066,1,1
17067,1,1
17068,1,1
17069,1,1
17070,1,1
17071,1,1
17072,1,1
17073,1,1
17074,1,1
17075,1,1
17076,2,1
17077,2,2
17079,2,1
17080,1,1
17081,1,1
17082,1,1
17083,1,1
17084,1,1
17085,2,1
17086,1,1
17087,1,1
17088,2,2
17089,1,1
17090,1,1
17091,1,1
17093,1,1
17094,1,1
17095,1,1
17096,1,1
17097,1,1
17098,1,1
17099,1,1
17100,1,1
17101,1,1
17102,1,2
17103,1,1
17104,1,1
17105,1,1
17106,1,1
17107,1,1
17108,1,1
17109,1,1
17110,2,2
17111,1,1
17112,1,1
17113,1,1
17114,1,1
17115,2,2
17116,2,2
17117,1,1
17118,1,1
17120,2,1
17121,2,1
17122,2,2
17123,1,1
17124,1,2
17126,2,2
17127,1,1
17128,1,1
17129,1,1
17130,2,2
17131,1,1
17132,1,1
17133,1,1
17134,2,1
17135,2,2
17137,1,1
17138,1,1
17139,1,1
17140,1,1
17141,1,1
17142,1,2
17143,1,1
17144,1,1
17145,1,1
17146,1,1
17147,1,2
17148,1,1
17150,1,1
17151,1,1
17152,1,1
17154,2,2
17155,1,1
17156,2,1
17157,1,1
17158,1,1
17159,1,1
17160,2,1
17161,1,1
17163,2,1
17164,1,1
17165,1,2
17166,1,1
17167,1,1
17168,1,1
17169,1,1
17170,1,1
17171,1,1
17172,2,2
17173,2,2
17174,1,1
17175,1,1
17176,1,1
17177,1,1
17178,1,1
17179,2,2
17180,1,1
17181,2,2
17182,1,1
17183,1,1
17184,1,1
17186,2,1
17187,1,1
17188,1,1
17189,1,1
17190,1,1
17192,1,1
17193,1,1
17194,1,1
17195,1,1
17196,2,2
17197,2,1
17198,2,1
17199,1,1
17200,2,2
17201,1,1
17202,1,1
17204,1,1
17205,1,1
17206,2,1
17207,2,1
17208,1,1
17209,2,1
17210,2,2
17211,1,1
17212,1,1
17214,1,1
17215,1,1
17216,1,1
17217,1,1
17218,1,1
17219,1,1
17220,1,1
17222,1,1
17223,1,1
17224,2,2
17225,1,1
17227,2,1
17228,1,1
17229,1,1
17230,1,1
17231,1,1
17232,1,1
17233,1,1
17234,1,1
17235,1,1
17236,1,1
17237,1,1
17238,2,1
17239,1,1
17240,1,2
17241,2,1
17243,1,1
17244,1,1
17245,2,1
17246,1,1
17247,1,1
17248,2,1
17249,1,1
17250,1,1
17251,1,1
17252,1,1
17253,1,1
17254,2,2
17255,1,1
17256,1,1
17257,1,1
17258,1,1
17259,2,2
17262,1,1
17263,1,1
17264,2,1
17266,1,1
17267,1,1
17269,1,1
17270,1,1
17271,2,2
17272,1,1
17273,1,1
17275,1,1
17277,2,2
17278,1,1
17279,2,1
17280,1,1
17281,1,1
17282,1,1
17283,1,1
17284,1,1
17285,1,1
17286,2,2
17287,2,1
17288,1,1
17289,1,1
17290,1,1
17292,1,1
17293,1,1
17294,1,1
17295,1,1
17296,1,1
17297,1,1
17298,1,1
17299,1,1
17300,1,1
17301,1,1
17302,1,1
17303,1,1
17304,1,1
17305,1,1
17306,1,1
17307,2,1
17308,1,1
17310,1,1
17311,1,1
17312,1,1
17313,1,1
17314,1,1
17315,2,2
17316,1,1
17317,1,1
17318,2,2
17320,1,1
17321,1,1
17322,1,1
17323,1,2
17324,1,1
17325,1,1
17326,1,1
17327,2,2
17328,1,1
17329,1,1
17330,2,2
17332,1,1
17333,1,1
17334,1,1
17336,2,1
17337,2,2
17338,1,1
17339,2,1
17340,2,1
17341,1,1
17343,1,1
17344,1,1
17345,1,1
17346,2,1
17347,1,1
17348,1,1
17349,1,1
17350,1,1
17351,2,1
17352,1,1
17353,1,1
17354,1,1
17355,1,1
17356,1,1
17357,1,1
17359,1,1
17360,2,2
17361,1,1
17362,1,1
17363,1,1
17364,2,2
17365,1,1
17366,2,1
17367,2,2
17368,2,2
17369,1,1
17370,2,1
17371,1,1
17372,1,1
17373,1,2
17374,1,1
17375,1,1
17376,1,1
17377,2,2
17378,1,1
17379,1,1
17381,1,1
17382,1,1
17383,1,1
17384,1,1
17385,1,1
17386,1,1
17387,2,1
17388,2,1
17389,1,1
17390,1,1
17391,1,1
17392,1,1
17393,2,2
17394,1,1
17395,1,1
17396,1,1
17397,2,1
17398,1,1
17399,1,1
17400,1,1
17401,1,1
17403,1,1
17404,2,1
17405,1,1
17406,1,1
17407,1,1
17408,1,1
17409,2,2
17410,1,1
17411,1,1
17412,1,1
17413,1,1
17414,1,1
17415,2,1
17416,1,1
17419,1,1
17421,2,2
17422,2,2
17423,1,1
17424,1,1
17425,1,1
17426,2,2
17427,1,1
17428,1,1
17430,1,1
17431,1,1
17432,1,1
17433,1,1
17434,1,1
17435,1,1
17436,2,1
17437,1,1
17438,2,2
17439,1,1
17440,1,1
17441,1,1
17442,1,1
17443,1,1
17444,1,1
17445,1,1
17446,2,2
17447,1,1
17448,1,1
17449,1,1
17450,1,1
17451,1,1
17452,1,1
17454,2,1
17455,1,1
17456,1,1
17457,1,1
17458,1,1
17459,1,1
17460,1,1
17461,1,1
17463,2,1
17464,1,1
17465,1,1
17466,2,1
17467,1,1
17468,1,1
17469,1,1
17470,1,1
17471,1,1
17472,1,1
17473,1,1
17474,1,1
17475,1,1
17476,1,1
17478,1,1
17479,1,1
17480,1,2
17481,1,1
17482,2,2
17483,1,2
17484,1,1
17485,2,2
17486,1,1
17487,1,1
17489,2,2
17490,1,1
17491,1,1
17492,2,1
17493,2,2
17495,1,1
17496,1,1
17497,1,1
17498,2,1
17499,1,1
17500,2,2
17501,2,1
17502,2,1
17503,1,1
17504,1,1
17505,1,2
17506,1,1
17507,1,1
17508,2,2
17509,1,1
17511,1,1
17512,1,1
17513,2,1
17514,1,1
17516,1,1
17517,1,1
17518,2,1
17519,1,1
17520,1,1
17521,1,1
17522,1,1
17523,1,1
17524,1,1
17525,1,1
17526,1,1
17527,1,1
17528,1,1
17529,1,1
17530,1,1
17531,1,1
17532,1,1
17533,1,1
17534,1,1
17535,1,1
17537,1,1
17538,2,1
17539,2,1
17540,2,2
17541,1,1
17543,1,1
17544,2,1
17545,1,1
17546,1,1
17547,1,1
17548,2,2
17549,1,1
17550,1,1
17551,2,2
17552,1,1
17553,1,1
17554,2,1
17555,1,1
17556,1,1
17557,1,2
17558,1,1
17559,1,1
17561,1,1
17562,1,1
17563,2,1
17564,1,1
17565,1,1
17566,2,1
17567,2,2
17568,1,1
17569,1,1
17571,1,1
17572,1,1
17573,2,1
17574,1,1
17575,1,1
17576,1,1
17577,2,1
17580,1,1
17581,1,1
17582,1,1
17583,1,1
17584,1,1
17585,1,1
17586,1,1
17587,1,1
17588,1,1
17589,1,1
17590,1,1
17591,2,1
17592,1,1
17593,1,1
17594,1,1
17595,1,1
17596,1,1
17597,2,2
17598,1,1
17599,1,1
17600,1,1
17601,1,1
17602,1,1
17603,1,1
17604,2,1
17605,1,1
17606,1,1
17607,2,1
17608,1,1
17609,2,1
17610,1,1
17611,1,1
17612,2,2
17613,1,1
17615,1,1
17616,1,1
17617,1,1
17618,1,1
17619,1,1
17620,2,1
17621,1,1
17622,2,2
17623,2,1
17624,1,1
17625,1,1
17626,2,2
17627,2,1
17628,1,1
17629,1,1
17630,1,1
17631,1,1
17632,1,1
17633,1,1
17634,1,1
17635,1,1
17636,1,1
17637,1,1
17638,2,2
17639,1,1
17640,1,1
17641,1,1
17642,2,1
17643,1,1
17645,1,1
17646,2,2
17647,1,1
17648,2,1
17649,1,1
17650,2,1
17652,1,2
17653,2,2
17654,2,2
17655,1,1
17657,1,1
17658,1,1
17659,1,1
17660,1,1
17661,1,1
17663,1,1
17665,2,1
17666,1,1
17667,1,1
17669,1,1
17670,1,1
17671,2,2
17672,2,2
17673,1,1
17674,1,1
17675,2,1
17676,1,1
17677,1,2
17678,1,1
17679,1,1
17680,1,1
17681,1,1
17682,1,1
17683,1,1
17684,1,1
17685,2,2
17686,1,1
17687,1,1
17688,1,1
17689,2,1
17690,1,1
17691,1,1
17692,2,1
17693,1,1
17694,2,1
17695,1,1
17696,1,1
17697,1,1
17698,1,1
17699,1,1
17700,2,1
17701,2,1
17702,2,2
17703,1,1
17704,1,1
17705,1,1
17706,1,1
17707,1,1
17708,1,1
17709,2,2
17710,1,1
17711,1,1
17712,1,1
17713,1,1
17714,2,1
17715,2,1
17716,1,1
17717,2,1
17718,1,1
17720,2,1
17721,1,1
17722,1,1
17723,1,1
17725,1,1
17726,1,1
17727,1,1
17728,2,1
17729,2,1
17730,1,1
17731,1,1
17732,2,1
17733,2,2
17735,1,1
17736,2,2
17737,1,1
17739,1,1
17740,1,1
17741,2,2
17742,1,1
17743,2,1
17744,2,2
17745,2,2
17746,1,1
17747,2,2
17748,1,1
17749,1,1
17750,1,1
17751,1,1
17752,1,1
17753,1,1
17754,1,2
17755,2,2
17756,2,2
17757,2,1
17758,2,1
17759,1,1
17760,2,2
17762,1,1
17763,1,1
17764,2,1
17765,1,1
17766,2,1
17767,1,1
17768,1,1
17769,2,2
17770,1,1
17771,2,1
17772,1,1
17773,1,1
17774,1,1
17775,1,1
17776,1,1
17777,1,1
17778,2,1
17779,1,1
17780,1,1
17781,1,1
17782,1,1
17783,1,1
17784,1,1
17785,1,1
17787,2,2
17788,1,1
17789,2,2
17790,2,2
17791,1,1
17792,2,2
17794,1,1
17795,1,1
17796,2,2
17798,1,1
17799,2,1
17800,1,1
17801,2,1
17802,1,1
17803,1,1
17804,2,2
17805,1,1
17806,1,1
17807,1,1
17808,1,1
17809,2,1
17810,1,1
17811,1,1
17812,2,1
17813,2,1
17815,1,1
17816,1,1
17818,1,1
17819,1,1
17820,1,1
17821,1,2
17822,1,1
17823,2,2
17825,1,1
17826,1,1
17827,1,1
17828,1,2
17829,1,1
17830,1,1
17831,1,1
17832,1,1
17833,1,1
17834,2,1
17835,1,1
17836,1,1
17837,1,1
17838,1,1
17839,1,1
17840,2,1
17841,1,1
17842,2,1
17843,1,2
17844,1,1
17845,2,2
17846,2,2
17847,1,1
17848,1,1
17849,1,1
17850,1,1
17852,1,1
17853,1,1
17854,1,2
17856,1,1
17857,1,1
17858,1,1
17859,1,1
17860,1,1
17861,1,1
17862,2,1
17863,1,1
17864,1,1
17865,1,1
17866,1,1
17867,2,2
17868,2,1
17870,1,1
17871,2,2
17873,1,1
17874,1,1
17876,1,1
17877,1,1
17878,1,1
17879,2,1
17880,1,1
17881,1,1
17882,1,1
17884,2,2
17885,2,1
17886,1,1
17887,1,1
17889,1,1
17890,1,1
17891,1,1
17892,1,1
17893,1,1
17894,1,1
17895,1,1
17896,1,1
17897,1,1
17898,1,1
17899,1,1
17900,1,1
17902,1,1
17903,1,1
17905,1,1
17906,1,1
17907,1,1
17908,2,1
17910,1,1
17911,1,1
17912,1,1
17914,1,1
17916,1,1
17917,1,1
17918,1,1
17919,1,1
17920,1,1
17921,2,2
17922,1,1
17923,1,1
17926,1,1
17927,1,1
17928,1,1
17929,1,1
17930,1,1
17931,1,1
17932,1,1
17934,1,2
17935,1,1
17936,2,2
17937,1,1
17938,2,1
17939,1,1
17940,1,1
17941,1,1
17942,1,1
17943,1,1
17944,1,1
17945,2,1
17946,1,1
17949,1,1
17950,1,1
17951,1,1
17952,1,1
17953,1,1
17954,1,1
17955,1,2
17956,1,1
17957,2,2
17958,1,1
17959,1,1
17960,1,1
17961,1,1
17962,1,1
17963,1,1
17964,1,1
17965,2,1
17966,1,2
17967,1,1
17968,2,2
17969,2,2
17970,1,1
17971,1,1
17972,1,1
17973,1,1
17974,2,2
17976,1,1
17977,1,1
17978,1,1
17979,1,1
17980,1,1
17981,1,1
17982,1,1
17984,1,2
17985,1,1
17987,1,1
17988,1,1
17989,1,1
17990,1,1
17991,2,2
17992,1,1
17993,1,1
17994,1,1
17995,1,1
17996,1,1
17997,1,1
17998,1,1
17999,1,2
18000,1,1
18001,2,1
18002,1,1
18003,1,1
18004,2,1
18005,2,1
18006,2,2
18007,1,1
18008,1,1
18009,2,2
18010,1,1
18011,1,1
18012,1,2
18013,2,2
18014,2,2
18015,2,2
18016,2,1
18017,1,1
18018,1,1
18019,1,1
18020,1,1
18023,1,2
18024,1,1
18025,1,1
18027,1,1
18028,2,2
18029,1,1
18030,1,1
18031,1,1
18033,1,1
18035,1,1
18036,1,1
18037,1,1
18038,1,1
18039,2,1
18040,1,2
18041,1,1
18042,2,1
18043,2,2
18044,2,2
18045,1,1
18046,1,1
18048,1,1
18049,1,1
18050,2,1
18051,1,1
18052,1,1
18053,2,2
18054,2,2
18055,1,1
18056,1,1
18057,1,1
18060,1,2
18061,1,1
18063,1,1
18064,2,2
18065,1,1
18066,2,1
18067,1,1
18068,2,2
18069,1,1
18070,1,1
18071,1,1
18072,1,1
18073,1,1
18074,2,1
18075,1,1
18076,2,2
18077,1,1
18078,1,1
18079,1,1
18080,2,2
18081,1,1
18082,1,1
18083,2,1
18084,1,1
18085,2,2
18086,1,1
18087,2,2
18088,1,1
18090,1,1
18091,2,1
18092,1,1
18093,1,1
18094,1,1
18095,1,1
18096,1,1
18097,1,1
18098,1,1
18099,1,1
18100,1,1
18101,2,1
18102,1,1
18103,1,1
18104,1,1
18105,1,1
18106,2,1
18107,1,1
18109,1,1
18110,1,1
18111,2,1
18112,2,2
18113,1,1
18114,1,1
18115,1,1
18116,1,1
18117,1,1
18119,1,1
18120,1,1
18121,2,1
18122,1,1
18123,2,2
18124,1,1
18125,1,1
18127,1,1
18129,2,1
18130,1,1
18132,2,2
18134,1,1
18135,1,1
18136,1,1
18137,1,1
18138,1,1
18139,1,1
18140,2,1
18141,2,1
18142,2,2
18143,2,1
18145,1,1
18146,2,2
18147,1,1
18148,1,1
18149,2,1
18150,1,1
18151,2,1
18153,2,2
18154,1,1
18155,2,2
18156,1,1
18157,1,1
18158,1,1
18159,2,2
18160,1,1
18161,1,1
18162,1,1
18163,1,1
18164,1,1
18165,1,1
18166,1,1
18167,2,2
18168,1,1
18170,1,1
18171,1,1
18172,1,1
18173,1,1
18174,1,1
18175,1,1
18176,1,1
18177,1,1
18178,1,1
18179,1,2
18180,1,1
18182,1,1
18183,2,2
18184,1,1
18185,1,1
18187,1,1
18188,1,1
18189,2,2
18190,1,1
18191,1,1
18192,1,1
18193,2,2
18194,1,1
18195,1,1
18197,1,1
18198,1,1
18199,1,1
18200,1,1
18201,1,1
18202,1,1
18203,2,1
18204,1,1
18205,1,1
18206,2,1
18208,1,1
18209,1,1
18210,2,1
18211,1,1
18212,1,1
18213,1,1
18214,2,2
18215,2,1
18216,1,1
18217,1,1
18218,2,1
18219,2,2
18220,1,1
18221,1,1
18222,1,2
18223,1,1
18224,1,1
18225,1,1
18226,1,2
18227,1,1
18228,1,1
18229,1,2
18230,1,1
18231,1,1
18232,1,1
18234,2,2
18236,1,1
18237,1,1
18238,1,1
18239,1,1
18241,2,2
18242,1,1
18243,1,1
18244,1,1
18247,1,2
18248,2,1
18249,1,1
18251,2,2
18252,2,1
18253,1,1
18254,1,1
18255,1,2
18256,1,1
18257,1,1
18258,2,1
18259,1,1
18260,1,1
18261,1,1
18263,1,1
18264,1,1
18266,1,1
18267,1,1
18268,1,1
18269,1,1
18270,2,1
18271,1,1
18272,1,2
18273,1,1
18274,2,1
18275,2,2
18276,1,1
18277,1,2
18278,1,1
18279,1,1
18280,1,1
18281,1,1
18282,1,1
18283,1,1
18284,2,2
18285,2,1
18286,2,1
18288,1,1
18289,1,1
18291,1,1
18292,1,1
18293,1,1
18294,1,1
18295,1,1
18297,2,1
18299,1,1
18300,2,2
18301,1,1
18302,1,1
18304,2,1
18305,1,1
18306,1,1
18307,1,1
18308,1,1
18309,2,1
18310,1,1
18311,2,1
18312,1,1
18313,1,1
18314,2,1
18315,2,1
18316,1,1
18317,1,1
18318,1,1
18319,1,1
18321,2,1
18322,1,1
18325,1,1
18328,2,1
18329,1,1
18330,1,1
18331,1,1
18332,2,2
18333,1,1
18335,1,1
18336,1,2
18337,2,2
18338,1,1
18339,1,1
18340,1,1
18341,2,2
18342,1,1
18343,1,1
18344,1,1
18345,1,1
18346,1,1
18348,1,1
18349,1,1
18350,2,2
18351,1,1
18352,2,2
18353,1,1
18354,1,1
18355,1,1
18356,1,1
18358,1,1
18359,1,1
18360,1,1
18361,1,1
18362,1,1
18363,1,1
18364,2,1
18365,1,1
18366,1,1
18367,1,1
18368,1,1
18369,1,1
18370,1,1
18371,1,1
18372,1,1
18373,2,1
18374,1,1
18375,1,1
18379,1,1
18380,1,1
18381,1,1
18382,1,1
18383,1,1
18384,1,1
18385,2,2
18386,1,1
18387,2,2
18389,1,1
18390,1,1
18391,1,1
18392,1,1
18393,2,1
18395,1,1
18396,1,1
18397,1,1
18398,1,1
18399,1,2
18400,1,1
18401,2,2
18402,1,2
18403,2,2
18404,1,1
18405,2,1
18406,1,1
18407,1,1
18408,2,2
18409,2,2
18410,1,1
18411,1,1
18412,2,2
18413,1,1
18414,2,2
18415,1,1
18416,1,1
18417,1,1
18418,2,1
18419,1,1
18421,1,1
18422,1,1
18423,1,1
18424,1,1
18425,1,1
18426,1,1
18427,1,1
18428,1,1
18429,1,1
18430,2,1
18431,2,1
18432,1,1
18433,2,1
18434,1,1
18435,1,1
18436,1,1
18437,1,2
18439,1,1
18440,2,1
18441,1,1
18442,1,1
18443,2,2
18444,1,1
18445,1,1
18446,1,1
18447,1,1
18448,2,1
18450,2,2
18451,1,1
18452,2,1
18453,1,2
18454,1,2
18455,2,1
18456,1,1
18457,2,2
18458,2,1
18459,2,2
18461,1,1
18462,2,1
18463,2,2
18464,1,1
18465,1,1
18466,1,1
18467,1,1
18468,2,2
18469,1,1
18472,1,1
18473,2,2
18474,1,1
18475,1,1
18476,1,1
18477,1,1
18478,1,1
18479,2,2
18480,1,1
18481,2,1
18483,1,1
18484,1,1
18485,1,1
18486,1,1
18488,1,1
18489,2,2
18490,1,1
18491,1,1
18492,1,1
18493,2,1
18494,2,1
18495,1,1
18496,1,1
18497,2,2
18498,1,1
18499,1,1
18500,1,1
18502,1,1
18503,1,1
18505,1,1
18506,1,1
18508,2,1
18509,1,1
18510,1,1
18512,1,1
18513,1,1
18514,1,1
18515,1,1
18516,1,1
18517,1,1
18518,1,1
18519,2,2
18521,1,2
18522,1,2
18523,1,1
18524,1,1
18525,1,1
18526,1,1
18527,2,1
18528,2,1
18529,1,1
18530,2,1
18532,1,1
18534,1,1
18535,2,1
18536,2,1
18537,1,1
18538,2,2
18540,2,1
18541,2,2
18542,2,1
18543,1,1
18544,1,1
18545,1,1
18546,1,1
18547,1,1
18548,1,1
18549,1,1
18550,1,1
18551,1,2
18552,1,1
18553,1,1
18554,1,1
18555,1,1
18556,1,1
18558,1,1
18559,1,1
18563,1,1
18564,1,1
18565,1,1
18566,2,1
18567,1,1
18568,1,1
18569,1,1
18571,2,1
18572,1,1
18573,2,1
18574,1,1
18575,2,2
18576,1,1
18577,1,1
18578,1,1
18579,1,1
18580,1,1
18581,1,1
18582,1,1
18584,1,1
18585,1,1
18587,1,1
18588,2,1
18589,1,1
18590,1,1
18591,1,1
18592,1,1
18593,1,1
18594,1,1
18595,1,1
18596,1,1
18597,2,1
18598,2,2
18599,1,1
18600,1,1
18601,1,1
18602,2,1
18603,1,1
18604,1,1
18605,1,1
18607,1,1
18608,1,1
18609,1,1
18610,1,1
18611,1,1
18612,2,1
18613,1,1
18615,2,1
18616,1,1
18617,1,1
18619,1,1
18620,1,1
18621,1,1
18622,1,1
18623,2,1
18624,2,2
18625,1,1
18627,1,1
18628,1,1
18630,1,1
18631,1,1
18632,2,2
18633,2,2
18635,1,1
18636,1,1
18637,2,2
18639,1,1
18640,1,1
18641,1,2
18642,1,2
18643,2,1
18644,1,1
18645,1,1
18647,1,1
18648,2,1
18649,1,1
18650,1,1
18651,2,1
18652,1,1
18653,2,1
18654,2,2
18655,1,1
18656,1,1
18657,2,1
18658,1,1
18659,1,1
18660,2,2
18661,1,1
18662,2,1
18663,1,1
18664,1,1
18666,1,1
18667,1,1
18668,1,1
18669,2,2
18670,1,1
18671,1,1
18672,1,1
18673,2,1
18674,1,2
18675,2,1
18677,1,1
18678,2,2
18679,1,1
18680,2,2
18681,2,2
18682,1,1
18683,1,1
18684,2,2
18685,1,1
18686,1,2
18687,1,2
18688,1,1
18689,1,1
18690,1,1
18691,1,1
18692,1,1
18693,1,1
18694,1,1
18695,2,1
18696,1,1
18697,1,1
18698,1,1
18699,1,1
18700,1,1
18701,1,1
18702,2,2
18703,1,1
18704,1,2
18706,1,1
18707,2,1
18708,1,1
18709,2,1
18710,1,1
18711,1,1
18712,1,1
18713,1,1
18714,1,1
18715,2,1
18716,1,1
18717,1,1
18718,2,1
18719,1,1
18721,1,1
18722,1,2
18723,1,1
18724,1,1
18725,1,1
18726,1,1
18727,1,1
18728,1,1
18729,2,2
18730,1,1
18731,1,1
18732,1,1
18733,2,1
18734,1,1
18735,1,1
18736,1,1
18737,1,1
18738,1,2
18739,2,1
18740,1,1
18741,1,1
18742,1,1
18743,1,1
18744,1,1
18745,1,1
18746,1,1
18747,1,1
18748,1,1
18749,1,1
18751,1,1
18752,1,1
18753,1,1
18754,1,1
18755,1,1
18756,1,1
18757,1,1
18758,1,1
18759,1,1
18760,1,1
18761,1,1
18762,1,1
18763,2,2
18764,1,1
18765,1,1
18766,1,1
18767,1,1
18768,1,1
18769,1,1
18770,1,1
18771,1,1
18772,1,1
18773,2,2
18774,1,1
18775,1,1
18776,1,1
18777,2,1
18778,2,1
18779,2,1
18780,1,1
18781,1,2
18782,1,1
18783,1,1
18784,1,1
18785,1,1
18786,1,1
18787,1,1
18788,1,1
18789,1,1
18790,1,1
18791,1,1
18792,1,2
18793,1,1
18794,1,2
18795,1,1
18798,1,1
18799,1,1
18800,1,1
18801,1,1
18802,1,1
18803,1,1
18804,1,1
18805,1,1
18806,1,1
18807,1,1
18808,1,1
18809,2,2
18810,1,1
18811,1,1
18812,2,2
18814,2,2
18816,1,1
18817,2,2
18818,1,1
18819,1,1
18821,1,1
18822,1,1
18823,1,1
18824,1,1
18825,2,1
18826,2,1
18827,2,1
18828,2,1
18829,1,1
18830,1,1
18831,1,1
18832,1,1
18833,1,1
18834,1,1
18835,2,2
18837,1,1
18839,1,1
18840,1,1
18841,1,1
18842,1,1
18843,1,1
18844,1,1
18845,1,1
18846,1,1
18847,2,1
18848,1,1
18849,1,1
18850,1,1
18851,1,1
18852,2,1
18853,2,2
18854,1,1
18855,1,1
18856,1,1
18858,1,1
18859,1,2
18860,2,1
18861,1,1
18863,1,1
18864,1,2
18865,1,1
18866,1,1
18867,1,1
18868,2,1
18869,1,1
18870,1,1
18871,2,1
18872,1,1
18873,2,1
18874,1,1
18876,1,1
18877,1,1
18878,2,1
18879,2,2
18880,1,1
18881,1,1
18882,2,2
18883,2,1
18884,1,1
18885,1,1
18886,1,1
18887,2,1
18888,2,1
18889,1,1
18890,2,2
18891,1,1
18892,2,1
18893,2,2
18894,1,1
18895,2,1
18896,1,1
18897,1,1
18898,2,1
18900,1,1
18902,1,1
18903,1,1
18904,1,1
18905,1,1
18906,2,2
18907,1,1
18908,1,1
18909,1,1
18910,2,1
18911,1,1
18912,1,1
18913,2,1
18915,1,1
18916,2,2
18917,2,1
18919,1,1
18920,1,1
18921,1,1
18922,1,1
18923,2,1
18924,1,1
18925,1,1
18927,2,1
18928,1,1
18929,1,1
18930,2,2
18931,1,1
18932,2,1
18934,1,1
18935,2,1
18936,1,1
18937,1,1
18938,2,1
18939,1,1
18940,1,1
18941,2,1
18942,1,1
18943,2,1
18945,1,1
18946,1,1
18947,2,1
18948,2,1
18949,1,1
18950,1,1
18951,1,1
18952,1,1
18954,1,1
18955,2,2
18957,1,1
18959,1,1
18960,2,1
18962,2,1
18963,1,1
18964,1,1
18966,1,1
18967,1,1
18968,1,1
18969,1,1
18971,2,1
18972,1,1
18973,1,1
18974,1,1
18976,1,1
18977,1,1
18978,1,1
18979,1,1
18980,2,1
18981,1,1
18982,1,2
18984,1,1
18985,1,1
18986,1,1
18987,2,2
18988,1,1
18989,1,1
18991,1,1
18992,1,2
18993,1,1
18994,1,1
18995,1,1
18996,1,1
18997,1,1
18999,2,1
19000,1,1
19001,2,1
19002,2,2
19003,1,1
19004,1,1
19005,2,1
19006,2,1
19007,1,1
19008,1,1
19009,1,1
19010,1,1
19011,1,1
19012,1,2
19013,1,1
19014,2,2
19015,1,1
19016,1,1
19017,1,1
19018,1,1
19019,1,1
19020,1,1
19021,1,1
19022,2,2
19023,2,1
19024,1,1
19025,2,1
19027,2,2
19028,2,1
19029,2,2
19030,1,1
19031,2,1
19032,1,1
19033,1,1
19034,1,1
19035,1,1
19036,2,2
19037,2,1
19038,1,1
19039,1,2
19040,1,1
19041,2,1
19042,1,1
19043,1,1
19044,1,1
19045,1,1
19046,1,2
19047,1,1
19049,1,1
19050,1,1
19051,1,1
19052,1,1
19053,1,1
19054,1,1
19056,1,1
19057,1,1
19058,1,1
19059,1,1
19060,1,1
19061,1,1
19062,2,1
19063,1,1
19064,1,1
19065,1,2
19066,1,1
19068,2,2
19069,2,1
19070,1,1
19071,1,1
19072,2,1
19073,1,1
19076,1,2
19078,2,2
19079,1,1
19080,2,1
19081,1,1
19082,1,1
19083,1,1
19084,2,2
19085,1,2
19087,1,1
19088,2,2
19089,1,1
19091,1,1
19092,1,1
19093,1,1
19094,1,1
19095,1,1
19096,1,1
19097,1,1
19099,1,1
19100,1,1
19101,1,1
19102,1,1
19103,1,1
19104,1,1
19105,2,2
19106,1,1
19107,1,1
19108,1,2
19109,1,1
19110,1,1
19111,1,1
19113,1,1
19114,1,1
19115,1,1
19116,2,1
19117,1,1
19119,1,1
19120,2,1
19121,2,2
19122,1,1
19123,1,1
19124,1,1
19125,1,1
19126,1,1
19127,1,1
19128,1,1
19129,1,1
19130,2,2
19131,1,1
19132,1,1
19133,2,2
19134,1,1
19135,1,1
19136,1,1
19137,1,1
19138,1,1
19139,1,1
19140,2,1
19141,1,1
19142,1,1
19143,2,1
19144,1,1
19145,1,1
19146,1,1
19147,1,1
19148,1,1
19150,1,1
19151,1,1
19152,1,1
19153,1,1
19154,2,2
19155,1,1
19156,2,2
19157,1,1
19158,1,1
19159,1,1
19160,1,1
19161,1,1
19162,1,1
19163,1,1
19164,1,1
19165,1,1
19167,1,1
19168,1,1
19169,1,2
19170,1,1
19171,1,1
19172,1,1
19173,1,1
19174,1,1
19176,1,1
19177,1,1
19178,1,1
19179,1,1
19181,1,1
19182,2,1
19183,1,1
19184,1,1
19185,1,1
19186,1,1
19187,2,2
19188,1,1
19189,1,1
19190,1,1
19191,1,1
19192,1,1
19193,2,2
19194,1,1
19195,1,1
19196,1,1
19197,1,1
19198,2,2
19199,1,1
19200,1,1
19201,1,1
19202,2,1
19203,1,1
19204,2,1
19205,1,1
19206,1,1
19207,1,1
19208,2,1
19209,1,1
19210,1,1
19211,1,1
19212,1,1
19213,1,1
19214,2,2
19215,1,1
19216,1,1
19217,1,1
19219,2,1
19220,1,1
19221,1,1
19222,1,1
19223,1,1
19224,1,1
19225,2,1
19226,1,1
19227,1,1
19228,1,1
19230,1,1
19231,1,1
19232,1,1
19234,1,1
19235,1,1
19237,1,1
19239,1,1
19240,1,1
19241,1,1
19243,1,1
19244,1,1
19246,1,1
19247,2,2
19248,1,1
19249,2,1
19250,2,1
19251,1,1
19252,2,1
19253,1,1
19254,2,1
19255,1,1
19256,1,1
19257,1,2
19259,1,1
19260,1,1
19261,1,1
19262,1,1
19263,1,1
19265,1,1
19266,1,1
19267,1,1
19268,1,1
19269,1,1
19270,2,1
19271,1,1
19272,2,2
19273,1,1
19274,1,1
19275,1,1
19276,1,1
19277,1,1
19278,1,1
19279,1,1
19280,2,1
19281,2,1
19282,2,2
19284,1,1
19285,1,1
19286,1,1
19287,1,1
19288,1,1
19291,2,2
19292,2,2
19293,1,1
19294,2,1
19296,1,1
19297,1,1
19299,1,1
19301,1,1
19302,1,2
19303,1,1
19305,1,1
19306,1,1
19307,1,1
19308,1,1
19309,1,2
19310,2,2
19311,1,1
19312,1,1
19313,1,1
19314,2,1
19315,1,1
19316,1,1
19317,1,1
19318,1,1
19319,1,1
19320,1,1
19321,1,1
19322,1,1
19323,2,2
19325,2,1
19326,2,2
19327,1,1
19328,1,1
19329,1,1
19331,1,1
19332,1,1
19333,2,2
19334,1,2
19335,2,2
19336,1,1
19337,1,1
19339,1,1
19341,2,1
19343,1,1
19344,1,1
19345,2,1
19346,2,1
19347,2,1
19348,2,2
19349,1,1
19350,1,1
19351,1,1
19352,1,1
19353,2,1
19354,2,1
19356,2,1
19357,1,1
19358,1,1
19359,1,1
19361,1,1
19362,1,1
19363,2,2
19364,2,1
19365,1,1
19366,1,1
19370,2,1
19371,1,1
19372,1,1
19373,1,1
19374,1,1
19375,1,1
19376,1,1
19378,2,2
19379,1,1
19380,1,1
19381,1,1
19382,2,1
19383,1,1
19384,1,1
19385,1,1
19386,1,2
19387,2,1
19388,1,1
19391,1,1
19392,1,1
19393,1,1
19394,1,1
19395,2,2
19396,1,1
19397,1,1
19398,1,1
19399,1,1
19400,1,1
19401,1,1
19402,1,1
19405,1,1
19406,1,1
19407,1,1
19408,1,1
19409,1,1
19410,2,2
19412,1,1
19416,2,1
19417,2,2
19418,1,1
19419,2,1
19420,1,1
19421,1,1
19422,1,1
19423,1,1
19424,1,1
19425,1,1
19426,1,1
19427,1,1
19428,1,1
19430,1,1
19431,1,1
19432,1,1
19433,1,2
19434,2,1
19435,1,1
19436,2,1
19437,2,2
19438,2,1
19439,1,1
19441,1,1
19442,1,2
19443,1,1
19444,2,1
19445,2,1
19446,1,1
19447,1,1
19448,1,1
19449,1,1
19450,2,2
19452,1,1
19453,1,1
19454,2,1
19456,1,1
19457,1,1
19458,1,1
19459,2,1
19460,1,1
19461,1,1
19462,1,1
19463,1,1
19464,2,2
19465,1,1
19466,2,1
19467,1,2
19468,1,1
19469,1,1
19470,2,1
19471,1,1
19472,1,1
19473,1,2
19474,2,2
19475,1,2
19476,2,2
19477,1,1
19478,1,1
19479,2,2
19480,2,2
19481,1,1
19482,1,1
19483,2,2
19484,1,1
19485,1,1
19486,2,1
19487,2,1
19488,1,1
19490,1,2
19491,1,1
19492,1,2
19493,1,1
19494,2,1
19495,1,1
19496,1,1
19497,2,1
19498,1,1
19499,2,2
19500,1,1
19501,2,2
19502,2,1
19503,1,1
19504,2,1
19508,1,1
19509,1,1
19511,1,1
19512,1,1
19513,1,1
19514,1,1
19515,1,1
19516,1,1
19517,1,1
19518,1,1
19519,1,1
19520,1,2
19521,1,1
19522,1,1
19523,1,1
19524,1,1
19525,2,1
19526,1,1
19527,1,1
19528,1,1
19530,1,2
19531,2,1
19532,1,1
19533,1,1
19534,1,1
19535,1,1
19536,1,1
19537,1,1
19538,1,1
19539,1,1
19540,1,1
19542,1,1
19543,2,1
19544,1,1
19545,1,1
19546,1,1
19547,1,1
19548,1,1
19549,2,1
19550,2,1
19551,1,1
19552,1,1
19553,1,1
19554,1,1
19555,2,1
19556,1,1
19557,2,1
19558,1,1
19559,2,1
19561,1,1
19562,1,1
19563,2,2
19564,1,1
19565,1,1
19566,1,1
19567,2,1
19568,2,2
19569,2,1
19570,1,1
19571,1,1
19572,1,1
19573,1,1
19574,2,2
19575,1,1
19576,2,1
19577,2,2
19578,1,1
19579,1,1
19580,1,1
19582,1,1
19583,1,1
19584,1,1
19585,2,1
19586,1,1
19587,1,1
19588,1,1
19589,1,1
19590,1,1
19592,1,1
19593,1,1
19594,1,1
19595,2,2
19596,1,1
19597,1,1
19598,1,1
19599,1,1
19601,1,1
19602,1,1
19603,1,1
19604,1,1
19605,1,1
19606,1,1
19607,2,1
19608,1,1
19609,1,1
19610,1,1
19611,1,1
19612,1,1
19613,1,1
19614,1,1
19615,2,1
19616,1,1
19617,2,2
19618,1,1
19619,1,1
19620,1,1
19621,1,1
19622,1,1
19623,2,1
19625,1,1
19626,1,2
19627,2,1
19628,1,1
19629,1,1
19630,1,1
19631,2,2
19632,1,1
19633,1,1
19634,1,1
19635,2,2
19636,2,1
19637,1,1
19638,1,1
19639,1,1
19640,1,1
19641,1,1
19642,1,1
19643,2,2
19644,2,1
19645,1,2
19646,1,1
19647,1,1
19648,1,1
19649,1,1
19650,2,1
19651,1,1
19652,1,1
19653,1,1
19654,1,1
19655,2,1
19656,1,1
19657,1,1
19658,1,1
19659,1,1
19660,2,1
19661,1,1
19662,1,1
19663,1,1
19664,1,1
19665,1,1
19666,1,1
19667,1,1
19668,1,1
19670,1,1
19671,1,1
19672,1,1
19673,1,1
19674,1,1
19675,1,1
19676,1,1
19677,1,2
19679,1,1
19680,1,1
19681,1,2
19682,1,1
19683,1,1
19684,1,1
19685,1,1
19686,1,1
19687,1,1
19689,1,1
19690,1,1
19691,2,1
19692,1,1
19695,2,2
19696,1,1
19697,1,1
19698,1,1
19699,2,2
19700,1,1
19701,2,1
19702,2,1
19703,1,1
19705,1,1
19707,2,1
19708,1,1
19709,2,1
19710,1,1
19711,1,1
19712,1,1
19713,1,2
19715,1,1
19716,2,2
19717,1,1
19718,1,2
19719,1,1
19721,1,1
19722,2,2
19723,1,1
19724,1,1
19725,2,2
19726,2,1
19727,2,1
19728,1,1
19729,2,2
19730,1,1
19731,1,1
19732,1,1
19733,2,1
19734,1,1
19735,1,1
19736,1,1
19737,1,1
19738,1,1
19739,1,1
19740,2,1
19742,1,1
19743,2,2
19744,1,1
19745,2,1
19746,1,1
19747,1,1
19748,1,1
19749,1,1
19750,1,1
19751,1,1
19752,1,1
19754,1,1
19755,1,1
19756,1,1
19757,1,1
19758,1,1
19759,1,1
19760,2,1
19761,1,1
19762,1,1
19763,2,2
19764,1,1
19766,1,1
19767,1,1
19768,2,2
19770,1,1
19771,1,1
19772,2,1
19773,1,1
19774,1,1
19775,1,1
19776,1,1
19777,2,2
19778,1,1
19779,1,1
19780,1,1
19782,1,1
19783,1,1
19785,1,1
19786,1,2
19787,1,1
19788,1,1
19789,2,2
19790,1,2
19791,2,1
19793,2,1
19794,2,1
19795,1,1
19796,1,1
19797,2,1
19798,1,1
19799,1,1
19800,1,1
19801,1,1
19802,1,1
19803,1,1
19806,1,1
19807,2,2
19808,1,1
19809,2,1
19810,2,2
19811,1,1
19812,1,1
19813,2,2
19814,1,1
19816,1,1
19817,2,2
19818,1,1
19819,1,1
19820,1,1
19821,1,1
19822,2,1
19823,1,1
19824,1,1
19825,1,1
19826,1,1
19827,1,1
19829,2,2
19830,1,1
19831,1,1
19832,1,1
19833,1,1
19834,1,1
19835,1,1
19836,1,1
19838,1,1
19839,1,1
19840,1,1
19841,1,1
19842,2,1
19843,1,1
19844,1,1
19845,1,1
19846,1,1
19847,1,1
19848,1,1
19850,2,1
19851,1,1
19852,1,1
19853,1,1
19854,2,1
19855,1,1
19856,2,1
19857,1,1
19858,1,1
19859,2,2
19860,1,1
19861,2,2
19863,1,1
19865,1,1
19866,2,2
19867,1,1
19868,1,1
19869,1,1
19870,1,1
19871,1,1
19873,1,1
19874,1,1
19875,1,1
19876,1,1
19877,1,1
19878,1,1
19879,1,1
19880,1,1
19881,1,1
19882,1,1
19883,1,1
19884,1,1
19885,1,1
19886,1,1
19887,2,1
19888,1,1
19889,1,1
19890,1,1
19891,2,1
19892,1,1
19893,2,1
19894,1,1
19895,2,2
19896,2,2
19897,1,1
19898,2,2
19899,1,1
19900,2,2
19901,2,2
19902,1,1
19903,1,1
19904,2,1
19905,1,1
19906,1,1
19907,1,1
19908,1,1
19909,1,1
19910,1,1
19911,1,1
19912,1,1
19914,1,1
19915,1,1
19916,1,1
19917,1,1
19918,1,1
19919,2,2
19920,2,2
19921,1,1
19922,1,1
19923,2,1
19925,2,2
19926,1,1
19927,1,1
19928,1,1
19932,1,1
19933,1,1
19934,1,1
19936,1,1
19938,2,2
19939,1,1
19941,1,1
19942,1,1
19943,1,1
19944,2,1
19945,2,1
19946,1,1
19947,1,1
19948,1,1
19950,2,2
19951,1,1
19952,1,1
19953,1,1
19954,1,1
19955,1,1
19956,1,1
19957,1,1
19958,1,1
19959,1,1
19960,1,1
19962,1,2
19963,1,1
19964,2,2
19965,1,1
19966,1,1
19967,1,1
19968,2,2
19969,1,1
19970,1,1
19972,1,1
19973,1,1
19974,1,1
19975,1,1
19976,1,1
19977,1,1
19978,1,1
19979,1,1
19980,1,1
19981,1,1
19982,1,1
19983,1,1
19984,1,1
19985,1,1
19986,1,1
19987,1,1
19988,2,2
19989,1,1
19990,1,1
19991,1,1
19992,1,2
19993,1,1
19994,1,1
19995,2,1
19996,1,1
19997,1,1
19998,2,2
19999,2,1
20000,1,1
20001,2,2
20004,1,1
20005,2,2
20006,1,1
20007,1,1
20008,2,1
20009,1,1
20010,2,1
20011,1,1
20012,1,1
20013,1,1
20015,1,1
20016,1,1
20017,1,1
20018,1,1
20019,1,1
20020,1,1
20021,1,1
20023,1,1
20024,1,1
20025,2,1
20026,1,1
20027,1,1
20028,2,1
20029,1,1
20030,1,1
20031,1,1
20032,1,1
20033,1,1
20034,1,1
20035,1,1
20037,1,1
20039,2,2
20040,1,1
20041,1,1
20042,2,1
20043,1,1
20044,1,1
20045,1,2
20046,2,2
20047,2,2
20048,1,1
20049,1,1
20051,2,1
20052,2,1
20054,1,1
20055,2,1
20056,1,1
20057,2,1
20058,1,1
20059,1,1
20060,1,1
20061,1,1
20062,1,1
20063,1,1
20064,1,1
20065,1,1
20067,1,1
20068,1,1
20069,1,1
20070,2,1
20071,2,1
20073,1,1
20074,2,1
20075,1,1
20076,2,1
20077,1,1
20078,1,1
20079,2,2
20080,1,1
20081,1,2
20082,1,1
20084,1,1
20085,1,1
20086,1,1
20087,1,1
20088,2,1
20089,2,2
20090,1,1
20091,2,1
20092,1,1
20093,2,2
20094,1,1
20095,1,1
20097,1,1
20098,2,2
20099,1,1
20100,1,1
20101,1,1
20102,1,1
20103,1,1
20106,2,1
20107,1,1
20108,1,1
20109,1,1
20110,1,1
20111,1,1
20112,1,1
20113,1,1
20114,1,1
20115,1,1
20116,1,1
20117,1,1
20118,1,1
20119,1,1
20120,2,1
20122,1,1
20123,1,1
20125,1,1
20126,2,2
20127,2,1
20128,1,1
20129,2,1
20130,1,1
20131,1,1
20132,2,1
20133,1,1
20136,2,1
20137,2,1
20139,1,1
20140,2,1
20141,1,1
20142,2,1
20143,1,1
20144,2,1
20145,1,1
20146,1,1
20147,2,1
20148,1,2
20149,1,1
20150,1,2
20151,1,1
20152,2,2
20153,1,1
20154,1,1
20155,1,1
20156,1,1
20157,1,1
20158,1,1
20159,1,1
20160,2,2
20161,1,1
20163,2,2
20164,2,1
20165,2,2
20166,1,1
20167,1,1
20168,1,2
20169,2,1
20171,1,1
20172,1,1
20173,1,1
20174,1,1
20175,1,1
20176,1,2
20177,1,1
20178,1,1
20181,1,1
20182,1,1
20183,1,1
20184,1,1
20185,1,1
20186,1,1
20187,1,1
20188,1,1
20189,1,1
20190,1,1
20191,1,1
20192,1,1
20193,2,2
20194,1,1
20195,1,1
20196,1,1
20197,1,1
20198,1,1
20200,2,2
20201,2,1
20202,1,1
20203,1,1
20204,1,1
20205,2,2
20206,1,1
20207,1,1
20208,1,2
20209,1,1
20211,1,1
20212,2,2
20213,1,1
20214,1,1
20215,1,1
20216,2,1
20217,1,1
20218,1,1
20219,1,1
20220,1,1
20221,1,1
20222,1,2
20223,1,1
20224,2,2
20226,2,1
20227,1,1
20228,1,1
20229,2,2
20230,1,1
20231,1,1
20232,1,1
20233,1,1
20235,1,1
20236,1,1
20237,1,1
20238,1,1
20239,1,1
20240,2,2
20241,2,1
20242,2,1
20244,1,1
20245,1,1
20246,1,1
20247,1,1
20249,1,1
20251,2,1
20252,2,2
20253,1,1
20254,1,1
20255,2,2
20256,1,1
20257,2,1
20258,2,1
20259,1,1
20260,1,1
20261,1,1
20262,2,1
20263,1,1
20266,1,1
20267,1,1
20268,2,2
20269,1,1
20270,1,1
20272,1,1
20273,2,1
20275,1,1
20276,2,2
20277,2,1
20278,2,1
20279,1,1
20280,1,1
20281,1,1
20282,1,2
20284,1,1
20285,2,2
20286,1,1
20287,1,1
20288,2,2
20290,2,1
20291,1,1
20292,2,2
20293,1,1
20294,1,1
20295,1,1
20296,1,1
20297,2,1
20298,2,2
20299,1,1
20300,1,1
20301,1,1
20302,1,1
20303,1,1
20305,2,2
20306,1,1
20307,2,1
20309,2,2
20310,1,1
20311,2,1
20312,1,1
20313,1,1
20314,1,1
20315,1,1
20316,1,1
20317,1,1
20318,1,2
20319,1,1
20320,1,1
20321,2,1
20322,1,1
20323,1,1
20325,1,1
20326,1,1
20327,1,1
20330,1,1
20331,1,1
20332,1,1
20333,1,1
20334,1,1
20335,2,1
20336,1,1
20337,1,1
20338,1,1
20339,1,1
20340,2,1
20341,1,1
20342,1,1
20343,2,2
20344,1,1
20345,1,1
20346,2,1
20347,1,1
20348,1,1
20349,1,1
20350,1,1
20351,1,1
20352,1,1
20353,2,1
20354,1,1
20355,2,1
20356,1,1
20357,1,1
20358,1,1
20359,1,1
20360,1,1
20361,1,1
20362,2,1
20363,2,1
20364,1,1
20365,1,1
20366,2,2
20367,1,2
20368,2,2
20369,1,1
20370,1,2
20371,1,1
20373,1,1
20374,1,1
20375,1,1
20376,2,1
20377,2,1
20378,1,1
20379,2,1
20380,1,1
20381,2,2
20382,2,1
20383,1,1
20385,1,1
20386,2,2
20387,2,2
20388,1,1
20389,1,1
20390,2,1
20391,2,1
20392,1,1
20393,2,2
20394,1,1
20396,1,1
20397,1,1
20398,1,1
20399,1,1
20400,1,1
20401,1,1
20402,1,1
20403,1,2
20404,1,1
20405,1,1
20407,2,2
20408,1,1
20411,1,2
20413,1,1
20414,1,2
20415,1,1
20416,1,1
20417,2,1
20418,1,1
20419,1,1
20420,1,1
20421,1,1
20422,2,1
20423,2,2
20424,1,1
20425,1,1
20426,1,1
20427,1,1
20428,1,1
20429,1,1
20430,1,1
20431,1,1
20432,2,1
20433,1,1
20434,1,1
20435,2,1
20436,1,1
20437,1,1
20438,1,1
20439,1,1
20441,2,1
20442,2,2
20443,1,1
20444,2,2
20445,1,1
20446,1,1
20447,1,1
20448,1,1
20449,1,1
20450,1,1
20451,1,1
20452,2,1
20453,1,1
20454,1,1
20455,1,1
20456,2,1
20457,1,1
20458,1,1
20459,1,2
20460,1,1
20461,1,1
20462,1,1
20463,1,1
20464,1,1
20465,2,2
20466,1,1
20467,2,1
20468,1,1
20469,1,1
20470,1,1
20471,2,1
20472,1,1
20473,1,2
20474,2,1
20475,1,1
20476,1,1
20478,1,1
20479,1,1
20480,1,1
20481,1,1
20482,1,1
20483,1,1
20484,2,2
20485,1,1
20486,2,1
20487,1,1
20488,2,1
20489,1,1
20490,2,1
20491,2,2
20492,1,1
20493,2,2
20494,2,2
20495,1,1
20496,1,1
20497,1,1
20498,1,1
20499,1,1
20500,1,1
20501,1,1
20502,1,1
20503,1,1
20504,1,1
20506,1,1
20508,1,1
20509,1,1
20510,2,1
20511,1,1
20512,2,2
20513,2,2
20514,1,1
20515,1,1
20516,1,1
20517,1,1
20518,2,1
20519,1,1
20520,1,1
20522,2,1
20523,2,2
20525,1,1
20526,1,1
20528,1,1
20529,2,1
20530,1,1
20531,1,1
20532,1,1
20533,1,1
20534,1,1
20535,2,1
20536,1,1
20537,2,2
20538,1,1
20539,1,1
20540,1,1
20541,1,1
20542,1,1
20543,2,2
20544,1,1
20545,2,2
20546,2,2
20547,1,1
20548,1,1
20549,2,2
20550,1,1
20551,1,1
20552,2,2
20553,1,1
20554,1,1
20555,2,2
20556,1,1
20557,2,2
20558,1,1
20559,1,1
20560,1,1
20562,1,2
20563,2,2
20564,1,1
20565,1,1
20567,1,1
20568,2,2
20570,1,1
20571,1,1
20572,2,2
20573,1,1
20574,1,1
20575,1,1
20576,1,2
20577,1,1
20578,2,1
20579,2,1
20580,1,1
20581,1,2
20582,1,1
20583,1,1
20584,1,2
20585,1,1
20586,1,1
20587,1,1
20588,1,1
20589,1,1
20590,1,1
20591,1,1
20592,2,1
20593,2,1
20594,1,1
20595,1,1
20596,1,1
20597,1,1
20598,2,2
20599,2,1
20600,2,1
20601,1,1
20602,2,2
20603,2,2
20604,1,1
20605,1,1
20606,1,1
20608,1,1
20609,2,1
20610,2,2
20612,1,1
20614,1,1
20615,1,1
20616,1,1
20617,1,1
20618,1,1
20619,1,1
20621,1,1
20622,1,1
20623,1,1
20624,1,1
20625,1,2
20626,1,1
20627,1,1
20628,1,1
20630,1,1
20631,1,1
20633,1,1
20634,1,1
20635,1,1
20636,1,1
20637,1,1
20639,2,1
20640,1,1
20642,2,1
20643,1,1
20644,1,1
20645,2,2
20646,1,1
20647,1,1
20648,1,1
20649,2,2
20650,1,1
20651,2,1
20652,1,1
20654,1,1
20655,1,1
20656,1,1
20657,1,1
20658,1,1
20659,2,2
20660,1,1
20662,2,2
20663,1,1
20664,1,1
20665,1,1
20668,1,1
20669,1,1
20670,1,1
20671,1,1
20673,1,1
20674,1,1
20675,1,1
20676,1,1
20678,1,1
20680,1,1
20681,1,1
20682,1,1
20683,2,2
20684,2,2
20685,1,1
20686,1,1
20687,1,1
20688,1,1
20689,1,1
20690,2,2
20691,1,1
20692,1,1
20693,1,1
20694,2,2
20695,1,1
20696,1,1
20697,1,1
20699,2,2
20700,1,1
20701,1,1
20702,2,1
20703,1,1
20704,2,1
20705,1,1
20706,1,1
20707,1,1
20708,1,1
20709,1,1
20710,1,1
20711,1,1
20712,1,1
20713,1,2
20714,1,1
20715,1,1
20716,1,1
20717,1,1
20718,1,1
20719,1,1
20720,1,1
20721,1,1
20723,2,1
20724,1,1
20725,2,2
20726,1,1
20727,1,1
20728,1,2
20730,1,1
20731,2,1
20732,1,1
20733,1,1
20734,1,1
20736,2,2
20737,1,1
20738,1,1
20739,1,1
20740,1,1
20741,1,1
20742,1,2
20743,1,1
20744,1,1
20745,1,1
20746,1,1
20747,1,1
20749,1,1
20750,1,1
20751,1,1
20752,1,1
20753,1,1
20754,1,1
20755,1,1
20756,1,2
20757,1,1
20758,1,1
20759,1,1
20760,1,1
20761,2,1
20762,1,1
20763,1,1
20764,1,1
20765,1,1
20766,1,1
20767,1,1
20768,2,1
20769,1,1
20772,1,1
20773,1,1
20774,1,1
20775,1,1
20776,1,1
20777,1,1
20778,1,1
20779,1,1
20781,1,1
20782,1,1
20783,1,1
20784,1,1
20785,1,1
20786,2,1
20788,1,1
20789,1,1
20790,1,1
20791,1,1
20792,1,1
20793,1,2
20794,1,1
20795,2,2
20797,1,1
20798,1,1
20799,2,1
20800,2,1
20801,1,2
20803,2,2
20804,2,2
20805,1,1
20806,2,2
20807,1,1
20808,1,1
20809,1,1
20810,1,1
20811,2,1
20813,1,1
20814,1,1
20815,1,1
20816,2,2
20817,2,1
20818,1,1
20819,2,1
20820,2,1
20821,1,1
20822,1,1
20823,2,1
20825,1,1
20826,1,1
20828,1,1
20829,2,1
20830,1,1
20831,1,1
20832,1,1
20833,1,1
20834,2,1
20835,1,2
20836,2,1
20837,1,2
20838,1,1
20841,1,1
20843,2,1
20844,1,1
20845,1,1
20846,1,1
20847,1,1
20849,1,1
20851,1,1
20852,1,1
20853,2,2
20854,2,2
20855,1,1
20856,1,1
20857,1,1
20858,1,1
20859,1,1
20860,2,1
20861,1,1
20862,2,1
20863,1,1
20864,2,2
20865,2,2
20866,1,1
20867,2,1
20868,1,1
20869,2,1
20870,1,1
20871,1,1
20872,1,1
20873,1,1
20874,1,1
20875,1,1
20876,2,2
20877,1,1
20878,1,1
20879,2,1
20880,1,1
20881,1,1
20883,1,1
20884,2,1
20885,1,1
20886,1,1
20887,1,1
20888,2,2
20889,2,1
20890,2,1
20892,1,1
20893,2,1
20894,1,1
20895,1,1
20897,1,1
20898,1,1
20899,1,1
20900,2,1
20901,1,1
20902,1,1
20903,1,1
20904,1,1
20906,2,1
20907,1,1
20908,1,1
20909,1,1
20910,2,2
20911,2,1
20912,1,1
20913,1,1
20914,1,1
20915,1,1
20916,1,1
20917,1,1
20918,2,1
20919,1,1
20920,1,1
20921,1,1
20922,1,1
20923,2,1
20925,1,1
20926,1,1
20927,1,1
20928,2,2
20929,2,1
20930,1,1
20931,1,1
20932,1,1
20933,1,1
20934,1,1
20935,1,1
20936,1,1
20937,2,2
20938,1,1
20939,1,1
20940,1,1
20941,1,1
20942,1,1
20943,1,1
20944,1,1
20945,1,1
20946,2,1
20947,1,1
20948,1,1
20949,1,1
20952,1,1
20953,1,1
20955,1,1
20956,1,2
20957,1,1
20958,1,1
20959,1,1
20960,1,1
20961,1,1
20962,1,1
20963,1,1
20964,2,2
20966,1,1
20967,1,1
20968,1,1
20969,1,1
20970,1,1
20971,1,1
20972,1,1
20973,1,1
20974,1,1
20975,1,1
20976,1,1
20977,1,1
20978,2,1
20979,1,1
20980,2,2
20981,1,1
20982,1,1
20984,2,2
20985,1,1
20986,1,1
20987,2,1
20988,1,1
20989,1,1
20990,1,1
20991,1,1
20992,2,1
20993,1,1
20994,1,1
20995,1,1
20996,2,1
20998,1,1
20999,1,1
21000,1,1
21001,1,1
21002,1,2
21003,1,2
21004,1,1
21008,1,1
21009,1,1
21010,1,1
21011,1,1
21013,2,2
21014,2,2
21015,2,1
21016,2,1
21017,1,1
21018,1,1
21019,2,1
21020,1,1
21021,1,1
21022,1,1
21023,2,1
21024,2,1
21025,1,1
21026,1,1
21027,2,2
21028,1,1
21030,1,1
21031,1,1
21032,1,1
21033,2,1
21034,1,1
21035,1,1
21036,1,1
21037,2,2
21038,2,2
21039,1,1
21040,2,2
21041,1,1
21042,1,1
21043,1,1
21044,2,2
21045,1,1
21046,1,1
21047,1,1
21048,1,1
21049,1,1
21050,2,2
21051,1,2
21052,1,1
21053,1,1
21054,1,2
21055,1,1
21056,1,1
21057,1,1
21059,1,1
21060,1,1
21062,1,1
21063,2,2
21064,1,1
21065,2,2
21066,1,1
21067,2,1
21068,2,1
21069,1,1
21070,1,1
21071,1,1
21072,1,1
21073,1,1
21074,1,1
21075,1,1
21076,1,1
21077,2,1
21080,1,1
21081,1,1
21082,1,1
21083,1,1
21085,1,1
21086,2,1
21087,1,2
21088,1,1
21090,1,1
21091,1,1
21092,1,1
21093,1,1
21094,1,1
21095,1,1
21097,2,1
21098,1,1
21099,1,1
21100,1,1
21101,1,1
21102,1,1
21103,1,1
21104,2,2
21105,1,1
21106,1,1
21107,1,1
21108,1,1
21109,2,1
21110,1,1
21111,1,1
21112,1,1
21113,1,1
21114,1,1
21115,1,1
21116,2,1
21117,1,1
21118,1,1
21120,1,1
21121,1,1
21122,1,1
21123,1,1
21124,2,2
21125,1,1
21126,1,1
21127,1,1
21128,2,2
21129,1,1
21131,1,1
21132,2,1
21133,1,1
21134,1,1
21135,2,1
21136,1,1
21137,1,1
21138,1,1
21139,1,1
21140,1,1
21141,1,1
21142,1,2
21143,1,1
21144,1,1
21145,1,1
21146,2,1
21148,1,1
21149,1,1
21150,2,1
21151,1,1
21152,1,1
21153,1,1
21154,1,1
21155,1,1
21156,2,1
21157,1,1
21158,1,1
21159,2,1
21160,1,1
21161,1,2
21162,1,1
21164,1,1
21165,1,1
21166,1,1
21167,1,1
21168,1,1
21169,1,1
21171,1,1
21172,2,1
21173,1,1
21174,1,1
21175,1,1
21176,1,1
21177,2,2
21178,1,1
21179,1,1
21181,2,2
21182,1,1
21183,1,1
21184,1,1
21185,1,1
21186,1,1
21187,1,1
21188,2,2
21190,2,1
21191,2,1
21192,1,1
21193,2,2
21194,1,1
21195,1,1
21196,1,1
21197,1,1
21198,2,2
21199,1,2
21200,1,1
21201,2,1
21202,1,1
21203,2,2
21204,1,1
21205,2,2
21206,2,2
21207,1,1
21208,1,1
21209,2,1
21210,2,1
21211,1,1
21212,1,1
21213,2,1
21214,2,1
21215,2,2
21216,2,2
21217,1,1
21218,1,1
21220,1,1
21222,1,1
21223,2,1
21225,1,1
21226,2,2
21227,1,1
21228,1,1
21229,1,1
21230,1,1
21231,1,1
21232,1,1
21233,1,1
21234,2,1
21235,1,1
21236,1,1
21237,1,1
21238,1,1
21239,1,1
21240,2,2
21241,2,1
21242,1,1
21243,1,1
21244,2,2
21245,2,2
21246,1,1
21247,1,1
21250,2,2
21251,1,1
21252,2,1
21254,1,1
21255,2,2
21256,1,1
21257,1,1
21258,2,1
21259,1,1
21260,2,1
21261,2,1
21262,1,1
21263,1,1
21264,1,1
21265,1,1
21266,1,1
21267,1,1
21268,1,1
21269,1,1
21270,1,1
21271,2,1
21272,1,1
21273,1,1
21274,2,2
21276,1,1
21277,1,1
21278,1,1
21279,2,2
21280,2,2
21281,2,2
21282,2,1
21283,2,2
21284,1,1
21285,1,1
21286,1,1
21287,1,1
21288,1,1
21290,1,2
21291,2,2
21292,1,2
21293,1,1
21294,1,1
21295,1,1
21296,1,1
21298,1,1
21299,1,1
21300,1,1
21301,2,2
21303,1,1
21304,1,1
21305,1,1
21306,1,1
21307,2,2
21308,1,1
21309,1,1
21310,1,1
21314,2,1
21315,2,1
21316,2,1
21317,1,1
21318,1,1
21320,2,1
21321,1,2
21323,1,1
21324,1,1
21325,2,1
21326,1,1
21327,1,1
21328,2,1
21331,1,1
21332,1,1
21333,2,2
21334,1,1
21335,1,1
21336,1,1
21337,1,1
21338,2,1
21339,1,1
21340,1,1
21342,1,2
21343,1,2
21344,2,2
21346,1,1
21347,2,2
21348,1,1
21349,1,1
21350,1,1
21351,2,1
21352,1,1
21353,1,1
21354,1,1
21355,1,1
21356,1,1
21357,2,2
21358,2,1
21359,1,1
21360,1,1
21361,1,1
21362,1,2
21363,1,1
21364,1,1
21365,1,1
21366,1,1
21367,1,2
21368,1,2
21369,1,1
21370,1,1
21371,1,1
21372,1,1
21373,1,1
21374,2,1
21376,1,1
21377,1,1
21378,1,1
21379,1,1
21380,1,1
21381,1,1
21382,1,1
21383,1,1
21384,1,1
21386,1,1
21387,1,2
21388,1,1
21389,1,1
21390,2,2
21391,1,1
21392,2,2
21393,1,2
21394,1,1
21395,1,1
21397,1,2
21398,2,2
21399,1,1
21400,1,1
21401,2,2
21402,1,1
21403,1,1
21404,1,1
21405,1,1
21406,1,1
21407,1,1
21408,2,1
21409,1,1
21410,1,1
21411,1,1
21412,1,1
21413,1,1
21414,2,2
21415,1,1
21416,1,1
21417,1,1
21418,1,1
21419,1,1
21420,1,1
21421,2,1
21422,1,1
21423,1,1
21424,2,1
21425,1,1
21426,1,1
21427,2,1
21428,1,1
21429,2,1
21430,2,2
21431,1,1
21432,1,1
21433,2,1
21434,1,1
21435,2,1
21436,1,1
21437,1,1
21438,1,1
21440,1,1
21441,1,1
21442,1,1
21443,1,1
21445,1,1
21446,1,1
21447,1,1
21449,2,1
21450,1,1
21451,2,2
21453,2,1
21455,1,1
21457,1,1
21458,1,1
21459,1,1
21460,1,1
21461,1,1
21462,1,1
21463,1,1
21464,2,1
21465,1,1
21467,2,2
21468,2,1
21469,1,2
21470,1,1
21471,1,1
21472,1,1
21473,2,1
21474,1,1
21475,2,1
21476,2,1
21477,1,1
21479,1,1
21480,1,1
21481,2,1
21482,2,1
21483,1,1
21484,1,1
21485,1,1
21486,1,1
21487,2,2
21488,1,1
21489,2,2
21490,1,1
21491,1,1
21492,1,1
21493,1,1
21494,1,1
21495,1,1
21497,2,1
21498,1,1
21499,1,1
21500,1,1
21501,2,1
21502,1,1
21503,1,1
21504,2,1
21505,2,2
21506,1,1
21507,1,1
21508,1,1
21509,1,1
21510,2,2
21511,1,1
21512,2,2
21513,1,1
21515,1,1
21516,1,1
21517,2,2
21518,1,1
21519,1,1
21520,1,1
21521,1,1
21522,1,1
21523,2,2
21524,1,1
21525,1,1
21526,1,1
21527,2,2
21528,1,1
21529,2,2
21530,2,2
21531,1,1
21532,1,1
21533,1,1
21534,1,1
21535,1,1
21537,1,1
21538,1,1
21539,1,1
21540,2,1
21541,1,1
21542,1,1
21543,1,1
21544,1,1
21545,1,1
21546,1,1
21547,1,1
21548,2,1
21549,1,1
21551,2,2
21552,1,1
21553,1,1
21555,1,1
21557,2,1
21558,1,1
21559,1,1
21560,1,1
21561,1,1
21562,1,2
21563,1,1
21564,2,1
21565,1,1
21566,2,1
21567,1,1
21568,1,1
21569,2,2
21570,1,1
21571,1,1
21572,1,2
21573,2,2
21574,1,1
21575,1,1
21578,2,2
21579,1,1
21580,1,1
21581,1,1
21582,2,1
21583,1,1
21584,1,1
21586,1,1
21587,2,1
21588,2,1
21589,2,2
21590,2,2
21591,1,1
21593,1,1
21594,1,1
21597,2,1
21598,1,1
21599,2,2
21600,2,2
21601,1,1
21602,2,2
21603,1,1
21604,1,1
21605,2,2
21606,2,1
21607,1,1
21608,1,1
21609,1,1
21610,2,1
21611,1,1
21612,1,1
21613,1,1
21614,2,2
21615,1,1
21616,1,1
21617,1,1
21618,1,1
21619,1,1
21620,1,1
21622,1,1
21623,1,1
21624,2,1
21625,1,1
21626,1,1
21627,1,1
21628,1,1
21629,1,1
21630,1,2
21631,1,1
21632,1,1
21634,1,1
21635,1,1
21636,1,1
21637,1,1
21638,1,2
21639,1,1
21640,1,1
21641,2,2
21642,1,1
21643,1,1
21644,1,2
21645,1,1
21646,1,1
21647,2,1
21648,1,1
21649,2,1
21650,1,1
21651,1,1
21652,2,1
21653,1,2
21654,1,1
21655,1,1
21656,1,1
21657,2,1
21658,2,2
21659,1,1
21660,1,1
21661,1,1
21662,1,1
21663,1,1
21664,1,1
21665,1,1
21666,1,1
21667,1,1
21668,2,1
21669,2,1
21670,1,1
21671,1,1
21672,1,1
21673,1,1
21674,1,1
21675,1,1
21676,1,1
21677,1,1
21678,1,1
21680,2,2
21681,2,2
21682,1,1
21683,1,1
21684,1,1
21685,1,1
21686,1,1
21688,1,1
21689,1,1
21690,1,1
21691,1,2
21692,1,1
21693,2,2
21694,1,1
21695,1,1
21696,1,1
21697,1,1
21698,1,1
21699,1,1
21700,1,1
21701,2,1
21702,1,1
21703,1,1
21704,1,1
21706,2,1
21707,1,1
21708,1,1
21709,1,1
21710,2,1
21711,1,1
21712,1,1
21713,1,1
21715,2,1
21716,1,1
21717,1,1
21718,1,1
21719,1,1
21720,1,1
21721,1,1
21722,1,1
21723,2,2
21724,2,1
21725,1,1
21726,1,1
21727,1,1
21728,1,1
21729,2,2
21730,1,1
21731,1,1
21733,2,1
21734,1,1
21735,2,1
21736,1,1
21737,1,1
21738,1,1
21739,1,1
21740,1,1
21741,1,1
21742,2,1
21746,1,1
21747,1,1
21748,1,1
21749,1,1
21750,1,1
21752,2,1
21753,1,1
21754,2,2
21755,1,1
21756,1,1
21757,1,1
21758,1,1
21759,1,1
21760,1,1
21761,1,1
21762,1,1
21763,1,2
21764,1,1
21765,1,1
21767,1,1
21768,2,1
21769,1,1
21770,1,1
21771,1,1
21772,1,1
21773,1,1
21774,1,1
21775,1,1
21777,1,1
21778,1,1
21779,2,2
21780,1,1
21781,1,1
21782,1,1
21783,1,1
21784,1,1
21785,2,1
21786,1,1
21787,1,1
21788,1,1
21789,1,1
21791,1,1
21792,2,1
21793,1,1
21794,1,1
21795,1,1
21796,2,2
21797,1,1
21798,1,1
21799,1,1
21800,1,1
21801,1,1
21802,1,1
21803,1,1
21804,1,1
21806,2,1
21807,1,1
21808,1,1
21809,1,1
21810,1,1
21811,1,1
21813,1,1
21814,1,1
21815,1,1
21816,2,1
21817,1,1
21818,1,1
21819,1,1
21820,1,1
21821,1,1
21822,1,1
21823,1,1
21824,1,2
21825,1,1
21826,2,2
21827,1,1
21828,2,1
21830,1,1
21832,1,1
21833,2,1
21834,2,1
21835,1,2
21836,1,1
21837,1,1
21839,1,1
21840,1,2
21841,1,1
21842,1,1
21843,1,1
21844,1,1
21845,1,1
21846,1,1
21847,1,1
21848,1,1
21849,1,1
21850,1,1
21851,1,1
21852,1,1
21853,1,1
21856,1,1
21857,1,1
21858,1,1
21859,1,1
21860,1,1
21864,1,1
21866,2,1
21867,1,1
21868,2,1
21869,1,1
21870,1,1
21871,1,1
21872,1,1
21873,1,1
21875,1,1
21876,2,2
21877,1,1
21878,1,1
21879,1,1
21880,1,1
21881,1,1
21882,1,1
21883,2,1
21884,2,2
21886,1,1
21887,2,1
21888,1,1
21889,1,1
21891,2,1
21892,2,1
21893,1,1
21895,1,1
21896,1,1
21897,1,1
21898,1,1
21899,1,1
21900,2,1
21901,1,1
21902,2,2
21903,1,1
21905,1,1
21906,1,1
21907,1,1
21908,2,2
21909,1,1
21910,1,1
21911,1,1
21912,2,1
21913,1,1
21914,1,1
21915,1,1
21916,1,1
21917,1,1
21918,1,1
21919,1,1
21920,1,1
21921,1,1
21922,1,1
21923,1,1
21924,1,1
21925,1,1
21926,1,1
21928,1,1
21929,1,1
21931,1,1
21932,1,1
21935,1,1
21936,1,1
21937,1,1
21939,1,1
21940,1,1
21941,1,1
21942,1,1
21945,2,1
21946,1,1
21947,1,2
21948,1,1
21949,2,2
21950,2,2
21951,1,1
21954,1,1
21955,1,1
21956,2,1
21957,1,1
21958,1,1
21959,1,1
21960,2,2
21961,1,1
21962,1,1
21963,1,1
21964,1,1
21965,1,1
21966,1,1
21967,1,1
21969,1,1
21970,1,1
21972,1,1
21973,1,1
21975,1,1
21976,2,2
21977,1,1
21979,1,1
21980,1,1
21981,1,2
21982,1,1
21983,2,2
21984,1,1
21985,1,1
21986,2,2
21987,1,1
21988,1,1
21989,1,1
21990,1,1
21991,1,1
21992,2,2
21993,2,2
21994,1,1
21995,1,1
21996,1,1
21998,2,1
21999,1,1
22000,2,2
22001,1,1
22002,1,1
22003,1,1
22004,1,1
22006,1,1
22007,1,1
22008,2,2
22009,1,1
22010,2,1
22011,1,2
22012,1,1
22013,1,2
22014,1,1
22015,1,1
22016,2,1
22017,2,1
22018,1,1
22019,1,1
22020,1,1
22021,1,1
22022,1,1
22024,1,1
22025,1,1
22026,2,2
22027,1,1
22028,1,2
22029,1,1
22030,2,2
22031,1,1
22032,1,1
22035,2,1
22036,1,1
22037,1,1
22039,1,1
22040,2,1
22041,2,2
22042,1,1
22043,1,1
22045,1,1
22046,2,1
22047,1,1
22048,1,1
22050,2,2
22052,1,2
22053,1,1
22054,1,1
22055,1,1
22056,1,1
22057,2,2
22058,1,1
22059,1,1
22061,1,1
22062,1,1
22063,2,1
22064,1,2
22065,1,1
22066,1,1
22067,1,1
22068,1,1
22069,1,1
22070,1,1
22072,1,1
22073,1,1
22074,1,1
22075,1,1
22076,1,1
22077,1,1
22078,2,1
22079,1,1
22080,1,1
22081,1,1
22082,1,1
22083,1,1
22084,1,1
22085,2,1
22087,2,1
22089,1,1
22090,1,1
22091,1,1
22092,1,1
22093,1,1
22094,1,1
22095,1,1
22096,1,1
22097,1,1
22098,1,2
22099,1,1
22100,1,1
22101,1,1
22102,1,1
22103,1,1
22104,1,1
22105,1,1
22106,1,1
22107,1,1
22108,1,1
22109,1,1
22110,1,1
22111,2,1
22112,1,1
22113,1,1
22114,1,1
22115,1,1
22116,1,1
22117,1,1
22118,1,1
22120,2,1
22121,1,1
22122,1,1
22123,2,2
22124,1,1
22125,1,1
22126,1,1
22127,1,1
22128,2,2
22129,2,1
22130,1,2
22132,2,1
22133,1,1
22135,1,1
22136,1,1
22137,2,1
22138,1,1
22139,1,1
22140,2,2
22141,2,1
22142,2,2
22143,1,1
22144,1,1
22145,2,1
22147,1,1
22148,1,1
22149,1,1
22150,1,1
22151,1,1
22152,2,1
22153,2,2
22154,1,1
22155,1,1
22156,2,1
22157,1,1
22159,1,1
22160,1,1
22161,1,1
22162,1,1
22163,1,1
22164,2,1
22167,1,1
22168,1,1
22169,2,1
22171,2,1
22172,1,1
22173,1,1
22174,2,2
22175,1,2
22176,1,1
22177,1,1
22178,1,1
22179,1,1
22180,1,2
22181,2,1
22182,1,1
22183,1,1
22184,1,1
22185,1,1
22186,1,1
22187,1,1
22189,2,2
22190,1,1
22191,1,1
22192,1,1
22193,2,2
22194,2,2
22195,1,1
22197,2,2
22199,1,1
22201,1,1
22202,1,1
22203,1,1
22204,2,1
22205,1,1
22206,1,2
22207,1,1
22208,2,1
22209,1,1
22210,2,2
22211,1,1
22212,1,1
22213,1,1
22214,2,2
22215,1,1
22216,1,1
22217,1,1
22218,1,1
22219,1,1
22220,1,1
22221,1,1
22222,1,1
22224,1,1
22225,2,1
22226,1,1
22228,2,2
22229,1,1
22230,1,1
22232,1,1
22233,1,1
22234,1,1
22235,1,1
22236,1,1
22237,1,1
22238,1,1
22239,1,1
22240,1,1
22241,1,1
22242,1,1
22243,1,1
22246,2,1
22247,1,1
22248,1,1
22249,1,1
22250,1,1
22251,2,1
22252,2,2
22253,1,1
22254,2,1
22255,1,1
22256,1,1
22257,2,2
22258,1,1
22260,1,1
22261,1,1
22262,1,1
22263,1,1
22264,1,1
22265,1,2
22266,2,1
22267,1,1
22268,1,1
22269,1,2
22270,1,1
22271,1,1
22273,1,1
22274,1,1
22275,2,1
22276,2,1
22277,1,1
22278,1,1
22279,2,1
22280,2,2
22282,2,1
22283,1,1
22285,2,2
22286,1,2
22287,1,1
22288,2,1
22289,2,1
22290,1,1
22291,1,1
22292,1,1
22293,2,2
22294,1,1
22295,1,1
22296,1,1
22297,1,1
22298,1,1
22299,1,1
22300,1,1
22301,2,1
22302,1,1
22303,1,1
22304,1,1
22305,1,1
22306,2,1
22307,1,1
22308,1,1
22309,2,1
22311,1,1
22312,1,1
22313,1,1
22314,1,1
22315,1,1
22316,1,1
22317,2,2
22318,1,1
22319,1,1
22321,1,1
22322,1,1
22323,2,1
22324,1,1
22325,1,1
22326,1,1
22328,2,1
22329,2,2
22330,1,1
22331,2,1
22332,2,1
22333,1,1
22335,2,2
22336,1,1
22337,2,2
22338,2,2
22339,1,1
22340,1,1
22341,1,1
22342,1,1
22343,1,1
22344,1,1
22345,1,1
22346,1,1
22347,1,1
22348,1,1
22349,1,1
22350,1,1
22351,1,1
22352,1,1
22353,1,1
22354,1,1
22355,1,1
22357,1,1
22358,1,1
22359,1,1
22360,1,1
22361,2,2
22362,1,1
22364,1,1
22365,1,1
22366,1,2
22367,1,1
22368,1,1
22369,2,2
22370,1,1
22371,1,1
22372,1,1
22373,1,1
22375,2,1
22376,1,1
22379,1,1
22380,1,1
22381,1,1
22382,1,1
22383,1,1
22384,2,2
22385,2,2
22386,1,1
22387,1,1
22388,2,1
22389,2,1
22390,2,2
22391,1,1
22392,1,1
22393,1,1
22394,2,1
22395,1,1
22396,1,1
22397,1,1
22398,2,2
22399,2,2
22400,1,1
22401,1,1
22402,2,2
22403,1,2
22404,1,1
22406,1,1
22407,2,1
22408,1,1
22409,1,1
22410,1,1
22411,1,1
22412,1,1
22413,1,1
22414,2,2
22415,1,1
22416,1,1
22417,1,1
22418,2,1
22419,1,1
22420,2,1
22421,2,1
22422,1,1
22423,1,1
22424,2,1
22425,1,1
22426,1,1
22427,2,2
22428,2,1
22429,1,1
22430,2,2
22431,1,1
22432,2,1
22433,1,1
22435,1,1
22436,1,2
22437,1,1
22438,1,1
22439,2,2
22440,1,1
22441,2,1
22442,1,1
22443,2,1
22444,1,1
22445,1,1
22446,1,1
22447,2,1
22448,2,1
22449,2,1
22450,1,1
22452,2,1
22453,1,1
22455,2,1
22456,2,1
22457,1,1
22458,2,1
22459,1,1
22460,1,1
22461,1,1
22462,2,1
22463,1,1
22464,1,1
22465,1,1
22466,1,1
22467,2,1
22468,1,1
22469,1,1
22470,2,1
22471,1,2
22473,1,1
22475,2,2
22477,1,1
22478,1,1
22479,1,1
22480,1,1
22481,1,1
22482,1,1
22483,1,1
22484,1,1
22485,1,1
22486,2,1
22488,1,1
22490,1,1
22491,2,1
22492,1,2
22493,1,1
22494,1,1
22495,1,1
22496,1,1
22497,1,1
22498,1,2
22499,1,2
22500,1,1
22501,1,1
22502,1,1
22503,2,2
22504,1,1
22505,2,1
22506,2,1
22508,1,1
22509,1,1
22510,1,1
22511,1,1
22512,1,1
22513,2,1
22514,1,1
22515,2,1
22516,2,1
22517,1,1
22518,2,2
22519,2,1
22520,1,1
22521,2,1
22522,1,1
22523,1,1
22524,1,1
22525,1,1
22526,2,1
22527,2,1
22528,1,1
22529,1,1
22530,1,1
22531,1,1
22533,1,1
22534,1,1
22535,1,1
22536,2,2
22537,2,2
22538,1,1
22539,1,1
22541,1,1
22542,1,2
22543,2,2
22545,1,1
22546,2,1
22547,2,2
22548,1,1
22549,1,1
22550,1,1
22551,1,1
22552,1,1
22553,1,1
22554,1,1
22555,2,2
22556,1,1
22557,1,1
22558,1,1
22559,1,1
22560,1,1
22561,1,1
22562,1,1
22563,1,1
22564,2,2
22565,1,1
22566,1,1
22567,1,1
22568,1,1
22570,2,2
22571,1,1
22572,1,1
22573,2,1
22574,2,1
22575,1,1
22576,1,1
22577,1,1
22578,2,2
22579,1,1
22580,2,1
22582,1,1
22583,1,1
22584,1,1
22585,1,1
22586,2,1
22587,1,1
22588,1,1
22589,1,1
22590,2,2
22591,2,1
22592,2,2
22593,1,2
22594,1,1
22595,1,1
22596,2,1
22597,1,1
22598,1,1
22600,1,2
22601,1,1
22603,1,1
22604,1,1
22605,1,1
22606,1,1
22607,1,1
22608,2,1
22609,1,1
22610,1,1
22611,2,1
22612,1,2
22613,2,1
22614,1,2
22615,1,1
22616,1,1
22617,1,1
22618,1,1
22619,1,1
22620,2,2
22621,1,1
22622,1,1
22623,1,1
22624,1,1
22625,1,1
22626,1,1
22628,1,1
22629,1,1
22630,2,1
22631,2,1
22632,1,1
22634,2,2
22635,1,1
22636,1,1
22637,2,1
22639,1,2
22641,1,1
22642,1,1
22643,2,2
22644,2,1
22645,1,1
22646,1,1
22647,1,1
22648,1,1
22649,1,1
22650,1,1
22651,1,1
22652,1,1
22653,1,1
22654,1,1
22655,2,1
22656,1,1
22657,1,1
22658,1,1
22659,1,1
22660,1,1
22661,1,1
22662,1,1
22663,1,2
22664,1,1
22665,2,1
22666,1,1
22667,2,2
22668,2,2
22669,1,1
22670,1,1
22671,2,2
22672,1,1
22673,1,1
22674,1,1
22675,2,1
22676,1,1
22677,1,1
22678,1,1
22679,1,1
22680,1,1
22681,1,1
22682,1,1
22683,1,1
22684,2,2
22685,1,1
22686,1,1
22687,1,1
22688,1,1
22689,1,1
22690,1,1
22692,1,1
22695,1,1
22696,2,2
22697,2,2
22698,1,1
22699,1,1
22700,1,1
22701,1,1
22702,1,2
22703,2,1
22704,2,1
22705,1,1
22707,1,1
22708,2,2
22709,1,1
22710,2,1
22712,1,1
22713,2,2
22714,1,1
22715,1,1
22716,2,2
22717,1,1
22718,2,1
22719,1,1
22721,1,1
22722,2,1
22723,2,2
22724,1,1
22725,1,1
22726,1,1
22727,1,1
22728,1,1
22729,1,1
22730,2,1
22731,1,1
22732,2,1
22735,2,2
22736,1,1
22738,2,2
22739,1,2
22740,1,1
22741,1,1
22742,1,1
22743,1,1
22745,1,1
22746,1,1
22747,1,1
22748,2,2
22749,2,2
22750,1,1
22752,1,1
22753,1,1
22754,1,1
22755,1,1
22756,1,1
22757,1,1
22758,1,2
22759,1,1
22761,2,2
22762,2,1
22763,1,1
22764,1,1
22765,1,1
22766,1,1
22767,2,1
22769,1,1
22770,1,1
22771,1,1
22772,1,1
22774,1,1
22775,1,1
22776,1,1
22777,1,1
22779,1,1
22780,2,1
22781,1,1
22782,2,1
22783,1,1
22784,1,1
22785,1,1
22786,1,1
22787,1,1
22788,1,1
22789,1,1
22790,1,1
22791,2,2
22793,2,1
22795,1,1
22797,1,1
22798,1,1
22799,1,1
22800,2,1
22801,1,1
22802,1,1
22803,1,1
22804,1,1
22805,1,1
22807,1,1
22808,1,1
22809,1,1
22810,1,1
22811,2,1
22812,2,2
22814,1,1
22815,1,1
22816,1,1
22817,2,1
22818,1,1
22819,1,1
22820,1,1
22821,2,2
22822,1,1
22823,1,1
22824,1,1
22825,1,1
22826,1,1
22827,2,2
22828,1,1
22829,2,2
22830,1,1
22831,1,1
22832,1,1
22833,1,1
22834,1,1
22835,1,1
22836,1,1
22837,1,1
22838,1,1
22840,2,1
22841,1,1
22842,1,1
22843,1,1
22844,1,2
22845,2,1
22846,2,2
22847,2,1
22848,1,1
22850,2,1
22851,1,1
22852,1,1
22853,2,1
22854,1,1
22855,1,1
22856,1,1
22857,1,1
22858,1,1
22859,1,1
22860,1,1
22861,2,1
22862,1,1
22863,1,2
22864,1,1
22865,1,1
22866,1,1
22867,2,2
22868,2,1
22870,2,1
22871,1,1
22872,1,1
22873,1,1
22874,1,1
22875,1,1
22876,1,2
22877,1,1
22878,1,1
22880,1,1
22881,1,1
22882,2,2
22883,1,1
22884,1,1
22885,1,1
22886,1,1
22887,1,1
22888,1,1
22889,1,1
22890,2,2
22891,1,1
22892,1,1
22895,1,1
22896,1,1
22897,1,1
22898,1,1
22899,1,1
22900,1,1
22901,1,1
22902,1,1
22903,1,1
22904,1,1
22905,2,2
22906,2,2
22907,1,1
22908,1,1
22909,1,2
22910,2,1
22911,1,1
22912,2,1
22913,2,2
22914,1,1
22916,1,1
22917,1,1
22918,1,1
22919,2,2
22920,1,1
22922,1,1
22923,1,1
22924,2,2
22927,1,1
22928,1,1
22929,1,1
22930,1,1
22931,2,2
22932,1,1
22933,2,2
22934,1,1
22935,1,1
22936,1,2
22937,2,1
22938,1,1
22939,1,1
22940,1,1
22941,1,1
22942,1,1
22943,2,1
22944,1,1
22945,1,1
22946,1,1
22947,2,1
22951,1,1
22952,1,1
22953,2,2
22954,1,1
22955,1,1
22956,1,2
22957,1,1
22958,1,1
22960,1,1
22961,1,1
22962,1,1
22963,1,1
22964,2,1
22965,1,1
22966,1,1
22967,1,1
22968,2,2
22969,2,2
22970,2,1
22972,1,1
22973,1,1
22975,1,1
22976,1,1
22978,2,1
22979,1,1
22980,1,1
22981,1,1
22983,1,1
22984,2,2
22985,2,2
22986,1,1
22987,2,1
22989,1,1
22990,1,1
22991,2,2
22992,1,1
22993,1,1
22994,1,1
22995,2,1
22996,1,1
22997,1,1
22998,1,1
22999,1,1
23000,1,1
23001,1,1
23002,2,2
23004,1,2
23005,2,1
23006,1,1
23007,1,1
23008,2,2
23009,1,1
23010,2,1
23012,1,1
23013,1,1
23014,1,1
23015,2,2
23017,1,1
23018,2,1
23019,1,1
23020,1,1
23022,1,2
23023,1,1
23024,1,1
23025,1,1
23026,1,1
23027,1,1
23028,2,1
23029,2,1
23030,1,1
23031,1,1
23032,1,2
23033,1,1
23034,1,1
23035,2,1
23036,1,1
23037,1,1
23038,1,1
23039,1,1
23040,2,2
23041,2,1
23042,1,1
23043,1,1
23044,1,1
23045,2,1
23046,1,1
23047,1,1
23048,1,1
23049,1,1
23050,1,1
23051,1,1
23053,1,1
23054,1,1
23055,2,2
23056,1,1
23057,1,1
23058,1,2
23059,1,1
23060,1,1
23061,2,2
23062,1,1
23063,1,1
23064,1,1
23065,1,1
23066,1,1
23067,1,1
23068,1,1
23069,1,1
23070,1,1
23071,1,1
23072,1,1
23073,1,1
23074,1,1
23075,1,1
23077,1,1
23078,2,2
23079,1,1
23080,2,1
23081,1,1
23085,1,1
23086,1,1
23088,1,1
23089,2,2
23090,1,1
23091,1,1
23092,1,1
23093,1,1
23094,1,1
23095,1,1
23096,1,1
23098,1,1
23099,1,1
23100,1,1
23101,2,2
23102,1,1
23103,2,1
23104,1,1
23105,1,1
23106,2,1
23108,1,1
23110,2,1
23111,1,1
23112,1,1
23113,1,2
23114,1,1
23115,1,1
23116,1,1
23117,1,1
23118,1,1
23119,1,1
23120,1,1
23121,1,1
23122,1,1
23123,1,1
23124,1,1
23125,1,1
23126,2,1
23128,1,1
23129,1,1
23130,1,2
23131,2,2
23132,1,1
23133,1,1
23134,1,1
23135,1,1
23136,1,1
23138,1,1
23139,1,1
23140,1,1
23141,1,1
23142,1,1
23143,1,1
23144,1,1
23146,1,1
23147,1,1
23148,1,1
23150,1,1
23151,1,1
23152,1,1
23153,2,1
23154,1,1
23155,1,1
23156,1,1
23157,1,1
23158,1,1
23159,1,1
23160,1,1
23161,1,1
23162,1,1
23163,1,1
23164,2,1
23165,1,1
23166,1,1
23167,1,1
23168,1,1
23169,1,1
23170,1,1
23171,1,1
23172,2,1
23173,1,1
23174,1,1
23175,1,1
23176,1,1
23177,2,2
23178,1,1
23179,1,1
23180,1,1
23181,2,1
23182,1,1
23183,2,1
23184,1,1
23185,1,1
23186,1,1
23187,1,1
23188,1,1
23189,1,1
23190,2,2
23191,2,1
23192,1,1
23193,1,1
23194,1,2
23195,1,1
23196,2,2
23197,1,1
23198,1,1
23199,1,1
23200,1,1
23201,1,1
23202,1,1
23203,1,1
23204,1,1
23206,1,1
23207,1,1
23208,1,1
23209,2,2
23210,1,1
23212,1,1
23213,1,1
23214,1,1
23216,1,1
23217,1,1
23218,1,1
23221,1,1
23222,2,1
23223,1,1
23224,2,1
23225,1,2
23226,1,1
23227,1,1
23228,1,1
23229,1,1
23230,1,1
23231,2,2
23232,1,1
23233,1,1
23234,1,1
23235,1,1
23236,2,2
23237,1,1
23239,1,1
23240,1,1
23241,1,1
23242,1,1
23243,1,1
23245,1,1
23246,1,1
23247,1,1
23248,1,2
23249,2,1
23250,1,1
23251,1,1
23252,1,1
23253,1,1
23254,1,1
23255,2,2
23256,2,2
23257,1,1
23258,1,1
23259,1,1
23260,2,2
23261,1,1
23262,2,1
23263,1,1
23264,1,1
23265,1,1
23266,2,2
23268,1,1
23269,1,1
23270,1,1
23271,1,1
23272,1,1
23273,2,1
23274,2,1
23275,1,1
23276,1,1
23277,1,1
23278,2,1
23279,2,1
23280,2,2
23281,1,1
23282,1,2
23283,1,1
23284,1,1
23285,2,1
23286,1,1
23287,1,1
23288,1,1
23289,1,1
23290,2,2
23291,1,1
23292,1,1
23293,1,1
23294,1,1
23295,2,1
23296,1,1
23297,1,1
23298,1,1
23299,1,1
23300,1,1
23301,2,1
23302,1,1
23303,2,2
23304,2,1
23305,2,1
23306,1,1
23307,1,1
23308,2,2
23309,1,1
23310,2,2
23311,1,1
23313,2,1
23314,1,1
23315,1,1
23316,1,1
23317,2,2
23318,2,1
23319,2,1
23320,1,1
23321,1,1
23322,1,1
23323,1,1
23324,2,2
23325,1,1
23326,1,1
23328,1,1
23329,1,1
23330,1,1
23331,1,1
23332,1,1
23333,1,1
23334,2,1
23337,1,1
23338,1,1
23339,1,2
23340,1,1
23341,2,1
23342,1,1
23343,2,1
23344,2,2
23345,1,1
23346,1,1
23347,1,1
23348,1,1
23349,1,1
23350,1,1
23351,1,1
23352,1,1
23353,1,1
23354,2,2
23355,1,1
23356,1,1
23357,2,1
23358,2,2
23359,1,1
23360,1,1
23361,2,1
23362,1,1
23363,1,1
23364,1,1
23366,2,2
23367,1,1
23368,2,2
23369,1,1
23370,2,2
23371,1,1
23372,1,1
23373,1,1
23374,1,1
23375,1,1
23376,1,1
23377,2,1
23378,1,1
23379,1,1
23380,2,1
23381,2,2
23382,2,2
23383,1,1
23384,2,1
23385,1,1
23386,1,1
23387,1,1
23388,1,2
23390,1,1
23391,2,2
23393,1,1
23394,1,1
23395,1,1
23397,1,1
23398,1,1
23399,1,1
23401,1,1
23402,2,1
23403,2,2
23404,2,1
23406,1,1
23407,1,1
23408,1,1
23409,1,1
23410,1,1
23411,2,2
23412,1,1
23414,1,1
23415,1,1
23416,2,1
23418,1,1
23419,2,2
23420,2,2
23421,2,1
23422,2,2
23423,2,1
23424,1,1
23426,1,1
23427,1,1
23430,1,1
23431,1,1
23432,1,1
23433,1,1
23434,1,1
23435,1,1
23436,1,1
23437,1,1
23438,1,1
23439,2,2
23441,2,2
23442,1,1
23443,1,1
23444,1,1
23445,1,1
23446,2,1
23447,1,1
23448,1,1
23449,1,1
23450,1,1
23451,1,1
23452,2,1
23453,1,1
23454,1,1
23455,1,1
23456,1,1
23457,1,1
23459,2,1
23460,2,2
23461,1,1
23462,1,1
23463,1,1
23464,2,1
23465,1,1
23466,1,1
23467,2,2
23468,1,1
23469,1,1
23470,1,1
23473,1,1
23474,2,2
23475,1,1
23476,1,1
23477,1,1
23478,1,1
23479,1,2
23480,1,1
23481,1,1
23482,1,1
23484,1,1
23485,1,1
23486,1,1
23487,1,1
23491,2,1
23492,1,1
23493,1,1
23494,1,1
23495,1,1
23496,1,1
23497,1,1
23498,2,2
23499,1,1
23500,1,1
23501,2,1
23502,1,1
23503,1,1
23504,2,2
23505,2,2
23506,1,1
23507,1,1
23508,1,1
23509,2,1
23510,1,1
23512,1,1
23513,1,1
23514,1,1
23515,1,1
23516,1,1
23517,1,1
23518,1,1
23519,2,1
23521,1,1
23522,1,1
23523,2,1
23524,1,1
23525,1,1
23526,1,1
23527,2,1
23528,2,1
23529,1,1
23530,1,1
23531,1,1
23533,1,1
23534,1,1
23535,2,2
23536,1,1
23537,1,1
23538,1,1
23539,1,1
23540,1,1
23542,1,1
23543,2,1
23544,1,1
23545,2,1
23546,1,2
23547,1,1
23548,2,2
23549,2,1
23550,2,1
23551,1,1
23552,2,2
23553,2,2
23554,2,2
23555,1,1
23557,1,1
23559,1,1
23560,1,1
23561,1,1
23562,2,2
23563,2,2
23564,1,1
23565,1,1
23566,1,1
23567,2,2
23569,2,2
23570,2,2
23571,2,2
23572,1,1
23573,1,1
23574,1,1
23575,1,1
23576,1,1
23577,1,1
23578,2,2
23579,1,1
23580,1,2
23581,1,1
23583,1,1
23585,2,1
23586,1,1
23587,2,1
23588,1,1
23590,2,2
23591,1,1
23592,2,1
23593,1,1
23594,1,1
23595,1,1
23596,1,1
23597,1,1
23598,2,2
23600,2,1
23601,1,1
23602,1,1
23603,1,1
23604,1,1
23605,1,1
23606,1,1
23607,1,1
23608,1,1
23609,1,1
23610,1,1
23611,1,1
23612,1,1
23613,2,2
23614,1,1
23616,1,1
23618,2,2
23619,2,1
23620,1,1
23621,1,1
23622,1,1
23623,1,1
23624,1,1
23625,1,1
23626,1,1
23627,2,1
23628,1,1
23629,1,1
23630,1,1
23631,1,1
23632,1,1
23633,1,1
23634,1,1
23636,2,1
23637,1,1
23638,1,1
23639,1,1
23640,1,1
23641,2,2
23642,1,1
23643,1,1
23644,1,1
23645,1,1
23646,1,1
23647,1,1
23650,1,1
23651,2,2
23652,1,1
23653,1,1
23654,1,1
23655,1,1
23656,1,1
23657,1,1
23658,1,1
23659,1,1
23660,1,1
23661,2,1
23662,1,1
23663,1,1
23665,1,1
23666,1,1
23667,1,1
23668,1,1
23669,1,1
23670,1,1
23671,2,1
23672,2,2
23673,1,1
23674,1,1
23675,1,1
23676,1,1
23677,1,1
23678,2,2
23679,1,1
23680,1,1
23681,2,1
23682,2,1
23683,1,1
23684,1,1
23685,2,1
23686,2,1
23687,1,1
23688,1,1
23689,2,1
23690,1,1
23691,1,1
23692,1,1
23693,1,1
23694,1,1
23695,1,1
23696,1,1
23697,1,1
23698,1,1
23699,1,1
23700,1,1
23701,2,2
23702,1,1
23703,1,1
23704,1,1
23705,1,1
23706,2,2
23707,1,1
23708,2,1
23709,2,2
23710,1,1
23711,1,1
23712,1,2
23714,1,1
23715,2,1
23716,2,1
23717,1,1
23718,1,1
23719,1,1
23720,1,1
23721,2,1
23722,1,1
23723,1,1
23724,1,1
23725,2,1
23726,2,1
23727,1,1
23728,1,1
23729,1,1
23730,1,1
23732,1,1
23733,2,2
23734,1,1
23735,2,2
23736,2,2
23737,1,1
23738,1,1
23739,1,1
23740,1,1
23741,2,2
23742,1,1
23743,1,1
23744,1,1
23745,2,1
23746,1,1
23747,1,1
23749,1,2
23750,1,1
23751,1,1
23752,2,2
23753,1,1
23755,1,1
23756,2,2
23757,1,1
23758,1,1
23759,1,1
23760,2,1
23761,1,1
23762,1,1
23763,2,1
23764,1,1
23765,1,1
23766,1,1
23767,1,1
23768,1,2
23769,2,1
23770,1,1
23771,1,1
23772,1,1
23773,1,1
23774,1,1
23775,1,1
23776,1,1
23777,1,1
23778,1,1
23779,1,1
23780,1,1
23781,1,1
23782,2,1
23783,2,1
23784,2,1
23785,1,1
23786,1,1
23787,1,1
23788,1,1
23789,2,1
23790,1,1
23791,1,1
23792,2,2
23793,1,1
23794,1,1
23795,1,1
23796,1,2
23797,1,1
23798,1,1
23799,1,1
23800,1,1
23801,1,1
23802,1,1
23803,1,1
23804,1,1
23805,1,1
23806,1,2
23807,1,1
23809,1,1
23810,1,1
23812,1,1
23813,1,1
23814,1,1
23815,2,2
23816,1,1
23818,1,1
23820,1,1
23821,1,1
23822,1,1
23823,1,1
23824,1,1
23825,1,1
23826,1,1
23827,1,1
23828,1,1
23829,2,1
23830,1,1
23831,1,1
23833,1,1
23835,2,1
23837,1,1
23838,1,1
23839,2,1
23840,2,1
23841,2,2
23842,1,1
23844,2,2
23845,2,1
23846,1,1
23847,1,1
23848,1,1
23850,1,1
23851,1,1
23852,2,2
23853,2,1
23854,2,1
23855,1,1
23857,2,1
23858,1,1
23859,1,1
23860,1,1
23861,1,1
23862,1,1
23864,1,1
23865,1,1
23866,1,1
23867,2,2
23868,1,2
23869,1,1
23871,1,1
23872,2,1
23873,1,2
23874,2,2
23876,1,1
23878,2,2
23879,2,1
23880,1,2
23881,1,1
23882,1,1
23883,1,1
23884,1,1
23885,1,1
23887,1,1
23888,1,1
23889,2,2
23890,2,2
23891,1,1
23892,1,2
23893,1,1
23894,2,1
23895,2,1
23896,2,1
23897,2,1
23898,1,1
23899,1,1
23900,1,1
23901,1,1
23903,1,2
23904,2,2
23905,1,1
23906,1,1
23907,1,1
23909,1,1
23911,1,1
23912,1,1
23913,2,1
23914,1,1
23915,1,1
23916,2,2
23917,1,1
23918,1,1
23919,2,1
23921,1,1
23922,1,1
23924,1,1
23925,2,1
23926,2,1
23927,1,1
23928,1,1
23929,1,1
23930,1,1
23931,1,1
23932,2,1
23933,1,1
23935,1,1
23936,1,1
23937,1,1
23938,2,2
23939,1,1
23940,1,1
23941,1,1
23942,2,1
23943,1,1
23944,1,1
23945,1,1
23946,1,1
23947,1,1
23948,1,1
23949,1,1
23950,1,1
23951,1,1
23952,2,2
23953,1,1
23954,1,1
23955,2,1
23956,1,1
23957,2,1
23958,2,1
23959,1,1
23960,1,1
23962,2,2
23963,1,1
23964,1,1
23965,2,2
23966,1,1
23967,2,1
23968,2,2
23969,1,1
23970,2,2
23971,1,1
23972,1,1
23973,2,1
23974,1,1
23975,2,1
23976,1,1
23977,2,1
23978,1,1
23980,1,1
23981,1,1
23982,2,1
23983,2,2
23984,1,1
23985,1,1
23986,2,2
23987,2,2
23989,1,2
23990,2,1
23991,1,1
23992,1,1
23994,2,1
23995,2,2
23996,1,1
23997,1,1
23998,2,1
23999,2,2
24000,1,1
24001,1,1
24002,1,1
24003,1,1
24004,1,1
24005,1,1
24006,1,1
24007,2,1
24008,2,2
24010,2,2
24011,1,1
24012,1,1
24013,1,1
24014,2,2
24015,2,1
24016,1,1
24017,1,1
24018,2,1
24019,1,1
24020,1,1
24021,1,1
24022,1,1
24023,2,1
24024,1,1
24025,2,1
24026,2,1
24027,1,1
24028,2,2
24029,1,1
24030,1,1
24031,2,1
24033,1,1
24034,2,2
24035,1,1
24037,2,1
24038,2,1
24039,1,1
24041,1,1
24042,1,1
24043,1,1
24044,2,1
24045,1,1
24046,1,1
24047,1,1
24048,2,2
24050,1,1
24051,1,1
24052,1,1
24053,1,1
24054,1,1
24055,1,1
24056,1,1
24057,1,1
24058,1,1
24059,1,1
24060,2,1
24061,1,1
24062,2,1
24063,2,1
24064,2,1
24065,2,2
24066,1,1
24067,2,2
24068,1,1
24069,1,1
24070,1,1
24071,2,1
24073,1,1
24074,1,1
24075,1,2
24076,1,1
24077,1,1
24078,1,1
24080,1,1
24081,1,1
24082,1,1
24083,1,1
24084,1,2
24085,1,1
24086,1,1
24088,1,1
24089,2,1
24090,1,1
24091,1,1
24092,1,1
24093,1,1
24094,1,1
24095,1,1
24096,1,1
24097,1,1
24098,1,1
24099,1,1
24100,2,1
24102,1,1
24103,1,1
24104,2,1
24106,1,1
24107,2,1
24108,2,1
24109,1,1
24110,1,1
24112,1,1
24113,2,1
24114,1,1
24115,1,1
24116,1,1
24117,1,1
24118,1,1
24119,1,2
24120,2,1
24121,1,1
24122,2,2
24123,2,1
24124,1,1
24126,1,1
24128,2,2
24129,1,1
24130,1,1
24131,2,2
24132,1,1
24133,1,1
24134,2,2
24135,1,1
24136,2,2
24137,1,1
24138,1,1
24139,1,2
24140,2,2
24141,1,1
24142,2,1
24143,1,1
24144,1,2
24145,1,1
24146,1,1
24148,2,1
24149,1,1
24151,1,1
24152,1,1
24153,1,1
24154,2,2
24155,1,1
24157,1,1
24158,1,1
24159,1,1
24161,1,1
24162,1,1
24163,1,1
24164,2,2
24166,2,2
24167,1,1
24169,1,1
24170,2,2
24171,2,2
24172,1,1
24173,1,1
24174,1,1
24175,1,1
24176,1,1
24177,1,1
24179,1,1
24180,2,2
24181,1,1
24182,1,1
24183,1,1
24184,1,2
24185,1,1
24186,2,1
24187,1,1
24188,2,1
24189,1,1
24190,1,2
24191,2,1
24192,1,1
24193,1,2
24195,1,1
24196,2,2
24197,1,1
24198,1,1
24200,2,2
24201,2,1
24202,1,1
24203,2,1
24204,1,1
24205,1,1
24206,1,1
24207,1,1
24208,1,1
24209,2,2
24210,1,1
24211,1,1
24212,1,1
24213,1,1
24214,1,1
24216,1,1
24217,1,1
24218,1,1
24219,1,1
24221,1,1
24222,1,1
24223,2,1
24224,1,1
24225,1,1
24226,1,1
24228,1,1
24229,2,2
24230,2,2
24231,1,1
24232,1,1
24233,1,1
24234,1,1
24235,1,1
24236,1,1
24237,1,1
24238,1,1
24239,1,1
24240,1,1
24241,1,1
24242,1,1
24243,1,1
24244,1,1
24245,1,2
24246,1,1
24247,2,1
24248,1,1
24249,1,1
24250,2,2
24251,1,1
24252,1,1
24253,1,1
24254,1,1
24255,1,1
24256,2,1
24257,2,1
24258,1,1
24261,1,1
24262,1,1
24263,1,1
24264,1,1
24266,1,1
24267,2,1
24268,1,1
24269,1,1
24270,2,2
24271,2,1
24272,2,1
24273,1,1
24275,1,1
24276,1,1
24277,1,1
24278,1,1
24279,2,2
24280,1,1
24281,2,2
24282,2,2
24283,1,1
24284,1,1
24285,2,2
24286,1,1
24287,1,1
24288,1,1
24289,2,1
24290,1,1
24291,1,1
24292,1,1
24293,1,2
24294,1,1
24295,2,1
24296,1,1
24297,2,1
24298,1,1
24299,2,1
24300,2,1
24301,1,1
24302,1,1
24303,1,1
24305,1,1
24306,2,2
24307,1,1
24308,1,1
24310,1,1
24311,1,1
24312,1,1
24313,2,2
24314,1,1
24315,2,2
24316,2,1
24317,2,2
24318,1,1
24319,2,2
24320,2,1
24321,2,1
24322,1,1
24323,2,1
24324,1,1
24325,1,1
24326,1,1
24327,2,1
24328,1,1
24329,2,2
24330,2,2
24332,1,1
24333,1,1
24335,1,1
24336,1,1
24337,1,1
24338,1,1
24339,2,2
24340,1,1
24342,1,2
24343,1,1
24344,1,1
24345,1,1
24346,1,1
24347,1,1
24349,1,1
24350,1,1
24351,1,1
24352,1,1
24356,2,2
24357,1,1
24358,1,1
24359,1,1
24360,1,1
24362,2,2
24363,2,1
24364,2,2
24365,1,1
24366,2,1
24367,1,1
24368,1,1
24369,1,1
24371,1,1
24372,1,1
24373,1,1
24374,1,1
24377,1,1
24378,2,1
24379,2,2
24380,2,2
24383,1,1
24385,1,1
24386,2,1
24387,1,1
24388,1,1
24389,1,1
24390,1,1
24391,1,1
24392,1,1
24393,1,1
24394,2,2
24395,2,2
24396,1,1
24397,1,2
24398,1,1
24399,1,1
24400,2,2
24401,2,2
24402,1,1
24403,1,1
24404,1,1
24405,1,1
24406,1,1
24407,2,1
24408,1,1
24410,1,1
24411,1,1
24412,1,1
24414,1,1
24415,2,1
24416,1,1
24417,1,1
24418,1,1
24419,2,1
24420,1,1
24421,1,1
24422,1,1
24423,1,1
24424,2,2
24425,1,1
24426,1,1
24427,2,1
24428,1,1
24429,1,1
24431,1,1
24432,1,1
24433,1,1
24434,1,1
24435,2,1
24436,2,2
24437,1,1
24438,1,1
24439,1,1
24440,2,1
24441,2,1
24442,2,2
24443,1,2
24444,1,1
24445,1,1
24446,1,1
24447,1,1
24448,1,1
24450,2,2
24451,1,2
24452,2,2
24454,2,2
24455,1,1
24456,2,2
24457,1,2
24458,1,1
24459,1,1
24460,1,1
24461,1,1
24462,1,1
24463,1,1
24464,1,1
24465,2,2
24466,1,1
24467,1,1
24468,1,1
24469,1,1
24470,2,1
24471,2,1
24472,2,1
24473,1,1
24474,1,1
24475,1,1
24476,2,2
24477,2,1
24478,1,1
24479,1,1
24480,1,1
24481,2,2
24482,2,1
24483,2,1
24484,1,1
24485,2,1
24486,1,1
24487,1,1
24488,1,1
24489,1,1
24491,1,1
24493,2,1
24494,1,1
24495,1,1
24497,2,1
24498,1,1
24500,1,1
24501,1,1
24502,1,1
24503,1,1
24504,2,2
24505,1,2
24506,1,1
24507,1,1
24508,1,1
24509,1,1
24510,2,2
24511,2,1
24512,1,1
24513,1,1
24514,2,1
24515,1,1
24516,1,1
24517,1,1
24518,1,1
24519,1,1
24520,1,1
24521,1,1
24523,2,2
24524,1,1
24525,1,1
24526,2,1
24527,1,1
24528,1,1
24529,1,1
24530,1,1
24531,1,1
24532,1,1
24533,2,2
24534,2,1
24536,2,2
24537,1,1
24538,1,1
24539,1,1
24542,1,1
24543,1,1
24544,1,1
24545,1,1
24546,1,2
24548,1,1
24549,2,1
24550,1,1
24551,1,1
24552,1,1
24553,1,1
24554,2,2
24555,1,1
24556,2,2
24557,1,1
24558,1,1
24559,1,1
24560,2,1
24561,1,1
24562,1,1
24564,1,1
24565,2,2
24566,1,1
24567,2,1
24568,1,1
24569,2,1
24570,1,1
24571,2,2
24572,1,1
24573,1,1
24574,1,1
24575,1,1
24576,2,2
24577,1,1
24578,1,1
24579,1,1
24580,1,1
24581,1,1
24584,1,1
24586,1,1
24587,1,1
24588,1,1
24590,2,1
24591,1,1
24592,1,1
24593,1,1
24594,1,1
24595,1,1
24596,1,1
24597,2,2
24598,1,1
24599,2,1
24600,2,2
24601,2,1
24602,2,1
24603,2,2
24604,1,1
24605,2,1
24606,2,1
24607,1,1
24609,1,1
24610,2,1
24611,1,1
24612,1,1
24613,1,1
24614,2,1
24615,1,1
24616,2,2
24617,1,1
24618,1,2
24619,1,1
24620,1,1
24621,1,1
24623,1,1
24624,1,1
24625,2,2
24626,1,1
24627,1,1
24628,1,1
24631,2,2
24632,1,1
24633,1,1
24635,1,1
24636,1,1
24637,1,1
24638,2,1
24639,1,1
24640,1,1
24641,2,2
24642,1,1
24644,1,1
24645,1,1
24646,1,1
24647,1,1
24648,1,1
24649,1,1
24650,1,1
24651,2,1
24652,1,1
24653,1,1
24654,2,1
24655,1,1
24656,1,1
24657,1,1
24658,1,1
24659,2,2
24660,1,1
24661,1,1
24662,2,2
24663,1,1
24664,1,1
24665,2,2
24666,2,1
24667,1,1
24668,1,1
24669,2,1
24670,1,1
24671,1,1
24672,1,1
24673,2,1
24675,1,1
24676,2,2
24677,1,1
24679,2,2
24680,1,1
24681,1,1
24682,1,1
24683,2,2
24684,1,1
24685,1,1
24686,1,1
24687,1,1
24688,1,1
24689,2,1
24690,1,1
24691,1,1
24692,1,1
24693,1,1
24694,1,1
24695,2,1
24696,1,1
24697,1,1
24698,1,1
24699,1,1
24700,1,1
24701,2,1
24702,1,1
24703,1,1
24705,1,1
24707,1,1
24709,2,1
24710,1,1
24711,1,1
24713,2,2
24715,1,1
24716,1,1
24717,1,1
24718,1,1
24719,1,1
24720,1,1
24721,1,1
24722,2,2
24723,1,2
24724,1,1
24725,1,1
24726,1,1
24727,2,1
24728,1,1
24729,2,1
24730,1,1
24731,1,1
24732,2,1
24733,1,1
24734,2,2
24735,1,1
24736,1,1
24737,1,1
24738,2,2
24740,1,1
24741,2,1
24742,2,1
24743,1,1
24744,2,2
24745,1,1
24746,2,1
24748,1,1
24749,2,1
24750,1,1
24751,1,1
24752,1,1
24753,1,1
24754,1,1
24755,1,1
24756,1,1
24757,1,1
24758,1,1
24759,1,1
24760,1,1
24761,1,1
24762,1,2
24763,1,1
24764,1,1
24765,1,1
24766,1,1
24767,1,1
24768,1,1
24769,1,1
24770,2,2
24771,1,1
24772,1,1
24773,1,1
24775,1,1
24776,1,1
24777,1,1
24778,2,2
24779,1,1
24780,2,1
24781,1,1
24782,1,1
24783,1,1
24784,1,1
24785,1,1
24786,1,1
24788,1,1
24789,1,1
24790,2,2
24791,1,1
24792,1,1
24793,1,1
24794,1,1
24795,1,1
24796,1,1
24797,1,1
24798,1,1
24799,1,1
24800,2,2
24801,1,1
24802,1,1
24803,1,1
24804,1,1
24805,1,1
24807,1,1
24808,1,1
24809,1,1
24810,2,2
24811,1,1
24812,1,1
24813,1,2
24814,1,1
24816,1,1
24817,1,1
24818,1,1
24819,1,1
24820,1,1
24821,1,1
24822,1,1
24823,1,2
24824,1,1
24825,1,1
24826,2,1
24827,1,1
24828,1,2
24829,1,1
24830,1,2
24831,1,1
24832,1,1
24833,1,1
24834,1,1
24836,1,1
24837,1,1
24838,1,1
24839,2,2
24840,2,2
24841,1,1
24842,1,1
24844,1,1
24845,1,1
24847,2,2
24849,1,1
24851,1,1
24852,1,1
24853,1,1
24854,1,1
24855,1,1
24856,1,1
24857,1,1
24858,2,1
24859,2,1
24860,1,1
24861,1,1
24862,1,1
24863,1,1
24864,2,1
24865,1,1
24866,2,1
24867,1,1
24868,1,1
24869,1,1
24870,1,1
24871,1,1
24872,1,1
24873,1,1
24874,2,2
24875,1,1
24876,1,1
24877,1,1
24878,1,1
24881,1,1
24883,1,1
24885,1,1
24886,1,1
24887,1,1
24888,2,1
24889,1,1
24890,1,1
24891,2,2
24893,1,1
24894,2,2
24895,2,2
24896,1,1
24897,1,1
24898,1,1
24899,1,1
24900,2,2
24901,1,1
24902,2,1
24903,1,1
24905,1,1
24906,2,2
24910,1,1
24911,1,1
24912,1,1
24913,1,1
24914,1,1
24918,1,1
24919,2,1
24920,1,1
24921,1,1
24922,1,1
24923,1,2
24924,1,1
24925,2,1
24926,1,1
24927,1,1
24929,1,1
24930,1,1
24931,2,1
24932,1,1
24933,2,1
24934,1,1
24935,1,1
24936,2,2
24937,2,2
24938,1,1
24939,1,1
24940,2,2
24941,1,1
24942,1,1
24943,2,2
24944,1,1
24947,1,1
24948,1,1
24949,1,1
24950,1,1
24952,1,1
24953,1,1
24954,1,1
24955,1,1
24956,1,1
24957,1,1
24959,2,1
24960,1,1
24961,2,1
24962,1,1
24963,1,1
24964,1,1
24965,1,1
24966,1,1
24967,1,1
24968,2,1
24970,1,1
24971,1,1
24972,1,1
24973,1,1
24974,1,1
24975,2,1
24976,1,1
24977,1,1
24978,1,1
24980,1,1
24981,1,1
24982,1,1
24984,1,1
24986,1,1
24987,1,1
24988,1,1
24989,2,2
24990,1,1
24991,1,1
24992,1,1
24993,2,1
24994,1,1
24995,1,1
24996,1,1
24997,1,1
24998,1,1
24999,1,1
25000,1,1
25002,1,1
25003,1,1
25004,1,1
25005,1,1
25006,2,1
25007,1,1
25008,1,1
25009,1,1
25010,1,1
25011,1,1
25012,2,2
25013,1,1
25014,1,1
25015,1,1
25017,1,1
25018,1,2
25019,2,1
25020,1,1
25021,1,1
25022,2,1
25023,2,2
25024,1,1
25025,1,1
25026,1,2
25027,1,1
25028,1,1
25029,1,1
25030,1,1
25032,1,1
25033,1,1
25034,1,1
25035,2,2
25036,1,1
25037,2,2
25039,2,1
25040,1,1
25041,1,2
25042,1,1
25043,1,1
25045,1,1
25046,1,1
25047,1,1
25048,1,1
25049,1,1
25050,1,1
25051,1,1
25052,1,1
25053,1,1
25055,2,1
25056,1,1
25057,2,1
25058,1,1
25059,1,1
25060,1,1
25061,2,1
25062,1,2
25064,1,1
25066,1,1
25067,1,1
25068,1,1
25069,2,1
25070,1,1
25071,1,1
25072,2,1
25073,1,1
25074,1,1
25075,1,1
25076,1,1
25077,1,1
25079,2,2
25080,1,1
25081,1,1
25082,2,1
25083,1,1
25084,2,1
25085,1,1
25086,1,1
25087,2,2
25088,2,2
25089,1,1
25090,1,1
25091,1,1
25092,1,1
25094,1,1
25096,1,1
25097,1,1
25098,1,1
25100,1,1
25101,1,1
25102,1,1
25103,1,1
25104,2,1
25105,1,2
25106,1,1
25107,1,1
25108,2,2
25109,1,1
25110,2,1
25111,1,1
25112,1,1
25113,1,1
25114,1,1
25115,1,1
25116,1,1
25117,1,1
25118,1,2
25119,2,1
25120,2,2
25121,2,1
25123,1,1
25124,1,1
25126,1,1
25127,1,1
25128,1,1
25129,2,1
25130,1,1
25131,1,1
25132,1,1
25133,1,1
25134,1,1
25138,1,1
25139,2,1
25140,1,1
25141,2,1
25142,1,1
25143,1,1
25144,1,1
25145,1,1
25146,1,1
25147,2,2
25148,1,1
25149,2,1
25150,2,1
25151,2,1
25152,1,1
25153,1,1
25154,1,1
25156,1,2
25157,1,1
25158,2,1
25159,1,1
25160,2,1
25161,1,1
25162,1,1
25164,1,1
25165,1,1
25167,1,1
25169,1,1
25170,1,1
25171,1,1
25172,2,1
25173,1,1
25174,2,1
25175,1,2
25176,1,1
25177,1,1
25178,2,1
25179,1,1
25180,2,1
25182,1,1
25183,1,1
25186,1,1
25187,1,1
25189,1,1
25190,2,1
25191,1,1
25193,1,1
25194,1,1
25195,2,2
25196,1,1
25197,1,1
25198,1,1
25200,1,1
25201,1,1
25202,1,1
25203,1,1
25204,1,2
25205,1,1
25206,1,1
25207,1,1
25209,2,1
25210,1,1
25211,2,1
25212,1,1
25213,1,1
25214,1,1
25215,2,2
25216,1,1
25217,1,1
25218,1,1
25221,1,1
25222,2,1
25223,1,1
25224,1,1
25226,2,1
25227,1,1
25228,1,1
25229,1,1
25230,1,1
25231,1,1
25232,1,1
25233,1,1
25234,1,1
25235,1,1
25237,1,1
25239,1,1
25240,1,1
25241,1,1
25242,1,1
25243,2,2
25244,1,1
25245,1,1
25246,1,1
25247,1,1
25248,1,1
25249,2,1
25250,2,1
25251,1,1
25252,1,1
25253,1,1
25254,1,1
25255,2,1
25256,1,1
25257,1,1
25258,1,1
25260,2,1
25261,2,2
25262,1,1
25264,1,1
25265,1,1
25266,1,2
25267,1,1
25268,1,1
25269,1,1
25271,2,2
25272,1,2
25273,1,1
25274,2,2
25275,2,1
25276,1,1
25277,1,1
25278,1,2
25279,1,1
25280,2,1
25281,2,1
25282,1,1
25283,2,1
25284,1,1
25285,1,1
25287,2,1
25288,2,2
25289,1,1
25290,2,1
25291,1,1
25292,1,1
25293,1,1
25294,1,1
25295,1,1
25296,1,1
25297,1,1
25298,1,1
25300,1,1
25301,1,2
25302,2,1
25303,1,1
25304,1,1
25305,1,1
25306,2,2
25307,1,1
25308,1,1
25309,1,1
25310,1,1
25311,2,1
25312,2,2
25313,2,2
25314,1,1
25316,2,1
25317,1,1
25318,1,1
25319,2,1
25320,2,1
25321,1,2
25322,1,1
25323,1,1
25324,2,1
25325,1,1
25326,1,1
25327,2,1
25328,1,1
25329,1,1
25330,1,1
25331,1,1
25332,2,2
25333,1,1
25334,1,1
25335,2,2
25336,2,1
25337,1,1
25338,1,1
25339,1,1
25340,1,1
25341,1,1
25342,1,1
25343,1,1
25344,1,1
25345,1,1
25347,1,1
25348,1,2
25349,1,1
25350,1,1
25351,1,1
25353,1,1
25354,1,1
25355,1,1
25356,2,2
25357,1,1
25358,1,2
25359,2,2
25360,2,2
25361,1,1
25362,1,1
25364,2,1
25365,1,1
25366,1,1
25367,1,1
25368,1,1
25369,2,1
25370,1,1
25371,1,1
25372,2,1
25373,1,1
25374,1,1
25375,1,1
25376,1,1
25377,1,1
25379,1,1
25380,1,1
25381,2,2
25382,1,1
25383,2,1
25384,1,1
25385,1,1
25387,1,1
25388,1,1
25389,1,1
25390,1,1
25391,1,1
25392,1,1
25393,1,1
25394,2,1
25395,1,2
25397,1,1
25398,1,1
25400,1,1
25401,1,1
25404,1,1
25406,1,1
25408,1,1
25409,1,1
25410,1,1
25411,2,1
25412,1,1
25413,1,1
25414,2,2
25415,1,1
25416,2,1
25417,1,1
25418,1,1
25419,1,1
25420,1,1
25421,1,1
25422,2,1
25423,2,2
25424,2,1
25425,2,1
25426,2,1
25427,1,1
25428,1,1
25429,2,1
25430,1,1
25431,1,1
25432,1,2
25433,1,1
25434,2,1
25436,2,2
25437,2,2
25438,2,2
25439,2,1
25440,1,1
25442,1,1
25443,1,1
25444,1,2
25445,1,1
25446,1,1
25447,1,1
25449,2,2
25451,1,1
25452,1,1
25453,1,1
25454,1,1
25455,1,1
25456,2,2
25457,1,2
25458,1,1
25459,1,1
25461,1,2
25462,1,2
25463,1,1
25464,1,1
25465,2,2
25466,1,1
25467,1,1
25468,1,1
25470,1,1
25471,2,1
25472,1,1
25473,1,1
25475,1,1
25476,2,1
25477,1,1
25478,1,1
25479,1,1
25480,1,1
25481,2,2
25482,2,2
25483,1,1
25484,1,1
25485,1,1
25486,1,1
25487,1,1
25488,1,1
25489,1,1
25490,1,1
25491,2,2
25493,1,1
25494,1,1
25495,1,1
25496,1,1
25497,1,1
25498,1,1
25499,1,1
25500,1,1
25501,2,2
25502,1,1
25503,2,2
25504,1,1
25505,1,1
25506,1,1
25507,1,1
25508,1,1
25509,2,1
25510,1,1
25511,1,1
25512,1,1
25513,1,1
25515,1,1
25516,1,1
25517,1,1
25518,1,1
25519,1,1
25520,1,1
25521,1,1
25522,1,1
25523,1,1
25524,1,1
25526,2,1
25527,2,1
25528,1,2
25529,1,1
25530,1,1
25531,1,1
25532,2,1
25533,1,1
25534,1,1
25535,1,1
25536,1,1
25537,1,1
25538,1,1
25539,1,1
25540,2,2
25541,1,1
25542,1,1
25543,1,1
25544,1,1
25545,1,1
25546,1,1
25547,1,1
25548,2,2
25549,1,2
25550,1,1
25551,1,1
25552,1,1
25553,2,2
25554,2,2
25555,1,1
25556,1,1
25557,1,2
25558,1,1
25559,1,1
25561,1,1
25562,1,1
25564,1,1
25565,1,1
25566,1,1
25567,1,1
25568,1,1
25569,1,1
25570,1,1
25571,1,1
25572,1,1
25573,1,1
25575,2,1
25576,2,1
25577,1,1
25578,1,1
25579,2,1
25580,1,1
25581,2,2
25582,1,1
25583,1,1
25584,1,1
25585,1,1
25586,2,1
25587,1,1
25588,1,1
25589,1,1
25590,1,1
25591,1,1
25592,1,1
25593,1,1
25594,1,1
25595,2,2
25596,1,1
25597,1,1
25598,1,1
25599,1,1
25601,2,1
25602,1,1
25603,1,1
25604,2,2
25605,1,1
25606,2,2
25607,1,1
25608,1,2
25609,1,1
25610,2,1
25611,2,2
25612,1,1
25613,2,1
25614,1,1
25615,1,1
25616,1,1
25617,1,1
25618,2,2
25619,1,1
25620,2,1
25622,2,1
25623,2,1
25625,2,1
25626,1,1
25627,2,1
25628,1,1
25629,2,1
25630,1,1
25631,1,1
25632,2,2
25633,2,2
25634,2,1
25635,1,1
25636,2,1
25637,1,2
25638,1,1
25639,1,1
25640,2,1
25641,2,2
25642,1,1
25643,1,1
25644,1,1
25645,1,1
25646,2,2
25647,1,1
25648,1,1
25649,1,1
25650,1,1
25652,1,1
25653,1,1
25654,1,1
25655,1,1
25656,1,1
25658,1,1
25659,1,1
25660,2,2
25661,2,1
25662,1,1
25663,1,1
25665,1,1
25666,1,1
25667,1,1
25668,1,1
25669,1,1
25670,1,1
25671,1,1
25672,1,1
25673,2,2
25674,2,1
25675,1,1
25677,1,1
25678,1,1
25679,1,1
25680,2,2
25681,1,1
25682,1,1
25683,1,1
25684,1,1
25685,1,1
25687,1,1
25688,1,1
25689,1,1
25690,1,1
25691,1,1
25692,1,1
25693,1,1
25694,2,1
25695,1,1
25696,1,1
25697,1,1
25698,2,2
25699,2,1
25700,1,1
25701,1,1
25702,1,1
25703,1,1
25704,1,1
25706,1,1
25707,2,1
25708,2,1
25709,2,1
25712,1,1
25713,2,1
25714,1,1
25715,2,1
25717,1,1
25720,1,1
25721,1,1
25722,2,1
25723,1,1
25724,1,1
25725,2,1
25726,1,1
25727,1,1
25728,1,1
25729,1,2
25730,1,2
25733,2,2
25734,1,1
25735,1,1
25736,1,1
25739,2,2
25740,1,1
25741,1,1
25742,2,2
25743,2,2
25744,1,1
25745,1,1
25746,1,2
25747,1,1
25748,1,1
25749,2,1
25750,1,1
25751,2,1
25753,1,1
25754,1,1
25755,1,1
25756,1,1
25757,1,1
25758,1,1
25759,1,1
25760,2,1
25762,2,1
25763,1,1
25764,2,2
25765,2,1
25766,2,2
25767,1,1
25768,1,1
25769,1,1
25770,2,1
25771,1,1
25772,1,1
25773,1,1
25774,1,2
25775,1,1
25776,1,1
25777,2,2
25778,1,1
25779,1,1
25780,1,1
25781,1,1
25782,2,1
25784,1,1
25785,2,2
25786,1,1
25787,1,1
25788,1,1
25789,2,2
25790,1,1
25791,1,1
25792,1,1
25793,1,1
25794,2,2
25795,1,1
25796,2,2
25797,1,1
25798,1,1
25799,2,2
25800,2,1
25801,1,1
25803,2,2
25804,1,1
25805,1,1
25806,1,1
25807,1,1
25808,2,1
25809,2,2
25810,1,1
25811,1,1
25812,1,1
25813,1,1
25814,1,1
25815,2,2
25816,1,1
25817,2,2
25818,1,1
25819,1,2
25820,1,1
25821,1,1
25822,1,2
25823,1,1
25824,1,2
25825,2,2
25826,1,1
25827,1,1
25828,2,2
25829,1,1
25830,1,1
25831,2,2
25833,1,1
25834,1,1
25835,1,1
25836,1,1
25837,1,2
25838,2,2
25839,1,1
25840,2,1
25841,2,2
25842,1,1
25843,1,1
25845,1,1
25846,1,1
25847,2,2
25848,1,1
25849,1,1
25850,2,2
25851,2,2
25852,2,2
25853,1,1
25854,1,1
25855,2,2
25856,1,1
25857,2,1
25858,2,1
25859,2,1
25861,1,1
25862,2,1
25863,1,1
25864,1,1
25866,1,1
25867,1,1
25868,1,1
25869,1,1
25870,1,1
25873,1,1
25874,1,2
25875,1,1
25876,1,1
25877,1,1
25878,1,1
25879,1,1
25880,1,1
25881,1,2
25882,2,1
25883,1,1
25884,1,1
25885,2,1
25886,1,1
25887,1,1
25888,2,1
25889,1,1
25890,2,1
25891,1,1
25892,1,1
25893,2,1
25894,2,2
25895,1,1
25896,1,1
25897,1,1
25898,1,1
25899,1,1
25900,1,1
25901,1,1
25902,1,1
25903,1,1
25904,2,2
25905,1,1
25906,2,1
25907,1,1
25908,2,2
25909,2,1
25910,1,2
25911,2,1
25912,1,1
25913,2,1
25915,2,2
25916,1,1
25917,2,2
25918,1,1
25921,1,1
25922,1,1
25924,1,1
25925,1,1
25926,2,2
25927,1,1
25928,1,1
25929,1,1
25930,1,1
25931,1,1
25932,1,1
25933,2,2
25934,1,1
25935,1,1
25936,1,1
25937,1,1
25939,1,1
25940,2,1
25941,1,1
25942,1,1
25944,1,1
25945,1,1
25946,1,1
25947,2,1
25948,2,1
25949,1,1
25950,1,1
25951,1,1
25952,1,1
25953,2,1
25954,1,1
25955,1,1
25956,1,1
25957,1,1
25958,1,1
25959,1,1
25960,1,1
25961,1,2
25962,1,1
25963,2,1
25964,1,1
25965,1,1
25966,2,2
25967,2,2
25968,1,1
25969,1,1
25970,1,1
25971,1,1
25972,2,2
25973,2,2
25974,1,1
25975,1,1
25976,1,2
25977,1,1
25978,1,1
25979,1,1
25981,1,1
25982,2,1
25983,1,1
25984,1,1
25985,1,1
25986,1,1
25987,1,1
25988,1,1
25989,2,1
25990,1,1
25991,2,2
25992,2,1
25993,1,1
25994,1,1
25995,2,2
25996,1,1
25997,2,1
25998,1,1
25999,1,1
26000,1,1
26002,1,1
26003,2,2
26004,2,1
26005,1,1
26006,1,1
26007,1,2
26008,1,1
26009,1,1
26011,2,1
26012,1,1
26013,1,1
26014,1,1
26015,1,1
26017,2,1
26018,1,1
26019,1,1
26020,1,1
26021,2,2
26022,1,1
26023,2,1
26025,1,1
26026,1,1
26027,2,1
26028,1,1
26030,1,1
26031,2,1
26032,1,2
26033,2,2
26034,2,1
26035,1,1
26036,1,1
26037,2,1
26038,2,2
26039,1,1
26040,1,1
26042,1,1
26043,1,1
26044,1,1
26045,1,1
26046,1,1
26047,2,2
26048,1,1
26049,1,1
26050,2,1
26051,1,1
26052,1,1
26053,1,1
26054,1,1
26055,1,1
26056,1,1
26057,1,2
26060,2,2
26061,1,1
26062,1,1
26063,1,1
26064,1,2
26065,2,2
26066,1,1
26067,1,2
26068,1,1
26069,2,1
26070,1,1
26071,1,1
26072,1,1
26073,2,1
26074,2,2
26075,1,1
26076,2,2
26078,1,1
26079,1,1
26080,2,1
26081,1,1
26082,1,1
26083,2,2
26084,1,1
26085,2,2
26086,1,1
26087,1,1
26088,1,1
26090,1,1
26091,1,1
26092,1,1
26093,2,2
26094,1,1
26095,1,1
26096,2,1
26097,1,1
26098,2,2
26099,1,1
26100,2,2
26103,1,1
26104,1,2
26105,2,2
26106,1,1
26107,1,1
26110,2,1
26111,1,1
26112,1,1
26113,1,1
26114,1,1
26115,1,1
26116,1,1
26117,1,1
26118,2,1
26119,1,1
26120,1,1
26121,2,1
26122,2,1
26123,2,1
26124,2,1
26125,1,1
26126,1,1
26127,1,1
26128,2,1
26129,2,2
26130,2,2
26131,1,2
26133,1,1
26134,1,2
26135,1,1
26136,1,1
26137,1,1
26138,1,1
26139,1,1
26140,1,1
26142,1,1
26143,1,2
26144,1,1
26145,1,1
26146,1,1
26147,1,1
26148,1,1
26150,2,2
26151,2,2
26152,1,1
26153,1,1
26155,2,2
26156,1,1
26157,1,1
26158,1,1
26159,1,2
26160,1,1
26161,2,2
26162,1,1
26163,1,1
26165,1,1
26166,1,1
26167,1,1
26169,1,1
26170,2,2
26171,1,1
26173,2,2
26174,1,1
26175,1,1
26176,1,1
26177,1,1
26178,2,1
26180,2,1
26181,1,1
26182,2,1
26183,1,1
26184,1,1
26185,1,2
26186,2,2
26187,1,1
26188,2,1
26189,1,1
26190,2,2
26191,1,1
26192,1,1
26194,1,1
26195,1,1
26196,1,1
26197,1,1
26198,1,1
26199,2,2
26201,1,1
26202,2,2
26203,1,1
26204,1,1
26205,1,1
26206,2,2
26207,2,2
26208,1,2
26209,2,2
26210,1,1
26211,1,1
26212,1,1
26213,1,1
26215,1,1
26216,1,1
26217,2,1
26218,1,1
26219,1,1
26220,1,1
26221,1,1
26222,2,1
26224,1,1
26227,1,1
26228,1,1
26229,1,1
26230,2,1
26231,1,1
26232,1,1
26233,1,1
26234,2,1
26235,1,1
26236,2,1
26237,1,1
26238,1,1
26239,1,1
26241,1,1
26242,2,2
26243,2,2
26244,1,1
26246,1,2
26247,2,1
26248,1,1
26249,2,2
26250,1,1
26251,1,1
26252,1,1
26253,2,2
26254,1,1
26255,1,1
26256,1,1
26257,2,2
26258,1,1
26259,1,1
26260,1,1
26261,2,1
26262,1,1
26263,1,1
26264,1,1
26265,1,1
26266,1,1
26267,1,1
26268,2,1
26269,2,1
26270,1,1
26271,1,1
26272,1,1
26273,1,1
26274,1,1
26275,2,1
26276,1,2
26277,2,1
26278,1,1
26279,1,1
26280,1,1
26281,2,2
26282,1,1
26283,1,1
26284,2,1
26285,1,1
26286,1,1
26287,1,1
26288,1,1
26289,2,1
26290,1,1
26291,1,1
26292,1,1
26293,1,1
26294,1,1
26296,1,1
26297,2,1
26298,1,1
26299,1,1
26300,2,2
26301,1,1
26302,1,1
26303,1,1
26304,1,1
26306,1,1
26309,1,1
26310,1,2
26311,1,1
26312,1,1
26313,1,1
26314,1,1
26315,1,1
26316,1,1
26317,2,1
26318,1,1
26319,1,1
26320,1,1
26322,1,1
26323,2,1
26326,1,1
26327,2,2
26328,1,1
26329,1,1
26330,1,1
26332,2,2
26333,1,1
26334,1,1
26335,1,1
26336,2,1
26337,2,1
26338,1,1
26339,2,2
26340,1,1
26341,1,1
26342,1,1
26343,2,2
26345,1,1
26346,2,1
26347,2,2
26348,2,1
26349,1,1
26350,2,1
26351,1,1
26352,2,2
26353,2,2
26354,1,1
26355,1,1
26356,2,2
26358,1,1
26359,1,1
26360,1,1
26361,1,1
26362,1,1
26363,2,1
26364,1,1
26365,2,1
26366,2,1
26367,1,1
26368,2,1
26369,2,1
26371,1,1
26372,1,1
26373,1,1
26375,1,1
26376,1,1
26378,1,1
26379,1,1
26381,1,1
26382,2,1
26383,1,1
26384,1,1
26385,1,1
26386,1,1
26387,1,1
26388,1,1
26389,1,1
26390,1,1
26391,1,1
26392,1,1
26393,1,1
26394,1,1
26395,1,1
26396,2,2
26397,1,1
26398,1,2
26399,1,1
26400,2,1
26401,1,1
26402,1,1
26403,1,1
26404,1,1
26405,2,2
26406,1,1
26407,1,1
26409,1,2
26410,1,1
26411,1,1
26412,1,1
26413,1,1
26414,2,2
26415,2,2
26416,1,1
26417,1,1
26418,2,1
26419,2,2
26420,1,1
26421,1,1
26422,1,1
26424,1,1
26425,1,1
26426,2,2
26427,2,2
26428,1,1
26430,1,1
26431,1,1
26432,1,1
26433,1,1
26434,1,1
26435,1,1
26436,1,1
26437,2,2
26438,1,1
26439,1,1
26440,2,2
26441,1,1
26444,1,1
26445,1,1
26446,1,1
26447,1,1
26448,1,1
26449,1,1
26451,1,1
26453,1,1
26454,1,1
26455,1,1
26456,1,1
26457,2,2
26458,1,1
26459,1,2
26460,1,1
26461,2,1
26463,1,1
26464,1,1
26466,1,1
26467,2,1
26468,2,1
26469,1,1
26470,2,2
26471,1,1
26472,1,1
26473,1,1
26475,1,1
26476,2,2
26477,2,2
26478,2,1
26479,1,1
26480,1,1
26482,1,1
26483,1,1
26484,1,1
26485,1,1
26486,1,1
26487,1,1
26488,2,2
26489,1,1
26490,2,1
26491,1,1
26492,2,1
26493,2,1
26495,2,1
26496,1,1
26497,1,1
26498,2,1
26499,1,1
26500,1,1
26502,1,1
26503,1,1
26504,1,1
26505,2,1
26506,1,1
26507,1,1
26508,1,1
26509,1,1
26510,1,1
26512,1,1
26514,1,1
26515,1,1
26516,1,1
26517,1,1
26518,1,1
26519,1,2
26520,1,1
26521,1,1
26522,1,1
26523,1,1
26524,2,2
26525,1,1
26527,1,1
26528,1,1
26529,1,1
26531,1,1
26532,1,1
26533,1,1
26534,2,1
26535,1,2
26536,1,1
26537,1,1
26538,1,1
26539,1,1
26540,1,1
26541,2,1
26542,1,1
26543,1,2
26544,1,1
26545,2,2
26546,1,1
26547,1,1
26548,1,1
26549,1,1
26550,1,1
26551,2,2
26552,1,1
26553,1,1
26554,2,1
26555,1,1
26556,1,1
26557,1,1
26558,2,2
26559,2,1
26560,2,2
26561,1,1
26562,1,1
26563,1,1
26564,1,1
26565,1,1
26566,1,1
26567,2,1
26568,1,1
26571,1,1
26572,1,1
26574,1,1
26575,1,1
26576,2,1
26577,1,1
26578,1,1
26579,1,1
26580,1,1
26581,2,2
26583,1,1
26584,2,2
26585,1,1
26586,1,1
26587,1,1
26588,1,1
26589,1,1
26590,1,1
26591,2,2
26592,2,2
26593,2,1
26594,1,1
26596,2,2
26597,1,1
26598,1,1
26599,1,1
26600,2,1
26601,1,1
26602,1,1
26603,2,1
26604,1,1
26605,1,1
26606,1,1
26607,1,1
26608,1,1
26609,1,1
26610,1,1
26611,1,1
26612,1,1
26613,1,1
26614,2,2
26615,1,1
26616,1,1
26617,1,1
26618,1,2
26619,1,1
26622,1,1
26623,1,1
26625,1,1
26626,1,1
26627,2,1
26629,1,1
26630,1,1
26631,1,1
26632,2,1
26633,1,1
26634,1,1
26635,1,1
26636,1,1
26637,2,1
26638,1,2
26639,2,2
26640,1,1
26641,1,1
26642,1,1
26643,2,2
26644,1,1
26645,1,1
26646,2,1
26647,2,1
26648,1,2
26649,1,1
26650,2,1
26651,1,1
26652,1,1
26653,1,1
26654,2,2
26655,1,1
26656,1,1
26657,1,1
26658,1,1
26659,1,1
26660,1,1
26661,1,1
26664,1,1
26667,1,1
26668,1,1
26669,1,1
26670,1,1
26671,1,1
26672,1,1
26673,1,1
26674,1,2
26675,2,1
26676,1,1
26677,2,1
26678,1,1
26679,1,1
26680,1,1
26681,2,1
26682,1,1
26684,1,1
26685,1,1
26686,1,1
26687,1,1
26688,1,1
26689,1,1
26690,1,1
26691,1,1
26692,1,1
26693,1,1
26694,1,1
26695,1,1
26696,1,1
26698,1,1
26699,1,1
26700,1,1
26701,1,1
26703,1,1
26704,2,1
26707,2,1
26708,1,1
26709,1,1
26711,1,1
26712,1,1
26713,1,1
26714,1,1
26715,2,1
26716,2,2
26717,1,1
26718,1,1
26719,1,1
26720,1,1
26721,1,1
26722,1,2
26723,1,1
26725,2,1
26726,2,1
26727,2,2
26729,2,1
26730,1,1
26731,1,1
26732,1,1
26733,1,1
26734,1,1
26736,1,1
26737,1,1
26738,1,1
26739,1,1
26741,1,1
26742,1,2
26743,1,1
26746,1,1
26747,1,1
26748,2,2
26750,1,1
26751,1,1
26752,2,2
26753,1,1
26754,1,1
26755,1,1
26756,2,2
26757,1,1
26759,1,1
26760,1,1
26761,1,1
26762,1,1
26763,1,1
26764,1,1
26765,2,2
26766,1,2
26767,1,1
26768,1,1
26769,2,1
26770,2,1
26771,1,1
26772,1,1
26773,1,1
26774,1,1
26775,1,1
26776,1,1
26777,1,1
26778,1,1
26779,1,1
26780,2,1
26781,1,1
26782,1,1
26783,1,1
26784,1,1
26785,1,1
26786,1,1
26787,1,1
26788,1,1
26789,1,1
26790,1,1
26791,1,1
26792,1,1
26794,2,1
26795,2,2
26796,2,2
26797,2,1
26799,2,1
26800,1,1
26801,2,1
26802,1,1
26803,2,2
26804,1,1
26805,1,1
26806,2,2
26807,1,1
26809,1,1
26810,2,1
26812,1,1
26813,1,1
26814,1,1
26815,1,1
26816,2,1
26817,1,1
26818,1,1
26819,1,1
26820,1,1
26821,1,1
26822,2,1
26823,1,1
26824,1,1
26825,2,1
26826,2,1
26827,1,1
26828,1,1
26829,1,1
26830,1,1
26831,1,1
26832,2,1
26833,1,1
26834,1,1
26835,1,1
26836,1,1
26837,1,1
26838,1,1
26839,1,1
26840,2,2
26841,2,1
26842,1,1
26843,2,1
26844,1,1
26845,1,1
26846,2,1
26847,1,1
26848,1,1
26849,1,1
26850,1,1
26851,1,1
26852,1,1
26853,1,1
26854,1,1
26855,1,1
26856,1,1
26857,2,2
26858,1,2
26859,1,1
26860,2,1
26863,1,1
26864,1,1
26865,2,1
26866,1,1
26867,1,1
26868,1,1
26869,1,1
26870,1,1
26871,2,1
26872,1,1
26873,2,1
26874,1,1
26875,1,1
26877,1,1
26878,1,1
26880,2,2
26881,1,1
26882,2,2
26883,1,1
26884,1,1
26885,1,1
26886,2,2
26887,2,2
26888,1,1
26889,2,1
26891,2,1
26892,1,1
26893,1,2
26894,1,1
26895,1,1
26896,1,1
26897,1,1
26898,1,1
26899,2,2
26900,1,1
26901,1,1
26902,1,1
26903,2,1
26904,1,1
26906,2,2
26907,1,1
26908,1,1
26909,2,2
26911,1,1
26912,1,2
26913,1,1
26914,1,1
26915,1,1
26916,1,1
26917,1,1
26918,1,1
26919,1,1
26920,2,1
26921,1,1
26922,1,1
26923,2,2
26924,1,1
26925,1,1
26926,2,2
26928,1,1
26930,2,2
26931,1,1
26932,1,1
26933,1,1
26934,2,1
26935,1,1
26936,2,2
26937,1,1
26938,2,2
26939,1,1
26940,1,1
26941,1,1
26942,1,2
26944,1,1
26945,1,1
26947,1,1
26948,1,1
26949,2,1
26950,2,1
26951,1,1
26952,1,1
26954,1,1
26955,1,1
26956,1,1
26957,2,1
26958,1,1
26959,1,1
26960,1,2
26961,1,1
26962,1,1
26963,2,1
26964,2,1
26965,1,1
26966,1,1
26967,2,2
26968,1,1
26969,1,1
26970,1,1
26971,1,1
26972,1,1
26973,2,1
26974,2,1
26975,2,2
26976,1,1
26977,2,1
26978,1,1
26979,1,1
26980,2,1
26981,2,1
26982,2,2
26983,2,2
26984,1,1
26985,2,1
26986,1,1
26987,2,2
26988,2,1
26989,1,1
26990,1,1
26991,1,1
26992,1,1
26993,2,1
26994,1,1
26995,1,1
26996,1,1
26997,1,1
26998,1,1
26999,1,1
27000,1,1
27001,1,1
27003,2,2
27004,1,1
27005,1,1
27006,1,1
27007,2,1
27008,1,1
27009,1,1
27010,2,2
27011,1,1
27012,1,1
27013,1,1
27014,2,1
27015,1,1
27016,2,2
27017,1,1
27018,1,1
27019,1,1
27020,1,1
27022,2,1
27023,2,1
27024,1,1
27025,1,1
27026,1,1
27027,1,1
27028,2,2
27029,1,1
27030,1,1
27031,1,1
27032,2,2
27033,1,1
27034,1,1
27035,1,1
27036,1,1
27037,2,1
27038,1,1
27039,2,1
27041,2,1
27042,1,1
27043,1,1
27045,1,1
27046,1,1
27047,2,2
27048,1,1
27050,1,1
27051,1,1
27052,2,1
27053,1,1
27054,1,1
27055,1,1
27056,1,1
27057,1,1
27058,1,1
27059,1,1
27060,2,1
27062,1,1
27063,1,1
27064,1,1
27065,1,1
27066,1,1
27067,2,2
27068,1,2
27069,1,1
27071,2,2
27072,1,1
27073,2,1
27074,1,1
27075,2,2
27076,1,1
27077,2,1
27078,1,1
27079,2,1
27080,1,1
27081,1,1
27082,1,2
27083,1,1
27084,1,1
27086,1,1
27087,1,1
27088,1,1
27089,1,1
27090,1,1
27091,1,1
27092,1,1
27093,1,1
27094,1,1
27095,1,1
27097,1,1
27098,1,1
27099,1,1
27100,2,2
27101,1,1
27103,1,1
27104,1,1
27105,2,2
27106,1,1
27108,1,1
27109,1,1
27110,2,2
27111,1,1
27112,2,1
27113,1,2
27114,1,1
27115,1,1
27116,2,2
27118,2,2
27119,1,1
27120,2,2
27121,1,1
27122,2,1
27123,1,1
27124,2,2
27125,1,1
27126,1,1
27127,1,1
27128,1,2
27129,1,1
27130,1,1
27131,1,1
27132,2,2
27133,1,1
27134,1,1
27135,1,1
27136,1,1
27137,1,1
27138,1,1
27139,1,1
27140,2,2
27141,1,2
27142,2,1
27143,2,2
27144,1,1
27145,1,1
27146,1,1
27147,1,1
27148,1,1
27149,2,2
27150,2,1
27152,1,1
27153,1,1
27154,2,1
27155,1,1
27156,2,1
27157,1,1
27158,1,1
27159,2,2
27160,2,2
27161,2,1
27162,1,1
27164,1,1
27165,2,1
27166,2,2
27167,1,1
27169,2,1
27170,1,1
27171,1,1
27172,1,1
27173,1,1
27174,1,1
27175,1,1
27176,1,1
27178,1,1
27179,1,1
27180,1,1
27181,1,1
27182,2,2
27183,1,1
27185,1,1
27186,1,1
27187,1,1
27188,2,1
27189,1,1
27190,1,1
27192,2,1
27194,1,1
27195,1,1
27196,1,1
27197,1,1
27198,1,1
27199,1,1
27200,1,2
27201,1,1
27202,1,1
27203,1,1
27205,1,1
27206,1,1
27207,1,1
27208,1,1
27209,1,1
27210,2,1
27211,1,1
27212,2,2
27213,2,2
27214,2,2
27215,1,1
27216,2,1
27217,2,1
27218,2,1
27219,1,1
27220,2,2
27221,2,2
27222,1,1
27223,1,1
27224,1,1
27225,1,1
27226,2,2
27227,1,1
27228,1,1
27229,1,1
27230,1,1
27231,1,1
27232,2,1
27234,1,1
27235,2,2
27236,1,1
27237,1,1
27238,1,1
27239,1,1
27240,2,1
27241,1,1
27242,1,1
27243,1,1
27244,1,2
27245,2,1
27246,1,1
27247,2,2
27248,1,1
27251,1,1
27252,1,1
27253,1,1
27254,2,1
27255,1,1
27256,1,1
27258,1,1
27259,1,1
27260,1,1
27261,1,1
27262,1,1
27263,1,1
27264,1,1
27265,1,1
27266,1,1
27267,1,2
27268,1,1
27269,1,1
27270,1,1
27271,1,1
27272,1,1
27274,1,1
27275,1,1
27276,1,2
27277,1,2
27278,1,1
27279,1,1
27280,1,1
27281,1,1
27282,2,2
27283,1,1
27284,1,1
27285,2,1
27286,1,1
27288,1,1
27289,1,2
27290,2,1
27291,1,1
27292,1,1
27293,1,1
27294,2,1
27295,1,1
27296,1,1
27297,1,2
27298,1,1
27299,1,1
27301,1,1
27302,1,1
27303,1,1
27304,1,1
27305,1,1
27307,1,1
27308,1,2
27310,1,1
27312,1,1
27313,1,1
27314,2,2
27315,1,1
27316,2,1
27317,2,2
27318,1,1
27319,1,1
27320,1,1
27321,1,1
27322,2,2
27323,1,1
27324,2,1
27325,1,1
27327,1,1
27328,1,1
27329,2,2
27330,1,1
27331,2,1
27332,2,2
27333,1,1
27334,2,2
27335,1,1
27336,1,1
27337,1,1
27338,1,1
27339,1,1
27341,1,1
27342,1,1
27343,1,1
27344,1,2
27345,1,2
27346,1,2
27347,2,2
27348,1,1
27349,1,1
27350,1,1
27351,1,1
27352,1,1
27353,1,1
27354,1,1
27356,1,1
27357,1,1
27358,2,2
27359,1,1
27360,1,2
27361,1,1
27362,1,1
27363,2,1
27364,1,1
27365,2,2
27366,1,1
27367,1,1
27368,2,2
27370,1,1
27371,2,2
27372,1,1
27373,1,2
27374,1,2
27375,1,1
27376,1,1
27377,1,1
27378,2,1
27379,1,1
27380,1,1
27381,1,1
27382,1,1
27383,1,1
27384,1,1
27385,1,1
27386,2,1
27387,1,1
27388,1,1
27389,1,1
27390,2,2
27391,1,1
27392,1,1
27393,1,1
27394,1,1
27395,1,1
27396,1,1
27397,1,1
27399,2,1
27400,1,1
27401,1,1
27402,1,1
27403,1,1
27405,1,1
27406,2,1
27407,1,1
27408,1,1
27409,1,1
27410,1,1
27411,2,1
27412,1,1
27413,2,2
27414,1,1
27415,1,1
27416,1,1
27418,2,1
27419,1,1
27420,1,1
27421,1,1
27422,1,1
27424,1,1
27425,1,1
27428,2,2
27429,1,1
27430,1,1
27431,1,1
27432,2,2
27433,1,1
27434,2,2
27435,2,2
27436,1,1
27437,2,1
27438,1,1
27439,2,2
27440,2,1
27441,1,2
27442,2,1
27444,1,1
27445,1,1
27446,1,1
27447,2,1
27448,1,1
27449,1,1
27450,2,1
27451,1,1
27452,1,1
27454,1,1
27455,1,1
27456,2,2
27457,1,1
27458,2,1
27459,1,1
27460,1,1
27461,1,1
27463,1,1
27464,2,2
27465,1,1
27466,1,1
27467,1,1
27468,1,1
27469,1,1
27470,2,1
27472,1,1
27473,1,1
27474,1,1
27475,1,1
27476,1,1
27477,1,1
27478,1,1
27479,1,1
27480,2,1
27481,1,1
27482,1,1
27483,1,1
27484,2,1
27485,1,1
27486,1,1
27487,1,1
27488,1,1
27489,1,2
27490,2,1
27491,1,1
27492,1,2
27493,1,1
27494,1,2
27495,2,2
27496,1,1
27497,1,1
27498,1,1
27499,2,2
27500,1,1
27501,1,1
27502,1,1
27503,1,1
27504,1,1
27505,1,1
27506,1,1
27507,1,1
27508,2,1
27509,1,1
27510,1,1
27511,1,1
27512,1,1
27513,1,1
27514,1,1
27515,1,1
27517,2,1
27518,2,1
27519,1,1
27520,2,1
27521,1,1
27522,1,1
27523,1,1
27524,1,1
27525,2,2
27526,1,1
27527,2,1
27528,1,1
27529,1,1
27531,1,1
27532,2,1
27533,1,1
27535,1,1
27536,1,1
27538,1,1
27539,1,1
27540,1,1
27542,1,1
27543,1,1
27544,1,1
27545,1,1
27546,1,1
27547,2,1
27548,1,1
27550,2,1
27551,1,1
27552,1,1
27553,2,1
27554,1,1
27555,1,1
27556,1,1
27557,1,1
27558,1,1
27559,1,1
27560,1,1
27562,1,1
27563,1,1
27564,1,1
27565,1,1
27566,1,2
27567,2,2
27568,1,1
27569,1,1
27570,1,1
27571,1,1
27572,1,1
27573,1,1
27575,1,1
27576,1,1
27577,2,1
27578,1,1
27579,1,1
27580,1,1
27581,1,1
27582,2,1
27583,1,1
27584,1,1
27585,2,2
27586,2,1
27588,1,1
27589,1,1
27590,1,1
27591,1,1
27592,2,2
27593,2,1
27594,1,1
27595,2,1
27596,2,1
27597,1,1
27598,1,1
27599,1,1
27600,2,2
27601,1,1
27602,2,1
27603,2,1
27604,1,1
27605,2,1
27606,1,1
27607,1,1
27609,1,1
27610,2,1
27611,1,1
27612,1,1
27613,1,1
27614,1,2
27615,1,1
27616,1,1
27617,1,1
27618,1,1
27619,2,1
27620,1,1
27621,1,1
27622,2,2
27623,1,1
27624,1,1
27625,1,1
27626,1,1
27627,1,1
27628,1,1
27629,1,2
27630,1,1
27631,1,1
27633,2,1
27634,1,1
27635,2,2
27636,1,2
27637,2,1
27638,1,1
27639,2,2
27640,2,2
27642,1,1
27643,1,1
27645,2,2
27646,2,1
27647,1,1
27648,1,1
27649,1,1
27650,1,1
27651,2,1
27653,1,1
27654,1,1
27655,2,1
27656,1,1
27657,1,1
27658,1,1
27659,1,1
27661,1,1
27662,2,1
27663,2,2
27664,1,1
27665,1,1
27666,1,1
27667,1,1
27668,1,1
27669,1,1
27670,2,2
27671,1,1
27672,1,1
27673,1,1
27674,1,1
27675,1,1
27676,1,1
27677,1,1
27678,2,1
27679,1,1
27680,2,2
27681,1,1
27682,1,1
27683,1,1
27684,1,1
27685,1,1
27686,1,1
27688,1,1
27689,1,1
27690,1,1
27691,1,1
27693,1,1
27694,1,1
27695,1,1
27697,1,1
27699,1,1
27700,1,1
27701,1,1
27702,1,1
27703,1,1
27704,1,1
27705,1,1
27706,1,1
27707,1,1
27708,1,1
27709,2,2
27710,2,1
27711,1,1
27712,1,1
27713,1,1
27715,1,1
27716,1,2
27717,1,1
27718,1,2
27719,1,1
27720,1,1
27721,1,1
27722,2,2
27723,1,1
27724,2,1
27725,1,1
27727,2,1
27728,1,1
27729,1,1
27730,1,1
27731,1,1
27732,1,1
27734,1,2
27735,2,1
27736,2,1
27737,1,1
27738,2,1
27739,1,1
27740,1,1
27741,1,1
27742,1,1
27743,1,1
27744,1,1
27746,1,1
27747,1,1
27748,1,1
27749,1,1
27750,2,1
27751,1,1
27752,1,1
27753,2,2
27754,1,1
27755,1,1
27756,1,1
27757,2,2
27758,2,1
27759,1,1
27760,1,1
27761,1,1
27762,1,1
27763,1,1
27766,1,1
27767,1,1
27769,2,1
27770,1,1
27771,2,1
27772,2,1
27773,1,1
27774,1,1
27775,1,1
27776,1,1
27777,1,1
27778,1,1
27779,1,1
27780,2,1
27781,2,1
27782,1,1
27783,1,1
27784,1,1
27785,1,1
27786,1,1
27787,1,1
27788,1,1
27789,2,2
27790,1,1
27791,1,1
27792,1,1
27793,1,1
27794,1,1
27795,1,1
27796,2,2
27797,1,1
27798,1,1
27799,1,1
27800,1,1
27801,1,1
27802,1,1
27803,1,1
27804,1,1
27805,2,1
27806,1,1
27807,1,1
27808,1,1
27809,1,2
27810,1,2
27811,2,2
27812,1,1
27813,2,1
27814,1,1
27815,1,1
27816,2,1
27818,1,1
27819,1,1
27820,1,1
27821,2,1
27822,1,1
27823,1,1
27824,1,1
27825,2,2
27826,1,1
27827,1,1
27828,1,1
27829,1,1
27830,1,1
27831,2,2
27832,2,2
27833,1,1
27834,1,1
27835,1,1
27836,1,1
27837,2,1
27838,2,2
27839,1,1
27840,2,2
27841,2,2
27842,1,1
27843,2,1
27844,1,1
27845,1,1
27846,1,1
27847,1,1
27848,1,1
27849,1,1
27850,1,1
27851,1,1
27852,1,1
27853,1,1
27854,1,1
27855,2,1
27856,2,2
27857,1,1
27858,1,1
27859,2,1
27860,1,1
27861,2,2
27862,2,2
27863,2,2
27864,1,1
27865,2,2
27866,1,1
27867,1,2
27868,1,1
27869,1,1
27870,1,1
27871,1,1
27872,2,1
27873,1,1
27874,1,1
27875,1,1
27876,2,2
27877,1,1
27878,2,1
27879,1,1
27880,1,1
27881,1,1
27882,1,1
27883,1,1
27884,1,2
27885,1,1
27887,1,1
27888,1,1
27889,1,1
27890,1,1
27891,1,1
27893,1,1
27894,1,1
27895,1,1
27897,2,1
27898,1,1
27899,1,1
27900,1,1
27901,1,1
27902,1,1
27903,1,1
27904,1,1
27905,1,1
27906,2,1
27907,1,1
27908,2,1
27909,1,1
27910,1,1
27911,1,1
27912,1,1
27913,1,1
27914,1,2
27915,1,1
27916,2,2
27919,1,1
27920,1,1
27921,1,1
27922,1,1
27923,2,2
27924,1,1
27926,2,1
27927,1,1
27928,2,1
27929,1,1
27930,1,1
27931,1,1
27932,1,1
27933,1,1
27934,1,1
27935,1,1
27936,1,1
27937,1,1
27938,1,1
27939,2,2
27940,1,1
27941,1,1
27942,2,2
27943,1,1
27944,1,1
27945,1,1
27946,1,2
27947,1,2
27948,2,2
27949,1,1
27950,2,1
27951,2,2
27952,1,1
27953,2,2
27955,1,1
27957,1,1
27958,1,1
27959,1,1
27960,1,1
27961,1,1
27962,1,1
27964,1,1
27965,1,1
27966,1,1
27967,2,1
27969,1,1
27970,2,1
27971,1,1
27972,2,1
27973,2,2
27975,1,1
27976,2,1
27977,1,1
27978,2,1
27979,2,2
27980,2,2
27981,1,1
27982,1,1
27983,1,1
27984,1,1
27985,1,1
27986,1,1
27988,2,2
27989,1,1
27990,1,1
27992,1,1
27993,1,1
27994,2,2
27995,1,1
27996,1,1
27997,1,1
27998,1,1
27999,1,1
28000,1,1
28003,1,1
28004,1,1
28005,1,1
28006,1,1
28007,1,1
28008,1,1
28009,1,1
28010,1,1
28011,1,1
28012,1,1
28013,1,1
28014,1,1
28015,1,1
28016,1,1
28017,1,1
28018,1,1
28019,1,1
28020,1,1
28021,1,1
28022,2,1
28023,1,1
28024,1,1
28025,1,1
28028,1,1
28029,1,1
28031,1,1
28032,1,1
28034,1,1
28035,1,1
28036,1,1
28037,1,1
28038,1,1
28039,1,1
28040,1,1
28042,1,1
28043,1,1
28044,1,1
28045,1,1
28046,1,1
28047,1,1
28048,1,1
28049,1,1
28050,2,1
28051,1,1
28052,1,1
28053,1,1
28054,2,1
28055,1,1
28056,1,1
28057,1,1
28058,2,2
28059,2,1
28060,1,1
28061,1,1
28062,2,2
28063,2,2
28064,2,1
28065,1,1
28066,1,1
28067,1,1
28068,1,1
28069,2,1
28070,1,1
28072,2,2
28073,1,1
28074,1,1
28075,1,1
28076,2,2
28078,1,1
28080,1,1
28081,2,1
28082,2,2
28083,1,2
28084,1,1
28085,2,1
28086,1,1
28087,2,2
28088,2,2
28089,1,1
28091,1,1
28092,1,1
28093,1,1
28094,2,1
28096,1,1
28097,1,1
28098,1,2
28100,1,1
28101,1,1
28102,1,1
28104,1,1
28106,1,1
28107,2,2
28109,1,1
28110,1,1
28111,2,1
28112,1,1
28113,1,1
28115,2,1
28117,1,1
28118,1,1
28119,1,1
28120,1,1
28121,1,1
28122,1,1
28123,2,1
28124,1,1
28125,1,1
28126,2,2
28127,1,1
28128,1,1
28129,1,2
28130,1,1
28131,1,1
28132,1,1
28133,1,1
28134,2,2
28135,1,1
28136,2,2
28137,1,1
28138,1,1
28140,1,1
28141,1,1
28142,1,1
28143,2,2
28144,1,1
28145,1,1
28146,1,1
28147,1,1
28148,1,1
28149,1,1
28150,1,1
28151,1,2
28152,1,1
28153,2,1
28155,2,2
28156,1,1
28157,1,1
28158,1,1
28159,2,2
28160,2,2
28161,2,2
28162,1,1
28163,1,1
28164,2,1
28165,1,1
28166,1,1
28167,1,1
28168,1,1
28170,1,1
28171,1,1
28173,2,2
28174,2,1
28176,2,1
28177,1,1
28178,1,2
28179,1,1
28180,1,1
28181,1,1
28182,1,1
28183,1,2
28184,1,1
28185,2,2
28186,1,1
28187,1,1
28188,1,1
28189,1,1
28190,1,1
28191,1,1
28192,1,1
28193,1,1
28194,1,1
28195,1,1
28196,1,2
28197,2,2
28198,1,1
28200,1,1
28201,2,1
28202,2,2
28203,1,1
28204,2,1
28205,1,2
28206,1,1
28207,1,1
28208,2,1
28209,2,2
28210,1,1
28211,1,1
28212,1,1
28213,1,1
28215,1,1
28216,1,1
28217,1,1
28218,1,1
28219,1,1
28220,1,1
28221,1,1
28222,1,1
28223,1,1
28225,1,1
28226,1,1
28227,1,1
28228,1,1
28231,2,2
28232,1,1
28233,2,1
28234,2,2
28235,1,1
28236,1,1
28237,1,1
28238,1,1
28239,1,1
28240,1,1
28241,1,1
28242,1,1
28243,2,2
28244,2,1
28245,2,2
28246,2,1
28247,1,1
28248,1,1
28249,1,1
28250,1,1
28251,1,1
28252,1,1
28253,1,1
28254,1,1
28255,2,1
28256,2,1
28257,1,1
28258,2,1
28260,1,1
28261,2,1
28262,1,1
28263,1,1
28264,2,2
28265,1,1
28267,2,2
28268,1,1
28269,1,1
28270,2,2
28271,1,1
28272,2,2
28273,1,1
28274,1,1
28275,1,1
28276,1,1
28277,1,1
28278,1,1
28279,1,1
28281,1,1
28282,1,1
28283,1,1
28284,1,1
28285,1,1
28286,2,1
28287,1,1
28289,1,1
28290,1,1
28291,1,1
28293,1,1
28294,2,2
28295,1,1
28296,1,1
28297,1,1
28298,2,1
28299,1,1
28300,2,1
28301,2,2
28302,1,1
28303,1,1
28304,1,1
28305,1,1
28306,1,1
28307,1,1
28308,2,1
28309,1,1
28310,2,1
28311,1,1
28312,2,1
28313,1,1
28314,1,1
28315,2,1
28316,1,1
28317,1,1
28318,2,2
28320,2,1
28321,1,1
28322,2,2
28323,1,1
28324,1,1
28325,2,2
28326,1,1
28327,1,1
28328,1,1
28330,1,1
28331,1,1
28332,1,1
28333,1,1
28335,1,2
28336,1,1
28337,2,1
28338,1,1
28339,2,2
28340,1,1
28341,1,1
28343,1,2
28344,1,1
28345,1,1
28346,2,1
28347,1,1
28348,2,2
28349,2,2
28350,1,1
28351,1,1
28352,1,1
28353,1,1
28354,2,2
28355,1,1
28356,1,1
28357,1,1
28358,1,1
28359,2,1
28361,1,1
28362,2,2
28363,2,2
28364,1,1
28365,1,1
28367,1,1
28368,1,2
28369,1,2
28370,1,1
28371,2,1
28372,1,1
28373,1,1
28374,1,1
28375,1,1
28377,1,1
28378,2,1
28379,2,2
28380,1,1
28381,1,1
28382,1,1
28383,1,1
28384,1,1
28386,1,1
28389,2,1
28390,1,1
28391,1,1
28392,1,1
28393,2,2
28394,1,1
28395,1,1
28396,1,1
28399,1,1
28400,1,1
28401,1,1
28402,1,1
28404,1,1
28405,1,2
28406,1,1
28407,1,1
28408,1,1
28410,1,1
28411,1,1
28412,1,1
28414,1,1
28415,1,1
28416,1,1
28417,2,1
28418,1,1
28419,2,1
28420,1,1
28421,1,1
28422,1,1
28423,1,1
28424,1,1
28425,1,1
28427,1,1
28428,2,1
28429,1,1
28430,1,1
28431,1,1
28432,1,1
28433,2,2
28435,1,1
28436,1,1
28437,1,1
28438,1,1
28439,1,1
28440,1,1
28441,1,1
28442,1,1
28443,1,1
28444,1,1
28446,2,1
28448,1,1
28449,1,1
28450,1,1
28451,1,1
28452,2,2
28453,2,1
28455,1,1
28456,1,1
28457,2,1
28458,1,1
28459,2,1
28460,1,1
28461,1,1
28462,1,2
28463,1,1
28464,1,1
28465,1,1
28466,1,1
28467,1,1
28468,1,1
28469,2,1
28470,2,2
28471,2,1
28472,1,1
28473,1,1
28474,1,1
28475,2,2
28476,1,1
28477,1,1
28479,1,1
28480,1,1
28481,1,1
28482,1,1
28485,1,1
28488,1,1
28489,2,2
28490,1,1
28491,1,1
28492,1,1
28494,1,1
28495,1,1
28496,1,2
28497,1,1
28498,1,1
28499,1,1
28500,1,1
28501,1,1
28502,1,1
28503,1,1
28504,1,1
28506,2,1
28507,1,1
28508,1,1
28509,1,1
28511,2,2
28512,1,1
28513,1,1
28514,1,1
28516,1,1
28517,1,1
28518,1,1
28519,2,2
28520,1,1
28521,1,1
28522,2,1
28523,2,2
28524,1,1
28525,1,1
28526,1,1
28527,1,1
28528,2,1
28529,1,1
28530,2,1
28531,1,1
28532,1,1
28533,1,1
28534,1,1
28536,2,2
28537,2,2
28538,2,1
28539,1,1
28540,1,1
28541,1,1
28543,2,1
28544,1,1
28545,2,1
28546,1,1
28547,1,1
28548,1,1
28550,2,2
28551,2,1
28552,1,1
28553,2,1
28554,1,1
28555,1,1
28556,1,1
28557,2,2
28558,1,1
28559,1,1
28560,1,1
28561,2,2
28562,2,2
28563,2,2
28564,1,1
28565,1,1
28567,1,1
28568,1,1
28569,1,2
28570,2,1
28571,1,1
28572,1,1
28573,1,1
28574,1,1
28575,1,1
28576,1,1
28577,1,2
28578,1,2
28579,1,1
28580,1,1
28581,1,1
28582,1,1
28583,1,1
28584,1,1
28585,1,2
28587,1,1
28588,1,1
28589,1,1
28590,1,1
28591,1,1
28594,2,2
28595,1,1
28597,1,1
28598,1,1
28599,1,1
28600,1,1
28602,1,1
28603,1,1
28604,1,1
28606,1,2
28607,2,1
28609,1,1
28610,2,1
28611,1,1
28612,1,1
28613,2,1
28614,1,1
28615,1,1
28616,2,2
28618,1,1
28619,1,1
28620,1,1
28621,1,1
28622,1,2
28624,1,1
28625,1,1
28626,2,2
28627,1,1
28628,2,2
28631,2,1
28632,1,1
28633,1,1
28634,1,1
28635,1,1
28636,1,1
28637,1,1
28638,1,1
28639,1,1
28640,1,1
28641,1,1
28642,2,2
28643,1,1
28644,1,1
28645,2,1
28646,1,1
28647,1,1
28648,1,1
28649,1,1
28650,2,1
28651,2,2
28652,2,2
28653,1,1
28654,1,1
28655,1,1
28656,1,1
28657,1,1
28658,2,2
28660,1,1
28661,1,1
28662,1,1
28664,1,1
28665,1,1
28666,1,1
28667,1,1
28670,1,1
28671,2,2
28673,1,1
28674,1,1
28675,2,2
28676,1,1
28677,1,1
28678,2,1
28679,1,1
28681,1,1
28682,1,1
28684,1,1
28685,1,1
28686,1,1
28687,2,1
28688,1,1
28689,1,1
28690,2,2
28693,1,1
28694,1,1
28695,1,1
28696,1,1
28697,1,1
28698,2,2
28699,1,1
28700,2,1
28701,1,1
28702,2,1
28703,2,1
28704,2,1
28706,2,2
28707,1,1
28708,1,1
28709,1,1
28711,1,1
28712,1,1
28714,1,1
28715,1,1
28717,2,1
28718,2,1
28719,1,1
28720,2,1
28721,1,1
28722,1,1
28723,2,2
28724,2,1
28725,1,1
28726,1,1
28727,1,1
28728,2,1
28729,2,2
28731,1,1
28732,2,1
28733,1,1
28734,1,1
28735,2,1
28736,1,1
28738,2,1
28739,1,1
28741,1,1
28742,1,1
28743,1,1
28745,2,1
28746,2,2
28747,2,2
28748,2,2
28749,1,1
28750,1,1
28751,1,1
28752,1,1
28753,1,1
28754,1,1
28755,2,1
28756,1,1
28758,1,1
28759,2,2
28760,1,1
28761,1,1
28762,1,1
28763,1,1
28764,2,1
28765,1,1
28766,1,1
28767,1,1
28768,1,1
28769,1,1
28770,1,1
28771,1,1
28772,1,1
28773,1,1
28774,1,2
28775,1,1
28776,2,1
28777,1,1
28778,2,2
28779,1,1
28780,1,1
28781,1,1
28782,1,1
28783,1,1
28784,1,1
28785,1,1
28786,1,1
28787,1,1
28788,2,1
28789,1,1
28790,2,2
28791,1,1
28792,1,1
28793,1,1
28794,1,1
28795,1,1
28796,2,2
28797,1,1
28798,2,1
28799,2,1
28800,1,1
28801,2,2
28803,2,2
28804,1,1
28805,2,1
28806,1,1
28807,1,2
28808,1,1
28809,1,1
28810,1,1
28811,1,1
28812,2,1
28813,1,1
28814,2,2
28815,1,1
28816,1,1
28817,2,1
28818,1,1
28819,2,1
28820,1,1
28821,1,1
28822,1,1
28825,1,1
28826,1,1
28827,1,2
28828,1,1
28829,1,1
28830,2,2
28831,1,1
28832,2,2
28833,2,1
28834,1,1
28835,1,2
28836,1,1
28838,1,1
28840,1,1
28841,1,1
28842,1,1
28843,1,1
28844,1,1
28846,1,1
28847,1,1
28848,1,1
28849,1,1
28850,2,2
28851,2,2
28852,1,1
28854,1,1
28856,1,1
28857,1,1
28859,1,1
28860,1,1
28861,1,1
28862,1,1
28863,1,2
28864,1,1
28865,2,2
28866,2,2
28867,1,1
28868,2,2
28869,1,1
28870,2,1
28871,1,1
28872,1,1
28873,1,1
28874,1,1
28875,2,1
28876,1,1
28877,2,2
28878,1,1
28879,1,1
28880,2,1
28881,2,1
28882,1,1
28883,1,2
28884,1,1
28885,1,1
28886,1,1
28887,2,1
28888,1,1
28889,1,1
28890,2,2
28891,1,1
28892,1,1
28893,1,1
28894,1,1
28895,2,1
28896,2,2
28897,1,1
28898,1,1
28899,2,2
28900,2,1
28901,1,1
28902,1,2
28903,2,1
28904,1,1
28905,1,1
28906,1,1
28908,2,1
28909,2,1
28910,2,1
28911,1,1
28912,2,2
28913,1,1
28914,1,1
28915,1,1
28916,1,1
28917,1,1
28918,2,1
28919,2,1
28920,1,1
28921,1,1
28922,1,1
28923,1,1
28924,2,2
28925,2,1
28926,2,1
28927,1,1
28928,2,2
28929,2,1
28930,1,1
28931,1,1
28932,1,1
28933,1,1
28934,1,1
28935,2,1
28936,1,1
28937,2,2
28938,1,1
28939,1,1
28941,1,1
28942,1,1
28944,2,2
28945,1,1
28946,2,2
28947,1,1
28948,1,1
28949,1,1
28950,1,1
28951,1,1
28952,2,2
28953,1,1
28954,2,1
28955,1,1
28956,1,1
28957,1,1
28958,1,1
28959,1,1
28960,1,1
28961,1,1
28962,1,1
28963,2,1
28964,1,1
28965,1,1
28966,2,1
28967,1,1
28969,2,1
28970,2,2
28971,1,1
28972,1,1
28973,1,1
28974,1,1
28976,1,1
28977,2,1
28978,2,2
28980,2,2
28981,1,1
28982,1,1
28985,1,1
28986,1,1
28987,1,2
28989,2,2
28990,1,2
28991,1,1
28992,1,1
28993,1,1
28994,1,1
28995,2,1
28996,2,1
28997,2,2
28998,1,1
28999,2,1
29000,1,1
29001,1,1
29002,2,2
29003,1,1
29004,2,2
29006,2,1
29007,1,1
29008,2,1
29009,2,2
29010,1,1
29011,2,2
29012,1,1
29013,1,1
29014,1,1
29015,1,1
29016,1,1
29017,2,1
29018,1,1
29019,1,1
29020,1,1
29021,1,1
29022,1,1
29023,1,1
29024,1,1
29025,1,1
29026,1,1
29029,1,1
29030,2,2
29031,1,1
29032,2,2
29033,1,1
29034,1,1
29035,1,1
29036,1,1
29037,1,1
29038,2,1
29039,2,1
29040,1,1
29041,1,1
29042,1,1
29043,1,1
29045,1,1
29046,2,2
29047,1,2
29048,1,1
29049,1,1
29050,1,1
29051,1,1
29052,1,1
29053,2,1
29054,1,1
29055,2,1
29056,2,2
29057,2,2
29058,1,1
29059,1,1
29060,2,1
29061,2,1
29062,1,1
29063,1,1
29064,1,1
29065,1,1
29066,1,1
29067,1,1
29068,1,1
29069,1,1
29070,1,1
29071,1,1
29072,1,1
29073,1,1
29074,1,1
29075,1,1
29076,1,1
29077,2,2
29078,1,1
29080,1,1
29081,1,1
29082,1,1
29083,1,1
29084,1,1
29085,1,1
29086,1,1
29087,2,1
29088,1,1
29089,1,1
29090,1,1
29091,1,1
29092,1,1
29093,2,2
29094,1,1
29095,1,1
29096,1,1
29097,1,1
29098,2,2
29099,1,1
29100,1,1
29101,1,1
29102,1,1
29103,2,1
29104,1,1
29105,1,1
29106,1,1
29107,1,1
29108,1,1
29109,1,1
29110,1,1
29111,1,1
29112,2,2
29113,2,2
29114,1,1
29116,1,1
29117,2,2
29118,1,1
29119,1,1
29120,1,1
29121,2,1
29122,1,1
29123,2,1
29124,2,1
29126,1,1
29127,2,1
29128,1,1
29129,1,1
29130,1,1
29131,2,2
29132,1,2
29133,1,1
29134,1,1
29135,1,1
29136,1,1
29137,1,1
29138,2,2
29139,2,1
29140,1,1
29142,1,1
29143,1,2
29145,2,2
29146,1,1
29147,2,1
29148,1,1
29150,1,1
29151,1,1
29153,1,1
29154,2,1
29155,1,1
29156,1,1
29157,2,1
29159,1,1
29160,1,1
29161,1,1
29162,1,1
29163,1,1
29164,1,1
29165,2,1
29166,1,1
29167,1,1
29168,2,1
29169,2,1
29170,1,1
29172,1,1
29173,2,1
29174,1,1
29175,1,1
29176,2,1
29177,1,2
29178,1,1
29179,1,1
29180,1,1
29181,1,2
29183,2,1
29184,1,1
29185,2,1
29186,1,1
29187,2,1
29189,1,1
29190,1,1
29191,1,1
29192,2,1
29193,1,1
29194,1,2
29196,1,1
29197,1,1
29199,1,1
29200,1,1
29201,1,1
29202,1,1
29203,1,1
29204,1,1
29205,1,1
29206,1,1
29207,1,1
29208,1,1
29209,1,1
29210,1,1
29211,1,1
29212,1,1
29213,2,1
29214,1,1
29215,1,1
29216,1,1
29217,1,1
29218,1,1
29219,1,1
29220,1,1
29221,1,1
29222,1,1
29223,1,1
29224,1,1
29225,1,1
29226,1,1
29227,1,2
29228,2,1
29229,1,1
29230,2,1
29231,1,1
29232,1,1
29233,1,1
29234,1,1
29235,1,2
29236,2,2
29237,1,1
29238,1,1
29239,2,1
29240,1,1
29241,2,2
29242,1,2
29243,2,2
29244,1,1
29245,1,1
29246,1,1
29247,1,1
29248,2,1
29249,2,1
29250,1,1
29252,1,1
29253,2,1
29254,1,1
29255,2,2
29256,1,1
29257,1,1
29259,1,1
29260,1,1
29261,2,1
29263,1,2
29264,2,2
29265,2,1
29266,2,2
29267,1,1
29268,2,1
29269,1,1
29270,1,1
29271,1,1
29272,1,1
29273,2,1
29274,2,2
29275,1,2
29276,1,1
29277,1,1
29278,1,1
29279,1,1
29280,1,1
29281,1,1
29282,1,1
29283,1,1
29284,1,1
29285,2,2
29286,1,1
29288,1,1
29289,2,1
29290,1,1
29291,2,1
29292,2,1
29293,1,1
29294,1,1
29295,1,1
29297,1,1
29298,1,1
29299,1,1
29300,1,1
29301,1,1
29302,1,1
29304,1,1
29305,1,1
29306,1,1
29307,1,1
29309,1,1
29310,1,1
29311,1,1
29312,1,1
29314,1,1
29315,1,1
29317,1,1
29318,1,1
29320,1,1
29321,1,1
29322,2,1
29323,1,2
29324,1,1
29325,1,1
29326,1,1
29328,2,2
29329,1,1
29330,1,1
29331,1,1
29332,1,1
29333,1,1
29334,1,1
29335,1,1
29336,1,1
29337,1,1
29338,1,1
29339,1,1
29340,1,1
29341,2,1
29342,1,1
29343,1,1
29344,1,1
29345,1,1
29347,1,1
29348,1,1
29349,1,1
29350,1,1
29351,2,1
29352,2,2
29353,1,1
29354,1,1
29355,1,1
29356,2,1
29357,2,2
29358,2,1
29359,1,1
29360,1,1
29361,1,1
29362,2,1
29363,2,2
29364,1,1
29365,1,1
29367,1,2
29368,1,1
29370,1,1
29371,1,1
29372,1,1
29373,1,1
29374,1,1
29375,1,1
29376,1,1
29377,1,1
29378,1,1
29379,1,1
29380,1,1
29381,1,1
29382,1,1
29383,1,1
29384,2,2
29385,1,1
29386,1,1
29387,1,1
29388,1,1
29389,1,1
29390,1,1
29391,1,1
29392,2,1
29393,1,1
29394,1,1
29395,1,1
29396,1,1
29397,2,2
29398,2,1
29399,1,1
29400,1,1
29401,2,1
29402,1,1
29403,1,1
29404,1,1
29405,1,1
29406,2,1
29407,2,1
29408,1,1
29409,2,2
29410,1,1
29411,2,1
29412,1,1
29413,1,1
29414,1,1
29415,2,1
29416,1,1
29417,1,1
29418,1,1
29419,1,1
29420,1,1
29421,2,1
29422,1,1
29423,1,1
29424,1,1
29425,1,1
29426,2,2
29427,1,1
29428,1,2
29429,1,2
29430,2,1
29431,2,2
29432,1,1
29434,2,1
29435,2,1
29436,1,1
29437,1,1
29438,1,1
29439,1,1
29440,2,1
29441,1,1
29442,1,1
29443,1,1
29445,1,1
29446,1,1
29447,1,1
29448,1,1
29449,1,1
29450,1,1
29451,1,1
29452,1,1
29453,1,1
29454,2,1
29455,1,1
29456,1,1
29457,1,1
29459,2,2
29460,2,2
29461,2,1
29462,1,1
29463,1,1
29464,1,2
29465,1,1
29466,1,1
29467,2,2
29469,1,1
29470,2,1
29471,2,2
29472,1,1
29473,1,1
29475,1,1
29476,1,1
29477,1,1
29478,1,1
29479,1,1
29480,1,1
29481,1,1
29482,1,1
29483,1,1
29484,1,1
29485,1,1
29486,1,1
29487,1,1
29488,1,1
29489,1,1
29490,1,1
29492,1,1
29493,1,1
29495,1,1
29497,1,1
29498,1,1
29499,1,1
29500,1,1
29502,1,1
29503,1,1
29504,2,2
29505,1,2
29506,1,1
29507,1,1
29509,1,1
29510,2,1
29511,1,1
29512,1,1
29514,1,1
29515,1,1
29516,1,1
29518,1,1
29519,1,1
29521,1,1
29522,2,1
29524,1,2
29525,2,1
29527,1,1
29528,1,1
29529,1,1
29530,1,1
29531,1,1
29532,1,1
29533,1,1
29534,1,1
29535,2,1
29536,1,1
29537,1,1
29538,1,1
29539,1,1
29540,1,1
29541,2,2
29542,1,1
29543,1,1
29544,2,1
29546,1,1
29548,2,1
29549,2,1
29550,1,1
29551,1,1
29552,1,1
29553,2,2
29554,1,2
29555,2,2
29556,1,1
29557,1,1
29558,2,1
29560,2,2
29561,1,1
29563,1,1
29564,1,1
29565,1,1
29566,1,1
29567,2,2
29568,1,1
29569,1,1
29570,1,1
29571,1,1
29572,1,1
29573,1,1
29574,1,1
29576,2,2
29577,1,1
29579,1,1
29580,1,1
29581,1,1
29582,1,1
29584,1,1
29585,2,2
29587,2,2
29588,1,1
29589,1,1
29590,1,1
29591,2,1
29592,2,2
29593,2,2
29595,1,1
29596,1,1
29597,1,1
29598,1,1
29599,1,1
29600,1,1
29601,1,1
29602,1,1
29603,1,1
29604,1,1
29605,1,2
29606,1,1
29607,1,1
29608,2,2
29609,2,2
29610,1,1
29611,1,1
29612,1,1
29613,1,1
29614,1,1
29615,1,1
29617,1,1
29618,2,1
29619,2,2
29620,1,1
29621,1,1
29622,2,2
29623,1,1
29624,1,2
29625,1,1
29626,2,2
29627,2,1
29628,1,1
29630,1,1
29631,1,2
29632,1,1
29633,1,1
29634,1,1
29635,2,2
29637,1,1
29638,2,2
29639,1,1
29640,1,1
29641,1,1
29642,2,1
29643,1,1
29644,2,1
29645,1,1
29646,1,1
29647,1,1
29648,1,1
29649,1,1
29650,1,1
29652,1,1
29653,2,1
29654,2,1
29655,2,2
29656,1,1
29657,2,1
29658,1,1
29659,1,1
29660,1,1
29661,1,1
29663,2,1
29664,2,1
29665,1,1
29666,1,1
29668,2,1
29669,1,1
29670,1,1
29671,1,1
29672,1,1
29673,1,1
29674,2,1
29675,1,1
29676,2,1
29677,1,1
29678,1,1
29679,1,1
29680,1,1
29681,2,2
29682,1,1
29683,2,1
29685,1,1
29686,1,1
29687,1,1
29688,2,1
29689,1,1
29690,1,1
29691,1,1
29692,1,1
29693,1,1
29694,1,1
29695,1,1
29696,2,2
29698,1,1
29699,2,2
29700,1,1
29701,1,1
29702,1,1
29704,1,1
29706,1,1
29707,1,1
29708,2,2
29709,1,1
29710,1,1
29711,1,2
29713,1,1
29715,1,1
29716,1,1
29717,2,2
29718,2,2
29719,2,2
29721,1,1
29722,2,1
29723,2,1
29725,1,1
29726,1,1
29727,1,1
29728,1,2
29729,1,1
29730,1,1
29731,1,1
29732,1,1
29734,1,1
29735,1,1
29736,1,1
29737,1,1
29738,1,1
29739,1,1
29740,1,1
29741,2,2
29742,1,2
29744,2,2
29745,1,1
29746,1,1
29747,1,1
29748,1,1
29749,1,1
29750,1,1
29751,1,1
29753,1,2
29754,1,1
29755,2,1
29756,1,1
29757,1,1
29758,1,1
29759,2,1
29760,1,1
29761,1,1
29762,1,1
29763,2,2
29764,1,1
29765,1,1
29766,1,1
29767,1,1
29768,1,1
29769,2,2
29772,2,2
29773,2,1
29774,2,2
29775,1,1
29777,1,1
29778,2,1
29779,1,1
29780,2,2
29781,1,1
29782,1,1
29783,2,1
29784,2,1
29785,1,1
29787,2,1
29788,1,1
29789,2,1
29790,2,1
29791,1,1
29792,1,1
29793,1,1
29795,1,1
29796,1,1
29797,1,1
29798,1,1
29799,1,1
29800,2,1
29801,1,1
29802,1,2
29803,2,1
29804,1,1
29805,1,2
29806,2,2
29807,1,1
29809,1,2
29810,1,1
29811,1,1
29812,1,1
29813,1,1
29814,1,1
29815,1,1
29816,1,1
29817,1,1
29818,1,1
29819,1,1
29820,1,2
29821,1,1
29822,1,1
29823,1,2
29825,1,1
29826,2,2
29828,1,1
29829,2,1
29830,2,1
29831,1,1
29832,2,1
29833,1,1
29834,1,2
29835,1,1
29836,1,1
29839,2,2
29840,2,2
29841,1,1
29842,1,1
29843,2,1
29844,1,1
29845,1,1
29846,1,1
29847,2,1
29848,1,1
29849,1,1
29850,1,1
29851,1,1
29852,2,2
29853,1,1
29854,1,1
29856,1,1
29857,2,1
29858,1,1
29859,1,2
29860,2,1
29861,2,1
29862,1,1
29863,1,1
29864,1,1
29865,2,2
29866,1,1
29869,1,1
29870,1,1
29871,2,1
29873,2,2
29874,1,2
29875,1,1
29876,1,1
29878,2,2
29879,1,1
29880,1,1
29881,1,1
29883,2,2
29884,1,1
29885,1,1
29886,1,1
29887,1,1
29888,1,1
29889,2,1
29890,1,1
29891,2,2
29892,2,1
29893,1,1
29894,1,1
29895,1,1
29896,1,1
29897,1,1
29898,1,1
29899,2,1
29900,2,2
29901,2,1
29902,1,2
29903,1,1
29904,1,1
29905,1,1
29906,1,1
29907,1,2
29908,1,1
29909,2,1
29910,1,1
29911,1,1
29913,1,1
29914,1,1
29915,1,1
29916,1,1
29917,1,1
29918,2,2
29919,2,1
29920,1,1
29921,1,1
29922,1,1
29923,1,2
29924,1,1
29926,1,1
29927,1,1
29928,1,2
29929,1,2
29930,1,1
29931,1,1
29932,1,1
29934,2,2
29935,1,1
29936,1,1
29937,1,1
29938,1,1
29939,1,1
29941,2,1
29942,1,2
29943,1,1
29944,2,1
29945,1,1
29946,1,1
29947,1,1
29948,1,1
29949,2,1
29950,1,1
29951,1,1
29952,1,2
29954,2,2
29955,2,1
29956,2,1
29957,1,2
29958,2,2
29959,1,1
29960,1,1
29961,1,1
29962,1,1
29963,1,1
29965,2,1
29966,1,1
29967,1,1
29968,1,1
29969,1,1
29970,1,1
29971,2,2
29972,1,1
29974,1,1
29975,1,2
29976,2,1
29977,2,2
29978,1,1
29981,2,2
29982,1,1
29983,2,1
29984,1,1
29985,1,1
29986,1,2
29987,1,1
29989,2,2
29990,1,1
29991,1,1
29993,1,1
29994,1,1
29995,1,1
29996,2,1
29997,1,1
29998,1,1
29999,1,1
30000,1,1
30002,1,1
30003,1,1
30005,1,1
30007,1,1
30009,1,1
30010,1,1
30011,2,2
30012,2,2
30013,1,2
30014,2,1
30015,1,1
30016,2,1
30017,1,1
30018,1,1
30019,1,1
30020,1,1
30022,1,1
30023,1,1
30024,1,1
30025,1,1
30026,1,1
30027,2,2
30028,1,1
30029,1,1
30030,1,1
30031,2,2
30032,1,1
30035,1,1
30036,2,2
30037,1,1
30038,1,1
30039,1,1
30040,1,1
30041,1,1
30042,1,1
30044,1,1
30046,1,2
30047,1,1
30048,1,1
30050,1,1
30051,1,1
30052,2,1
30054,1,1
30055,1,1
30056,1,1
30057,1,1
30058,2,1
30059,1,1
30060,1,1
30061,1,1
30062,1,1
30063,2,1
30064,1,1
30066,2,1
30067,2,1
30068,1,1
30069,1,1
30070,1,1
30071,1,1
30072,2,2
30073,1,1
30074,1,1
30075,1,1
30076,2,1
30077,2,2
30078,2,1
30079,2,2
30080,1,1
30081,1,1
30082,1,1
30084,1,1
30085,1,1
30086,1,1
30087,1,1
30088,1,1
30089,1,1
30090,2,2
30091,1,1
30092,1,1
30093,2,1
30094,1,1
30095,1,1
30096,1,1
30097,1,1
30098,1,1
30099,2,2
30100,1,1
30101,1,1
30102,1,1
30103,2,2
30104,2,2
30105,1,1
30106,2,2
30107,1,1
30108,1,1
30109,1,1
30110,2,2
30111,2,2
30112,1,1
30113,1,1
30114,1,1
30115,2,1
30116,1,1
30117,1,1
30118,2,2
30119,1,1
30120,1,1
30121,1,1
30122,1,1
30123,2,1
30124,1,1
30125,1,1
30126,1,1
30127,2,1
30128,1,2
30129,2,1
30130,1,1
30131,1,1
30132,1,1
30133,1,1
30134,1,1
30135,1,1
30136,1,1
30137,1,1
30138,2,1
30139,1,1
30140,1,1
30142,1,1
30143,2,2
30144,1,1
30146,1,1
30148,1,1
30149,2,2
30151,1,1
30152,2,2
30153,1,1
30154,1,1
30155,1,1
30156,1,1
30157,1,2
30158,1,1
30159,1,1
30160,1,1
30161,1,1
30162,1,1
30163,1,1
30164,1,1
30165,1,1
30167,1,1
30168,1,1
30169,1,1
30170,1,1
30171,1,1
30172,1,1
30173,1,1
30175,1,1
30176,1,1
30177,1,1
30178,1,1
30179,1,1
30180,1,1
30181,1,1
30182,2,2
30183,1,1
30184,1,1
30185,1,1
30186,1,1
30187,1,1
30188,2,2
30190,1,1
30191,1,1
30192,2,2
30193,1,1
30194,2,1
30195,1,1
30196,1,1
30197,1,1
30198,1,1
30199,1,1
30200,1,1
30201,1,1
30202,1,1
30203,2,1
30204,1,1
30205,2,2
30206,1,1
30208,1,1
30209,1,1
30210,1,1
30211,1,1
30212,2,1
30213,1,1
30214,1,1
30215,2,2
30216,2,2
30217,2,2
30218,1,1
30219,1,1
30220,1,1
30221,1,1
30222,1,1
30223,1,1
30224,1,1
30225,1,1
30226,1,1
30227,2,1
30228,1,1
30229,1,1
30230,1,1
30231,1,2
30232,1,1
30233,1,1
30234,2,1
30236,1,1
30237,1,1
30238,1,1
30240,1,1
30241,1,1
30242,1,1
30243,1,1
30245,1,1
30246,2,2
30247,1,1
30248,2,2
30249,2,1
30250,1,1
30252,1,1
30253,1,2
30254,2,1
30255,1,1
30256,1,1
30258,2,1
30259,2,1
30260,1,1
30262,1,1
30263,1,1
30264,1,1
30266,2,2
30267,1,1
30268,1,1
30269,1,1
30270,1,1
30271,1,1
30273,2,1
30274,1,1
30276,1,1
30277,2,1
30278,1,1
30279,1,1
30280,1,1
30281,1,1
30282,1,1
30283,2,1
30284,2,1
30285,1,1
30286,1,1
30287,1,1
30288,1,1
30289,1,1
30290,2,1
30291,1,1
30292,1,1
30293,1,1
30294,1,1
30295,1,2
30296,1,1
30297,2,2
30298,1,1
30299,1,1
30300,1,1
30302,2,1
30303,2,1
30304,1,1
30306,2,1
30307,1,1
30308,1,1
30309,1,1
30310,1,1
30311,1,1
30312,1,1
30313,1,1
30314,1,1
30315,2,1
30317,1,1
30318,2,1
30319,1,1
30321,1,1
30322,1,1
30323,1,1
30324,1,1
30325,2,1
30326,1,1
30327,1,1
30328,1,1
30329,2,1
30330,2,1
30331,1,1
30332,1,1
30333,1,1
30334,1,1
30335,1,1
30336,1,1
30337,2,1
30338,1,2
30339,2,2
30340,1,1
30341,1,1
30343,2,1
30344,1,1
30345,1,1
30346,1,1
30347,1,2
30348,2,1
30349,1,1
30350,1,1
30351,1,1
30352,2,1
30353,1,1
30354,1,1
30355,1,1
30356,1,1
30357,1,1
30358,1,1
30359,1,1
30360,1,1
30361,1,1
30362,1,1
30363,2,1
30364,1,1
30365,2,1
30366,1,1
30368,1,1
30369,1,1
30370,1,1
30371,1,1
30372,2,1
30374,1,1
30375,2,2
30377,1,1
30378,1,1
30379,1,1
30380,1,1
30381,1,1
30382,1,1
30383,2,2
30385,1,1
30386,1,1
30387,1,1
30388,1,1
30390,1,1
30391,2,2
30392,1,1
30394,1,1
30395,1,1
30396,1,1
30397,2,1
30398,1,1
30399,1,1
30400,1,1
30401,2,2
30402,1,1
30403,1,1
30404,2,1
30405,2,2
30406,1,1
30407,1,1
30408,1,1
30409,1,1
30410,1,1
30412,1,1
30413,1,1
30415,1,1
30416,1,1
30417,1,1
30419,1,1
30420,2,2
30421,1,1
30422,2,1
30423,1,1
30424,2,1
30425,1,1
30426,2,2
30427,1,1
30428,1,2
30429,2,2
30430,2,1
30431,1,1
30432,2,1
30433,1,1
30434,1,1
30435,1,1
30436,1,1
30437,1,1
30438,2,1
30439,1,1
30441,1,1
30442,1,1
30443,1,1
30444,1,1
30445,1,1
30446,1,1
30447,1,1
30449,1,1
30450,1,1
30451,2,1
30452,1,1
30453,1,1
30454,1,1
30456,1,1
30457,1,1
30458,1,1
30459,1,1
30461,1,1
30462,1,1
30463,1,2
30464,1,1
30465,1,1
30466,1,1
30467,1,1
30468,1,1
30469,2,1
30470,2,1
30471,1,1
30472,1,1
30473,1,1
30474,1,1
30475,1,1
30476,2,2
30477,2,2
30478,1,1
30479,1,1
30481,2,1
30482,2,2
30483,1,1
30485,2,2
30486,1,1
30487,1,1
30488,1,1
30489,1,1
30490,2,1
30491,1,1
30492,1,1
30493,1,1
30494,1,1
30495,1,2
30496,2,1
30497,1,1
30499,1,1
30500,1,1
30502,1,1
30503,1,1
30504,2,1
30505,1,1
30506,2,1
30507,1,1
30508,1,1
30509,1,1
30510,1,1
30511,1,1
30512,1,1
30513,1,1
30514,1,1
30517,1,1
30518,1,2
30520,1,1
30523,1,1
30524,1,1
30525,2,1
30526,1,1
30528,1,1
30529,1,1
30530,1,1
30531,1,1
30532,1,1
30533,1,1
30534,1,1
30535,1,2
30536,2,2
30537,1,1
30538,1,1
30540,1,1
30541,1,1
30542,1,1
30543,1,1
30545,2,2
30546,2,1
30547,1,1
30548,1,1
30549,2,1
30550,1,1
30551,1,1
30552,1,1
30553,1,1
30554,1,1
30555,1,1
30556,2,2
30557,1,1
30558,1,1
30559,1,1
30560,2,2
30561,1,1
30562,1,1
30563,1,1
30564,2,2
30565,1,1
30566,1,2
30567,1,1
30568,1,1
30569,1,1
30570,1,1
30571,2,1
30572,2,1
30573,1,1
30574,1,1
30575,1,1
30576,1,1
30577,1,1
30578,2,2
30579,1,1
30580,1,1
30581,1,1
30582,1,1
30583,1,1
30584,1,1
30585,2,1
30586,1,1
30587,1,1
30588,1,1
30589,1,1
30590,2,1
30591,1,1
30593,1,1
30594,1,1
30595,1,1
30597,1,1
30598,1,1
30599,1,1
30600,1,1
30601,1,1
30602,1,1
30603,1,1
30604,1,1
30605,1,2
30606,2,1
30607,1,1
30608,1,1
30610,2,2
30611,1,1
30612,1,1
30613,1,1
30614,1,1
30615,1,1
30616,1,1
30617,2,2
30618,1,1
30619,1,1
30620,2,1
30621,2,2
30622,1,1
30623,1,1
30625,1,1
30626,2,2
30627,1,1
30628,2,2
30629,1,1
30630,2,1
30633,1,1
30634,1,1
30635,1,1
30637,1,1
30638,1,1
30639,2,2
30640,1,1
30641,1,1
30642,1,2
30643,1,1
30645,2,1
30646,1,1
30647,1,1
30648,1,1
30649,2,1
30650,1,1
30651,2,2
30652,1,1
30653,1,2
30656,1,1
30657,2,1
30658,1,1
30659,1,1
30660,1,1
30661,2,2
30662,1,2
30663,1,1
30664,1,1
30665,2,1
30666,1,1
30667,2,2
30668,1,1
30669,2,2
30671,1,1
30672,2,2
30673,1,1
30674,1,1
30675,1,1
30678,1,1
30679,1,1
30681,2,1
30682,1,1
30683,2,2
30684,2,1
30685,1,1
30686,1,1
30687,1,1
30688,2,1
30689,1,2
30690,2,2
30691,1,1
30692,1,1
30694,1,1
30695,2,1
30696,1,1
30698,1,1
30699,1,1
30701,2,1
30702,1,1
30703,1,1
30704,1,1
30706,1,1
30707,1,1
30708,1,1
30710,1,1
30711,1,1
30712,1,1
30713,1,1
30714,1,1
30715,1,2
30716,1,1
30718,1,1
30720,1,1
30721,1,1
30722,2,1
30724,2,1
30725,1,1
30726,1,1
30727,1,1
30728,1,1
30730,2,1
30731,1,1
30732,1,1
30733,1,1
30734,2,1
30735,2,2
30736,2,2
30738,1,1
30739,1,1
30740,2,1
30741,1,1
30742,1,1
30743,1,1
30744,1,1
30746,1,1
30747,1,1
30748,2,1
30749,2,1
30750,1,1
30751,1,1
30752,1,1
30753,2,1
30754,1,1
30755,1,1
30756,1,1
30757,1,1
30758,1,2
30759,2,1
30761,1,1
30763,1,1
30764,1,1
30765,1,1
30766,2,1
30767,1,1
30768,2,2
30769,2,1
30770,1,1
30771,1,1
30772,1,1
30773,2,2
30774,1,1
30775,1,1
30776,1,1
30777,1,1
30779,1,1
30780,1,1
30781,1,1
30782,1,1
30783,2,1
30784,1,1
30785,1,1
30787,2,2
30788,2,2
30790,1,1
30791,1,1
30792,2,2
30793,1,1
30794,1,1
30795,1,1
30796,1,1
30797,1,1
30798,1,1
30799,2,1
30800,1,1
30801,2,1
30802,2,1
30803,1,1
30804,1,1
30805,2,1
30806,1,1
30807,2,1
30808,1,1
30809,1,1
30810,1,1
30811,1,1
30812,1,1
30813,1,1
30814,1,1
30815,2,1
30816,1,1
30817,1,1
30818,1,1
30820,2,1
30821,1,1
30822,1,1
30823,1,1
30824,2,1
30825,1,1
30826,1,1
30827,1,1
30828,1,1
30829,1,1
30830,1,1
30831,2,2
30832,1,1
30833,2,1
30834,1,1
30835,2,1
30836,1,1
30837,1,1
30839,2,2
30840,2,1
30841,1,1
30842,1,1
30843,2,1
30844,1,1
30845,1,1
30846,1,2
30847,1,1
30848,1,1
30849,1,1
30850,1,1
30851,1,1
30852,2,2
30853,1,1
30854,1,1
30856,1,1
30857,1,1
30858,2,2
30859,1,1
30860,1,1
30861,1,1
30862,1,2
30863,1,1
30864,2,2
30865,1,1
30866,1,1
30867,1,1
30868,1,1
30869,2,2
30870,2,2
30871,1,1
30872,1,1
30874,1,1
30875,1,1
30876,1,1
30877,1,1
30878,1,1
30879,1,1
30880,2,1
30882,1,1
30883,1,1
30884,2,1
30885,2,1
30886,1,1
30887,1,1
30889,1,1
30890,2,2
30891,1,1
30892,1,1
30893,1,1
30894,1,1
30895,1,1
30898,1,1
30899,1,1
30900,1,1
30901,2,1
30902,1,1
30903,1,1
30904,1,1
30905,1,1
30906,1,1
30907,1,1
30908,1,1
30909,1,1
30910,2,1
30911,1,1
30912,1,2
30913,2,2
30914,1,1
30915,1,1
30917,1,1
30918,2,2
30919,1,1
30920,1,1
30923,1,1
30924,1,1
30925,1,1
30926,1,1
30928,2,1
30929,1,1
30930,1,1
30931,1,1
30932,2,2
30933,1,1
30934,1,1
30935,1,1
30936,2,1
30938,1,1
30939,1,1
30940,1,1
30942,1,1
30943,1,1
30944,1,1
30945,2,2
30946,1,1
30948,2,1
30949,1,1
30950,2,1
30951,2,2
30952,1,1
30953,1,1
30954,2,2
30955,1,1
30956,1,1
30957,2,2
30958,1,1
30959,1,1
30960,2,1
30961,2,1
30962,1,1
30963,1,1
30964,2,1
30965,1,1
30966,1,1
30967,1,1
30968,1,1
30970,2,1
30972,1,1
30973,2,2
30974,1,1
30975,2,2
30976,1,1
30977,1,1
30978,1,1
30979,2,2
30980,2,1
30981,2,1
30982,2,1
30983,1,1
30984,1,1
30985,1,1
30986,1,1
30987,1,1
30988,1,1
30989,1,1
30990,1,1
30991,1,1
30992,1,1
30993,1,1
30994,1,2
30995,1,2
30996,1,1
30997,1,1
30999,2,1
31000,2,1
31001,1,1
31002,1,1
31003,2,1
31004,1,1
31005,1,1
31006,2,1
31008,2,2
31010,1,1
31011,2,2
31012,1,1
31014,1,1
31015,2,2
31016,2,2
31017,1,1
31018,1,1
31019,1,1
31020,1,1
31021,1,1
31023,1,1
31024,1,1
31025,1,1
31026,1,1
31027,1,1
31030,1,1
31031,1,1
31032,1,1
31033,1,1
31036,1,1
31037,1,1
31039,1,1
31040,1,1
31041,1,1
31042,2,2
31043,1,1
31044,1,1
31045,1,1
31046,1,2
31047,1,2
31048,1,1
31049,1,1
31050,2,1
31051,1,1
31052,1,1
31053,1,1
31054,2,2
31055,1,1
31056,2,1
31057,1,1
31058,1,1
31059,1,1
31061,1,1
31062,1,1
31063,1,1
31064,1,1
31065,2,1
31066,1,1
31067,2,2
31068,1,1
31069,1,1
31070,2,1
31071,2,1
31072,1,2
31073,1,1
31075,1,1
31076,1,2
31077,2,2
31078,1,1
31079,1,1
31080,2,2
31081,1,1
31082,2,1
31083,1,1
31085,1,1
31086,1,1
31088,1,1
31089,1,1
31090,1,1
31091,1,1
31092,1,1
31093,2,2
31094,1,1
31095,2,2
31096,2,2
31097,2,1
31098,1,1
31099,1,1
31100,1,1
31101,1,1
31102,1,1
31103,1,1
31104,2,1
31105,1,1
31106,2,1
31107,1,1
31108,1,1
31109,1,1
31110,2,1
31111,2,1
31112,1,1
31113,1,1
31114,1,1
31115,1,1
31116,1,1
31118,1,1
31119,1,1
31120,1,2
31121,1,1
31122,1,1
31123,1,1
31124,1,1
31125,2,1
31126,2,1
31127,1,1
31128,2,2
31129,1,1
31130,2,2
31131,1,1
31132,1,1
31133,1,1
31134,1,1
31135,1,1
31136,2,2
31137,1,1
31138,1,1
31139,2,2
31140,1,1
31141,1,1
31142,1,2
31143,1,1
31144,1,2
31145,1,1
31146,1,1
31147,1,1
31148,2,2
31149,2,2
31150,1,1
31151,2,1
31152,1,1
31153,1,1
31154,1,1
31155,1,1
31156,1,1
31157,1,1
31158,1,1
31159,2,1
31160,1,1
31161,2,2
31162,2,2
31163,1,1
31164,2,1
31165,1,1
31166,1,1
31167,1,1
31168,1,1
31169,1,1
31170,1,1
31171,2,1
31172,1,1
31173,1,1
31174,1,1
31175,1,1
31176,1,1
31177,1,1
31178,2,1
31179,1,1
31181,1,1
31182,2,1
31184,1,1
31185,2,2
31186,1,1
31187,1,1
31188,2,2
31189,2,1
31190,1,1
31191,1,1
31192,1,1
31193,1,1
31194,1,1
31195,1,1
31196,1,1
31197,1,1
31199,1,1
31200,2,1
31201,1,1
31203,1,1
31204,2,1
31205,1,1
31206,2,2
31207,2,2
31208,1,1
31209,1,1
31211,1,1
31212,1,1
31213,1,1
31214,1,1
31215,1,1
31216,2,2
31217,1,1
31218,1,1
31219,1,1
31220,1,1
31221,1,1
31222,1,1
31223,1,1
31224,1,1
31225,1,1
31226,2,1
31227,2,1
31228,1,1
31229,2,1
31230,1,1
31231,2,1
31232,2,2
31233,1,1
31234,1,1
31235,2,1
31237,1,1
31238,1,1
31239,1,1
31240,1,1
31242,1,1
31243,2,2
31244,2,1
31245,2,1
31246,1,1
31248,1,1
31249,1,1
31251,1,1
31252,2,2
31253,1,1
31254,2,2
31255,1,1
31256,2,1
31257,1,1
31258,1,1
31259,1,1
31260,1,1
31261,1,1
31262,1,1
31263,1,1
31264,1,1
31265,1,1
31266,2,2
31267,2,1
31268,1,1
31269,1,1
31270,1,1
31271,2,1
31273,1,1
31274,2,1
31275,1,1
31276,1,1
31277,2,1
31278,1,1
31279,1,1
31280,2,2
31282,2,1
31283,1,1
31284,1,1
31285,1,1
31286,1,2
31287,1,1
31288,2,2
31289,1,1
31290,1,2
31291,1,1
31293,2,1
31294,1,1
31295,2,2
31296,1,1
31297,1,1
31298,1,1
31300,1,1
31301,2,1
31302,2,2
31303,1,1
31304,1,1
31305,1,1
31306,2,1
31307,1,1
31308,1,1
31309,1,1
31310,1,1
31311,2,2
31312,1,1
31313,1,1
31314,1,1
31316,1,1
31317,1,1
31318,1,1
31319,1,1
31320,1,1
31321,2,1
31322,2,1
31323,1,1
31324,1,1
31325,1,1
31327,2,2
31328,1,1
31329,1,1
31330,1,1
31331,2,1
31332,1,1
31333,2,2
31334,1,1
31335,2,1
31336,1,2
31337,1,1
31338,2,1
31339,1,1
31340,1,1
31341,1,1
31342,1,2
31343,1,1
31344,1,1
31345,1,1
31346,2,1
31347,1,1
31348,1,1
31349,1,1
31350,1,1
31351,1,1
31352,1,2
31353,1,1
31355,2,2
31356,1,1
31357,2,2
31358,1,1
31359,1,1
31360,1,1
31361,2,2
31362,1,1
31363,1,1
31364,2,1
31365,2,2
31370,2,2
31371,1,1
31372,1,1
31373,1,1
31374,1,1
31375,2,1
31376,1,1
31377,1,1
31378,1,1
31379,1,1
31381,1,1
31382,1,1
31383,1,1
31384,1,1
31385,1,1
31386,1,1
31387,2,1
31388,2,2
31389,1,1
31390,2,2
31391,2,1
31392,1,1
31393,1,1
31394,1,1
31396,1,1
31397,1,1
31398,2,2
31399,1,1
31400,1,2
31402,1,1
31403,1,1
31404,1,1
31405,2,2
31406,2,2
31407,1,1
31408,1,1
31409,1,1
31410,1,1
31411,2,1
31412,2,1
31413,1,1
31414,1,1
31415,1,1
31417,2,2
31418,1,2
31421,1,1
31422,1,1
31424,1,1
31425,2,2
31426,1,1
31427,1,1
31428,1,1
31429,1,1
31430,2,1
31431,2,1
31432,1,1
31433,1,1
31434,2,2
31435,2,2
31437,1,1
31438,1,1
31440,1,1
31441,1,1
31442,2,1
31443,1,1
31444,1,1
31445,1,1
31447,2,1
31448,2,2
31449,2,1
31450,2,2
31451,2,2
31452,2,2
31453,2,1
31454,2,1
31455,1,2
31456,2,2
31457,2,1
31458,1,1
31459,1,1
31460,1,1
31461,2,1
31462,1,1
31463,1,1
31464,1,1
31465,1,1
31467,1,1
31468,2,2
31469,2,1
31470,1,1
31471,1,1
31472,1,1
31473,2,2
31474,1,1
31475,2,1
31476,1,1
31478,1,1
31479,1,1
31481,2,1
31482,1,1
31484,1,1
31485,1,1
31486,2,2
31487,1,1
31488,1,1
31489,2,1
31490,1,1
31491,2,2
31492,1,1
31493,1,1
31494,1,1
31495,1,1
31496,2,2
31498,1,1
31499,1,1
31501,1,1
31502,2,1
31503,2,2
31504,1,1
31505,2,1
31506,1,1
31507,2,2
31508,1,1
31509,1,1
31510,2,2
31511,1,2
31512,2,1
31513,2,1
31514,1,1
31517,1,1
31518,1,1
31519,2,2
31520,1,1
31521,1,1
31522,1,1
31523,2,1
31525,1,1
31526,1,1
31527,1,1
31528,1,1
31529,1,1
31530,1,1
31532,1,1
31533,2,1
31534,2,1
31535,1,1
31537,1,1
31538,1,2
31539,1,1
31540,1,1
31541,1,1
31542,2,1
31543,1,2
31544,1,1
31545,1,1
31546,1,1
31547,1,1
31548,1,1
31549,1,1
31550,1,1
31551,1,2
31552,1,1
31553,1,1
31554,1,2
31556,1,1
31557,1,2
31558,1,1
31559,2,1
31560,1,1
31562,1,1
31563,1,1
31564,2,1
31565,1,2
31566,1,1
31567,1,1
31568,1,1
31573,2,1
31574,1,1
31576,2,1
31577,1,1
31578,2,2
31580,2,1
31581,2,1
31582,1,1
31584,1,1
31585,1,1
31586,1,1
31587,2,2
31588,2,1
31589,1,1
31590,1,1
31591,2,2
31593,1,1
31594,1,1
31595,1,1
31596,2,2
31597,1,1
31598,1,1
31599,1,1
31600,1,1
31601,1,1
31603,1,1
31604,2,1
31606,1,1
31607,1,1
31608,2,2
31609,2,2
31610,1,1
31611,1,2
31612,1,1
31614,1,2
31615,1,2
31616,1,1
31617,1,1
31618,2,1
31619,1,1
31620,2,1
31621,1,1
31622,1,1
31623,2,1
31624,1,1
31625,1,1
31628,2,2
31629,1,1
31630,1,1
31631,1,2
31632,1,1
31633,2,1
31634,1,1
31635,1,1
31636,1,2
31637,1,1
31638,1,1
31640,1,1
31641,1,1
31642,1,1
31643,1,1
31645,2,2
31646,2,1
31647,1,1
31649,1,1
31650,1,1
31651,1,1
31652,2,1
31653,2,1
31654,2,2
31655,2,2
31656,1,1
31657,1,1
31658,1,1
31660,1,1
31661,1,1
31662,1,1
31663,1,1
31664,1,1
31665,1,1
31666,1,1
31667,1,1
31668,1,1
31669,2,1
31670,2,2
31671,2,2
31672,1,1
31674,2,2
31675,1,1
31676,1,1
31677,1,1
31678,1,1
31679,1,1
31680,2,1
31681,2,1
31683,1,1
31684,2,1
31685,1,1
31687,1,1
31688,2,2
31689,1,1
31690,2,1
31691,1,1
31692,1,1
31693,1,1
31694,1,1
31695,1,1
31697,2,1
31698,1,1
31699,1,1
31700,1,1
31702,1,1
31703,2,1
31704,1,1
31705,1,1
31706,1,2
31707,1,1
31708,1,1
31709,1,1
31710,1,1
31711,1,1
31712,1,1
31714,2,1
31715,1,1
31716,1,1
31718,1,1
31719,1,1
31720,1,1
31721,1,1
31723,1,1
31724,1,1
31725,1,1
31727,2,2
31728,1,1
31729,2,2
31730,2,1
31732,1,2
31733,2,2
31735,1,1
31736,1,1
31737,1,1
31738,1,1
31739,1,1
31740,1,1
31741,1,1
31743,2,2
31744,2,1
31745,2,1
31746,1,1
31747,2,1
31748,2,1
31750,2,2
31751,1,1
31752,2,1
31753,1,1
31754,1,1
31755,1,1
31756,1,1
31757,1,1
31759,1,1
31760,1,1
31761,2,2
31762,1,1
31763,2,2
31764,2,2
31765,1,1
31766,1,1
31767,1,1
31768,1,1
31769,1,1
31770,1,1
31771,1,1
31772,1,1
31773,2,2
31774,1,1
31775,2,2
31776,2,1
31777,1,1
31778,1,1
31779,1,1
31780,1,1
31781,1,1
31782,1,1
31783,2,1
31784,1,1
31785,1,1
31786,2,1
31787,1,1
31788,2,2
31789,1,1
31790,1,1
31791,1,1
31792,1,1
31793,1,1
31794,2,1
31795,2,2
31796,1,1
31797,1,1
31798,1,1
31799,2,2
31800,1,2
31801,1,2
31802,2,2
31803,1,1
31804,1,1
31805,1,1
31806,1,1
31807,2,2
31808,1,1
31809,2,1
31810,1,1
31811,1,1
31812,1,1
31813,1,2
31814,1,1
31815,2,2
31817,1,1
31818,1,1
31819,2,2
31820,1,1
31821,1,1
31822,1,1
31823,1,1
31824,1,1
31825,2,1
31826,2,1
31827,1,2
31828,2,2
31829,1,1
31830,2,2
31832,1,2
31833,1,1
31834,1,1
31835,1,1
31837,1,1
31838,1,1
31839,1,1
31840,2,1
31841,1,1
31842,2,1
31844,1,1
31845,2,1
31846,1,1
31847,1,1
31849,1,1
31850,1,1
31851,2,1
31852,1,1
31853,1,1
31854,1,1
31855,1,1
31856,1,1
31857,1,1
31858,1,1
31859,1,1
31860,1,1
31862,1,1
31863,1,2
31864,1,1
31865,1,1
31866,1,1
31867,1,1
31868,1,1
31869,2,2
31871,1,1
31872,2,2
31873,1,1
31874,1,1
31876,1,1
31877,1,2
31878,2,1
31879,1,1
31880,1,1
31881,2,1
31882,1,1
31884,2,2
31886,1,2
31887,1,1
31888,1,1
31889,1,1
31890,1,1
31892,1,1
31893,1,1
31894,2,2
31895,2,1
31896,1,1
31897,1,1
31898,2,2
31901,1,1
31902,1,1
31903,2,2
31904,1,1
31905,1,1
31906,2,1
31907,2,2
31908,1,1
31909,1,1
31910,1,1
31911,2,1
31912,1,1
31913,1,1
31914,2,1
31915,1,1
31916,1,1
31917,1,1
31918,2,1
31919,1,1
31920,1,1
31921,1,1
31922,1,1
31923,1,1
31924,1,1
31927,1,1
31929,1,1
31931,1,1
31932,1,1
31933,1,1
31934,1,1
31935,1,1
31936,1,1
31937,1,1
31938,2,2
31939,2,1
31940,1,1
31941,1,1
31944,1,1
31945,1,1
31946,2,2
31947,1,1
31948,1,1
31949,1,2
31950,2,2
31951,1,1
31952,1,1
31953,2,2
31954,1,1
31955,1,1
31956,1,1
31958,2,1
31959,1,1
31960,1,2
31961,1,1
31963,1,1
31964,1,1
31966,2,2
31967,2,1
31968,2,1
31969,1,1
31970,1,2
31971,1,1
31972,2,2
31973,1,1
31974,1,2
31975,1,1
31976,1,1
31977,2,1
31979,1,1
31980,1,1
31982,1,2
31984,1,1
31985,1,1
31986,2,1
31988,1,1
31989,1,1
31990,2,2
31991,1,1
31992,2,1
31994,1,1
31995,1,1
31997,2,1
31998,2,1
31999,1,1
32000,1,1
32001,2,2
32002,1,1
32003,1,2
32004,2,1
32005,2,1
32006,1,1
32007,1,1
32009,1,2
32010,1,1
32011,1,1
32013,1,1
32014,1,1
32015,1,1
32016,2,1
32017,1,1
32018,1,1
32019,1,1
32020,1,1
32021,1,1
32022,1,1
32023,1,1
32024,2,1
32025,2,1
32026,1,1
32027,2,1
32028,2,2
32029,2,2
32030,1,1
32031,1,1
32032,1,2
32033,1,1
32035,1,1
32036,1,1
32037,1,2
32038,2,2
32039,1,1
32040,1,2
32041,1,1
32044,1,1
32045,1,1
32046,2,2
32047,1,1
32048,1,1
32049,2,2
32050,1,1
32051,1,1
32052,2,2
32053,1,1
32054,1,1
32055,1,1
32056,1,1
32057,1,2
32059,1,1
32060,1,1
32061,1,2
32062,1,1
32063,2,1
32065,1,1
32066,1,1
32067,2,1
32068,1,1
32069,1,1
32070,1,1
32071,1,1
32073,1,1
32074,1,1
32075,1,1
32076,2,1
32077,2,1
32078,1,1
32080,1,1
32082,1,1
32083,1,1
32084,2,1
32085,1,2
32086,1,1
32087,1,1
32088,1,1
32089,1,1
32090,2,2
32091,1,1
32092,2,2
32093,1,1
32094,1,1
32095,1,1
32096,1,1
32097,1,1
32098,2,1
32099,1,1
32100,1,1
32101,1,1
32102,2,1
32103,1,1
32105,1,1
32106,1,1
32107,1,1
32108,1,1
32109,2,2
32110,1,1
32111,1,1
32112,1,2
32113,1,1
32114,2,2
32116,1,1
32117,2,1
32118,1,1
32119,2,1
32120,1,1
32121,1,1
32122,1,1
32124,1,1
32125,2,1
32126,1,1
32127,1,1
32130,2,2
32131,2,2
32132,1,1
32133,2,1
32134,1,1
32135,2,1
32137,1,1
32138,2,1
32139,2,2
32140,1,1
32141,1,1
32142,1,1
32143,1,1
32144,1,1
32145,1,1
32146,1,1
32147,1,1
32148,1,2
32149,1,1
32150,1,2
32151,1,1
32152,1,1
32153,1,1
32154,1,1
32155,1,1
32157,1,2
32158,1,1
32159,1,1
32160,1,1
32161,2,1
32162,1,2
32163,1,2
32164,2,1
32165,1,1
32166,1,1
32167,1,1
32168,1,1
32169,1,1
32171,1,1
32172,1,1
32173,2,2
32174,1,1
32175,1,1
32176,1,1
32177,1,1
32178,1,1
32179,2,1
32180,1,1
32181,2,2
32183,2,2
32184,1,1
32185,2,2
32186,1,1
32187,1,1
32188,1,1
32189,1,1
32190,1,1
32191,1,1
32192,1,1
32193,1,1
32194,1,1
32195,2,1
32196,1,1
32197,1,1
32198,2,2
32199,2,1
32200,1,2
32201,1,1
32202,1,1
32203,2,2
32204,1,1
32205,1,1
32206,1,1
32207,1,1
32208,1,1
32209,1,1
32210,1,2
32211,1,1
32212,1,1
32213,1,1
32214,2,1
32215,1,1
32216,2,1
32217,1,1
32218,1,1
32219,1,1
32220,1,1
32222,2,2
32223,1,1
32224,1,1
32225,1,1
32226,1,1
32227,1,1
32228,2,2
32229,1,1
32230,2,2
32231,1,1
32232,1,1
32234,2,1
32235,1,1
32236,2,1
32238,2,2
32239,1,1
32240,1,1
32241,1,1
32243,1,1
32244,1,1
32245,2,1
32247,2,1
32250,2,2
32252,1,2
32253,1,1
32254,2,1
32256,2,1
32257,1,1
32258,2,2
32259,1,1
32260,2,1
32261,1,1
32263,1,1
32264,1,1
32265,2,2
32266,2,2
32267,2,2
32268,1,1
32269,1,1
32270,1,1
32272,2,1
32273,1,1
32274,1,1
32275,1,1
32276,1,1
32277,1,1
32278,1,1
32279,1,1
32280,1,1
32281,1,2
32282,1,1
32283,1,1
32284,1,1
32285,1,1
32286,1,1
32287,2,2
32288,1,1
32289,1,1
32290,1,1
32291,1,1
32292,2,1
32293,1,1
32294,1,2
32295,2,1
32296,1,1
32297,2,1
32298,1,1
32299,1,2
32300,1,2
32302,2,1
32303,1,1
32304,1,1
32307,2,2
32308,2,1
32309,1,1
32310,1,1
32312,1,1
32313,1,1
32314,1,1
32315,1,1
32316,1,1
32317,1,1
32318,2,2
32319,1,1
32320,1,1
32321,1,1
32322,1,1
32323,1,1
32324,1,1
32325,1,1
32327,1,1
32328,1,1
32329,1,2
32331,1,1
32332,1,1
32333,2,2
32335,1,1
32336,1,1
32337,1,1
32338,1,1
32339,1,1
32340,1,1
32341,2,1
32342,1,1
32343,1,1
32344,1,1
32345,1,1
32346,1,1
32347,2,2
32348,1,2
32349,1,1
32350,1,1
32351,1,1
32352,1,1
32353,1,1
32355,1,1
32356,1,1
32357,1,1
32358,2,2
32359,1,1
32360,1,1
32361,1,1
32362,1,1
32363,1,1
32364,1,1
32365,2,2
32366,1,1
32367,1,1
32368,1,1
32369,1,1
32370,2,1
32371,2,2
32372,2,2
32373,1,1
32374,1,1
32375,2,1
32376,1,1
32377,1,1
32378,1,1
32379,1,1
32380,1,1
32381,1,1
32382,1,1
32383,1,1
32384,1,1
32385,1,1
32386,2,1
32388,1,1
32389,2,1
32390,1,1
32391,1,1
32392,1,1
32393,1,1
32394,1,1
32395,1,1
32396,1,1
32397,1,1
32399,2,2
32400,2,1
32401,1,1
32402,2,1
32403,1,1
32405,1,1
32406,1,1
32408,1,1
32409,1,1
32410,1,1
32411,1,1
32412,1,1
32413,1,1
32414,1,1
32415,2,1
32416,2,1
32417,1,1
32418,1,1
32419,2,2
32420,1,1
32421,1,1
32422,1,1
32423,1,1
32424,1,2
32425,1,1
32426,1,1
32427,1,1
32428,1,2
32429,2,1
32430,1,1
32431,1,1
32433,1,2
32434,1,1
32435,1,1
32436,2,2
32437,1,1
32438,2,2
32439,1,1
32440,2,1
32441,2,1
32442,1,1
32443,1,1
32444,1,1
32445,1,1
32446,1,1
32447,1,1
32448,1,1
32450,1,1
32451,1,1
32452,1,1
32453,2,1
32454,1,1
32455,2,2
32456,1,1
32458,2,2
32459,1,2
32460,1,1
32461,1,1
32462,2,1
32463,1,1
32464,2,2
32466,2,2
32467,1,1
32468,1,1
32469,1,1
32470,1,1
32471,1,1
32472,1,2
32473,1,1
32475,1,1
32476,1,1
32477,1,1
32478,1,1
32479,1,1
32480,2,2
32481,1,1
32482,1,1
32483,1,1
32484,1,1
32485,1,1
32486,1,1
32487,1,1
32488,1,1
32489,1,1
32490,1,1
32491,1,1
32492,1,1
32494,1,1
32495,1,1
32496,1,1
32497,1,1
32498,1,1
32499,1,1
32500,1,1
32501,1,1
32502,1,2
32503,1,1
32504,2,1
32505,1,1
32506,2,1
32507,1,2
32508,1,1
32509,1,1
32510,2,1
32511,1,1
32512,1,1
32514,1,1
32515,1,1
32516,1,1
32517,1,1
32518,2,1
32519,2,2
32521,1,1
32522,1,1
32523,1,1
32524,1,1
32525,1,1
32526,1,1
32527,1,1
32529,1,1
32530,2,2
32531,1,1
32532,2,2
32533,2,2
32534,1,1
32535,1,1
32536,2,1
32537,1,1
32538,2,1
32539,2,2
32540,1,1
32541,1,1
32542,1,1
32543,1,1
32544,1,1
32545,2,1
32546,1,1
32547,1,1
32548,1,1
32549,1,1
32550,1,1
32551,1,1
32552,1,1
32553,1,1
32554,2,2
32555,1,1
32556,1,1
32557,2,1
32558,1,1
32559,1,1
32561,1,1
32563,2,1
32564,2,1
32565,1,1
32566,1,1
32567,1,1
32568,2,2
32569,1,1
32570,1,1
32571,2,1
32572,1,2
32573,1,1
32574,1,1
32575,2,1
32576,2,2
32577,1,1
32578,1,1
32579,1,1
32580,2,2
32582,1,1
32583,1,1
32584,1,1
32585,1,1
32586,2,1
32587,1,1
32589,1,1
32590,1,1
32591,2,1
32592,1,1
32593,1,1
32594,1,1
32595,1,1
32597,2,2
32598,1,1
32599,1,1
32600,1,1
32602,2,1
32603,1,1
32604,1,1
32605,1,1
32606,2,1
32607,1,1
32608,1,1
32609,1,1
32610,1,1
32611,1,1
32612,1,1
32613,1,1
32614,2,1
32616,1,1
32617,1,1
32618,2,2
32619,2,2
32620,1,1
32621,1,1
32622,1,1
32624,1,1
32625,1,1
32626,1,1
32627,2,2
32628,1,1
32629,1,1
32630,1,1
32631,2,2
32634,1,1
32635,1,1
32636,1,1
32637,1,1
32638,1,1
32639,1,1
32640,1,1
32641,1,1
32643,1,1
32644,2,1
32645,1,1
32646,1,1
32648,2,1
32650,2,2
32651,1,1
32652,1,1
32653,2,2
32654,1,1
32656,1,1
32657,1,1
32658,1,1
32659,2,1
32660,1,1
32661,1,1
32662,1,1
32664,1,1
32665,1,1
32666,1,1
32667,1,1
32668,1,1
32669,1,1
32670,1,1
32671,1,1
32672,1,1
32673,2,1
32674,1,1
32675,1,1
32676,1,1
32677,1,1
32678,1,1
32679,1,1
32680,2,1
32681,1,1
32682,1,1
32683,1,1
32684,1,1
32685,1,1
32686,1,1
32687,2,2
32688,1,1
32689,2,1
32691,1,1
32692,1,1
32693,1,1
32694,2,2
32695,1,1
32696,1,1
32697,2,1
32698,1,1
32699,1,1
32700,1,1
32701,1,2
32702,1,1
32703,2,1
32705,1,1
32706,1,1
32707,1,1
32708,2,1
32709,2,2
32710,1,1
32711,1,1
32713,1,1
32715,2,2
32716,1,1
32717,1,1
32718,1,1
32719,1,1
32720,1,1
32721,1,1
32722,1,1
32723,1,1
32724,1,1
32725,2,2
32726,2,1
32727,2,2
32728,1,1
32729,1,1
32730,1,1
32731,2,1
32732,1,1
32733,1,1
32734,1,1
32735,1,1
32736,2,2
32738,1,1
32739,2,1
32740,2,1
32741,1,1
32743,2,1
32744,1,1
32745,1,1
32746,1,1
32747,1,1
32749,1,1
32750,1,1
32752,2,1
32753,1,1
32754,1,1
32755,1,1
32756,1,1
32757,1,1
32758,2,2
32759,1,1
32760,2,1
32761,2,1
32763,1,1
32764,1,1
32766,1,2
32769,2,2
32770,2,1
32771,1,1
32772,1,1
32773,1,1
32774,1,2
32775,1,1
32776,1,1
32777,1,1
32778,1,1
32779,1,1
32780,1,1
32781,1,2
32782,1,1
32783,1,1
32784,2,1
32786,1,1
32788,1,1
32790,1,1
32791,1,1
32792,1,2
32794,2,1
32795,1,1
32796,1,1
32797,1,1
32798,1,1
32799,1,1
32800,1,1
32801,1,1
32802,1,1
32803,1,1
32804,1,1
32805,1,1
32806,1,1
32807,1,1
32809,2,1
32810,1,1
32811,1,1
32812,1,1
32813,2,1
32814,1,1
32816,1,1
32817,1,1
32818,1,1
32819,1,1
32820,1,1
32821,1,1
32822,1,1
32823,1,1
32824,1,1
32825,1,1
32826,2,1
32828,1,1
32829,1,1
32830,1,1
32831,1,1
32832,2,1
32833,2,1
32834,1,1
32835,2,1
32836,1,1
32837,1,1
32838,1,1
32840,1,1
32841,2,1
32842,2,1
32843,1,1
32844,1,1
32845,1,2
32846,1,1
32847,1,1
32849,1,1
32850,1,1
32851,2,1
32852,1,1
32853,1,1
32854,1,1
32855,1,1
32856,1,1
32857,2,1
32858,1,1
32859,2,1
32860,1,1
32861,2,1
32862,1,1
32863,1,1
32864,1,1
32865,1,1
32867,1,1
32869,2,2
32870,1,1
32871,2,1
32872,1,1
32873,1,1
32874,2,1
32875,1,1
32876,2,1
32877,1,1
32878,1,1
32879,2,2
32880,2,1
32881,1,1
32882,1,2
32884,1,1
32885,1,1
32887,1,1
32888,1,1
32889,2,1
32890,2,2
32891,1,1
32892,1,1
32893,2,1
32894,1,1
32895,2,2
32897,1,1
32898,1,1
32899,1,1
32901,2,1
32902,1,1
32903,1,1
32905,2,1
32906,2,1
32907,2,1
32908,2,1
32910,1,1
32911,1,1
32912,1,1
32913,1,1
32914,2,1
32915,2,1
32916,2,2
32917,1,1
32918,2,2
32919,1,1
32920,1,1
32921,1,1
32922,1,1
32923,1,1
32924,1,1
32925,2,1
32926,2,2
32927,1,1
32930,1,1
32932,1,1
32933,1,1
32934,1,2
32935,1,1
32936,2,1
32937,1,1
32938,1,1
32939,1,1
32940,1,1
32941,2,1
32942,1,1
32943,2,1
32944,1,1
32945,2,1
32946,1,1
32947,1,1
32948,1,1
32949,1,1
32950,2,1
32951,2,1
32952,1,1
32953,1,1
32954,1,1
32955,1,1
32956,1,1
32957,2,2
32958,1,1
32959,1,2
32960,1,2
32961,1,1
32962,1,1
32963,1,1
32964,1,1
32965,1,1
32966,1,1
32967,1,1
32968,1,1
32969,1,1
32970,2,2
32971,1,1
32972,2,1
32973,1,1
32974,1,1
32975,1,1
32976,2,1
32977,1,1
32978,1,1
32979,2,2
32981,1,1
32982,1,1
32983,1,1
32984,1,1
32986,2,1
32987,1,1
32988,1,1
32989,1,1
32990,1,1
32991,1,1
32992,1,1
32993,2,1
32994,1,1
32995,1,1
32996,1,2
32997,2,2
32998,1,1
32999,1,1
33000,2,2
33001,1,1
33002,1,1
33003,1,1
33004,1,1
33005,1,1
33006,2,2
33008,1,1
33009,1,1
33010,1,1
33011,1,1
33012,1,1
33013,2,2
33015,1,1
33016,1,1
33017,1,1
33018,2,2
33019,1,1
33020,1,1
33021,1,1
33022,1,1
33023,1,2
33024,1,1
33025,1,1
33027,2,2
33028,1,1
33029,1,1
33030,1,1
33031,1,1
33034,2,1
33035,1,1
33036,1,1
33037,1,1
33038,1,1
33039,1,1
33040,1,1
33041,1,2
33042,1,1
33043,1,1
33044,2,1
33045,1,1
33046,1,1
33047,1,1
33048,1,1
33049,1,1
33050,1,1
33051,1,1
33052,1,1
33054,1,1
33055,1,1
33056,1,1
33058,1,1
33060,1,1
33061,2,1
33062,1,1
33063,1,1
33064,1,1
33065,1,1
33067,1,1
33068,2,2
33069,1,1
33070,2,1
33071,1,1
33074,1,1
33075,1,1
33076,1,1
33077,1,1
33078,1,1
33080,1,1
33083,1,2
33084,1,1
33085,1,2
33086,1,1
33087,1,2
33088,1,1
33089,1,1
33090,2,2
33091,1,1
33092,1,1
33093,1,1
33094,1,1
33095,1,1
33096,1,2
33097,1,1
33098,2,1
33099,2,1
33100,1,1
33101,1,1
33102,2,2
33103,2,1
33104,1,1
33105,2,2
33106,1,2
33107,1,2
33108,1,1
33110,2,1
33111,1,1
33112,1,1
33113,1,2
33114,2,1
33115,1,1
33116,2,2
33117,1,2
33119,1,2
33120,1,1
33124,1,1
33125,1,1
33126,1,1
33127,2,1
33128,1,1
33129,1,1
33130,1,1
33131,1,1
33132,1,1
33134,1,1
33135,2,2
33136,2,1
33137,1,1
33138,1,1
33139,2,2
33140,2,1
33141,2,1
33142,2,2
33143,2,1
33144,1,1
33145,2,1
33146,1,1
33148,1,2
33149,1,1
33150,1,1
33151,1,1
33152,2,1
33153,1,1
33155,2,2
33156,1,1
33158,1,2
33159,1,1
33160,1,1
33161,2,1
33162,1,1
33163,1,1
33164,1,2
33166,1,1
33167,1,1
33168,1,1
33169,1,1
33170,1,1
33171,1,1
33172,2,2
33173,1,1
33174,1,1
33175,1,1
33177,1,1
33178,1,1
33179,1,1
33180,2,2
33181,1,1
33182,1,1
33183,1,1
33184,1,1
33185,1,1
33186,2,2
33187,1,2
33188,2,2
33189,1,1
33190,1,1
33191,1,1
33192,1,1
33193,1,1
33194,1,1
33195,1,1
33196,2,2
33197,1,1
33198,1,1
33199,2,1
33200,1,1
33201,1,1
33202,1,1
33203,2,2
33204,2,2
33205,1,1
33207,1,1
33208,1,2
33209,1,1
33210,1,1
33212,1,1
33213,2,1
33214,1,1
33215,2,2
33216,1,1
33218,1,1
33219,1,1
33220,1,1
33221,2,1
33222,1,1
33223,1,1
33224,1,1
33225,1,1
33227,1,1
33228,1,1
33229,1,1
33230,1,1
33232,1,1
33233,1,1
33234,2,2
33235,1,1
33236,1,1
33237,1,1
33238,1,1
33239,1,1
33240,2,2
33241,1,1
33242,1,1
33243,1,1
33244,1,1
33245,1,1
33247,2,2
33248,1,1
33249,1,1
33250,1,1
33252,1,1
33253,2,2
33254,1,1
33255,1,1
33256,1,1
33258,1,1
33259,2,1
33260,2,2
33261,1,1
33262,1,2
33264,1,1
33265,1,1
33266,1,1
33267,1,2
33268,1,1
33269,2,2
33270,1,2
33271,1,1
33273,2,1
33274,1,1
33275,2,1
33277,2,1
33278,1,1
33279,2,2
33280,2,2
33281,1,1
33282,1,2
33283,1,1
33284,1,1
33285,1,1
33286,1,1
33287,2,2
33288,1,1
33289,1,1
33291,1,1
33292,1,1
33294,1,1
33295,1,1
33296,1,1
33297,2,1
33298,2,1
33299,1,1
33300,1,1
33301,1,1
33302,1,1
33304,1,1
33305,1,1
33306,1,1
33307,1,1
33308,2,1
33309,2,2
33310,1,1
33311,2,2
33312,1,1
33313,1,1
33314,1,1
33315,2,1
33318,1,1
33320,1,1
33321,1,1
33322,2,1
33324,1,1
33325,1,1
33326,1,1
33327,1,1
33328,1,1
33329,1,1
33331,1,1
33332,1,1
33333,1,1
33334,1,1
33335,1,1
33336,1,2
33337,2,2
33338,1,1
33339,1,1
33340,1,1
33342,2,1
33343,1,1
33344,1,1
33345,1,1
33346,2,2
33347,1,1
33348,2,1
33349,2,1
33350,1,1
33351,1,1
33352,1,1
33353,1,1
33354,1,1
33355,1,1
33356,2,2
33357,1,1
33358,1,1
33359,1,1
33360,2,2
33361,1,1
33363,2,1
33366,1,1
33367,1,1
33368,2,2
33369,1,1
33370,2,1
33371,1,1
33372,1,1
33373,1,1
33374,2,1
33376,2,2
33377,1,1
33378,1,1
33380,1,1
33381,1,1
33382,1,1
33384,1,1
33385,1,1
33386,1,1
33387,1,1
33388,1,1
33389,2,1
33390,2,2
33391,1,1
33392,1,1
33393,1,1
33394,2,1
33395,1,1
33396,1,1
33397,1,1
33398,1,1
33399,1,1
33400,1,1
33402,1,1
33403,1,1
33404,2,2
33405,1,1
33406,1,1
33408,1,2
33409,1,2
33410,1,1
33411,1,1
33412,2,2
33413,1,1
33414,1,1
33415,1,1
33416,1,1
33417,2,1
33418,1,1
33419,2,2
33420,1,1
33421,1,1
33422,1,1
33423,1,1
33424,1,1
33425,1,1
33426,1,1
33427,1,2
33428,1,1
33429,1,2
33430,1,1
33431,1,1
33432,1,1
33433,2,2
33434,1,1
33435,1,1
33436,2,1
33437,1,1
33438,1,1
33439,2,2
33440,2,2
33441,1,1
33442,1,1
33443,2,2
33444,1,1
33445,2,1
33446,1,2
33447,1,1
33448,2,1
33449,1,1
33450,1,2
33451,2,1
33452,1,1
33453,1,1
33454,1,1
33455,2,1
33456,1,1
33458,2,1
33459,1,1
33460,2,1
33461,2,1
33463,1,1
33464,1,1
33465,1,1
33466,1,2
33467,2,1
33469,2,1
33470,1,1
33471,1,1
33472,1,1
33473,1,1
33474,1,1
33475,2,2
33476,1,1
33477,1,1
33479,2,1
33480,1,1
33481,1,2
33482,2,2
33483,1,2
33484,1,1
33486,1,1
33487,1,1
33488,1,1
33489,1,1
33490,1,1
33491,1,1
33492,1,2
33493,1,1
33494,1,1
33495,1,1
33496,1,2
33497,1,1
33498,2,2
33500,1,1
33501,1,1
33502,2,1
33503,1,1
33504,1,1
33505,1,1
33506,2,2
33507,1,1
33508,1,1
33509,1,1
33510,1,1
33512,1,1
33513,1,1
33514,1,1
33515,1,1
33516,1,1
33517,1,1
33518,2,1
33519,2,1
33520,1,1
33521,1,1
33522,1,1
33523,1,1
33524,1,1
33526,1,1
33527,1,1
33528,2,1
33529,1,1
33530,1,1
33531,1,1
33532,2,2
33533,1,1
33535,1,1
33536,2,1
33537,1,1
33538,2,1
33539,2,1
33540,2,1
33541,2,2
33542,1,1
33543,1,1
33544,2,1
33545,2,2
33546,1,1
33548,1,1
33549,1,1
33550,1,1
33551,1,2
33552,1,2
33553,2,2
33554,1,1
33555,2,1
33556,1,1
33557,1,1
33558,1,1
33559,1,2
33560,1,1
33561,1,1
33563,1,1
33564,1,1
33565,1,1
33566,2,1
33567,1,1
33568,1,1
33570,1,1
33572,1,1
33573,2,2
33574,1,1
33575,1,1
33577,1,2
33578,1,1
33579,1,1
33580,1,1
33582,1,1
33583,1,1
33584,1,1
33585,1,1
33586,2,2
33587,1,1
33588,1,1
33589,1,1
33591,1,1
33592,2,1
33593,1,1
33594,1,1
33595,1,1
33596,1,1
33597,2,1
33598,1,1
33599,1,1
33601,2,2
33602,2,1
33603,1,1
33604,1,1
33605,1,1
33606,2,2
33607,1,1
33610,1,1
33612,2,1
33613,2,2
33615,1,1
33616,2,2
33617,1,1
33618,2,2
33619,1,1
33620,1,1
33621,1,1
33622,1,1
33623,1,1
33624,1,1
33625,1,1
33627,1,1
33628,2,1
33629,1,2
33630,2,2
33631,1,1
33632,1,1
33633,1,1
33634,1,1
33635,2,2
33636,2,2
33637,1,1
33638,1,1
33639,2,2
33640,1,1
33641,1,1
33642,1,1
33643,2,2
33644,1,1
33645,1,1
33646,1,1
33647,2,2
33648,1,1
33649,1,1
33650,2,2
33651,2,1
33652,1,1
33653,1,1
33654,1,1
33655,1,1
33657,1,1
33658,2,2
33661,1,1
33662,1,2
33663,2,1
33664,1,1
33665,1,1
33666,2,1
33667,1,1
33668,1,1
33670,1,1
33671,2,2
33672,2,1
33673,2,2
33674,2,1
33675,1,1
33676,1,1
33677,1,1
33678,1,1
33679,2,1
33680,2,1
33681,1,1
33682,1,2
33683,2,2
33684,1,1
33685,1,1
33686,2,1
33687,1,1
33688,2,2
33689,1,1
33690,1,1
33691,1,1
33692,2,2
33693,2,1
33694,1,1
33695,1,1
33696,1,1
33697,1,1
33698,1,1
33699,1,1
33701,2,2
33703,1,1
33704,1,1
33706,1,1
33707,1,1
33708,1,1
33709,1,1
33710,1,1
33711,1,1
33712,2,1
33713,1,1
33714,2,2
33715,2,2
33716,1,1
33717,1,1
33718,2,2
33719,1,2
33720,1,1
33721,1,1
33722,1,1
33723,1,1
33724,1,1
33725,1,1
33726,1,1
33727,1,1
33728,1,1
33729,1,1
33730,2,1
33731,2,2
33732,1,1
33733,1,1
33734,1,1
33735,1,1
33736,1,1
33737,1,1
33738,1,1
33739,1,1
33740,1,1
33741,1,1
33742,2,1
33743,2,1
33744,1,1
33745,2,1
33746,1,1
33747,1,1
33748,2,1
33749,1,1
33751,2,2
33752,1,1
33753,1,1
33754,1,1
33755,1,1
33756,1,1
33757,1,1
33758,1,1
33759,1,1
33760,2,1
33761,1,1
33762,1,1
33763,2,2
33764,1,1
33765,2,1
33766,1,1
33767,2,1
33768,1,1
33769,1,1
33770,1,1
33771,1,1
33773,1,1
33774,1,1
33775,2,2
33776,1,1
33777,1,1
33778,1,1
33779,2,1
33780,1,1
33781,1,1
33782,2,1
33783,2,1
33784,1,1
33785,1,1
33786,1,1
33787,2,2
33788,2,2
33789,1,1
33790,2,2
33791,1,1
33792,1,1
33793,1,1
33794,1,1
33795,1,1
33796,1,1
33797,2,1
33799,2,1
33801,2,1
33802,2,2
33803,1,1
33804,1,1
33805,1,1
33806,1,2
33807,1,1
33809,1,1
33810,2,2
33811,1,2
33812,1,1
33813,1,1
33814,1,1
33817,1,1
33819,1,1
33820,1,1
33821,1,1
33822,2,1
33823,1,1
33824,2,1
33825,1,1
33826,1,1
33827,2,1
33829,2,1
33830,1,1
33831,2,1
33833,1,1
33834,2,2
33835,1,1
33837,1,1
33838,2,1
33839,1,1
33840,1,1
33841,1,1
33842,2,1
33843,1,1
33844,1,1
33846,1,1
33847,1,1
33848,1,1
33849,1,1
33850,2,2
33851,2,2
33853,1,1
33854,1,1
33855,2,2
33856,1,1
33857,2,2
33858,1,1
33859,1,1
33860,1,1
33861,1,1
33862,1,1
33863,1,1
33864,1,1
33865,1,1
33866,1,1
33867,1,1
33868,1,1
33870,1,1
33871,1,1
33872,1,1
33873,1,1
33874,1,1
33875,2,1
33876,1,1
33877,1,1
33878,1,1
33881,2,1
33882,1,1
33883,1,1
33884,2,2
33885,1,1
33887,2,1
33888,1,1
33889,1,2
33890,1,1
33891,2,2
33893,1,1
33896,1,1
33897,2,2
33898,1,1
33899,1,1
33900,1,1
33901,2,2
33902,1,1
33904,2,2
33905,1,1
33906,2,2
33907,2,1
33908,1,1
33909,1,1
33910,1,1
33911,1,1
33912,1,1
33913,1,1
33914,1,1
33915,2,2
33916,1,1
33917,1,1
33918,1,1
33919,1,1
33920,2,2
33921,2,2
33922,1,1
33923,1,1
33924,2,2
33925,2,1
33926,1,1
33927,2,1
33928,2,1
33929,1,1
33930,1,1
33931,1,1
33932,1,1
33933,1,1
33934,1,1
33935,1,1
33936,1,1
33937,2,1
33938,1,1
33939,2,2
33940,2,2
33941,2,2
33942,1,1
33943,1,1
33944,1,1
33945,2,1
33946,1,1
33947,1,1
33948,2,1
33949,1,1
33950,2,1
33951,1,1
33952,1,1
33953,1,1
33954,1,1
33955,1,1
33956,1,2
33957,1,1
33958,1,1
33959,1,1
33960,2,1
33961,2,1
33962,1,1
33963,2,1
33964,1,1
33965,1,1
33966,1,1
33967,1,1
33968,1,2
33969,1,1
33970,2,2
33971,1,1
33972,1,2
33973,2,1
33974,2,1
33975,1,1
33976,1,1
33977,1,1
33978,1,1
33979,1,2
33980,1,1
33981,1,2
33982,1,1
33983,1,1
33984,1,1
33985,1,1
33986,2,1
33987,1,1
33988,1,1
33989,2,2
33990,2,2
33991,1,1
33992,1,1
33993,1,1
33994,1,1
33995,1,1
33996,1,1
33998,2,2
33999,1,1
34000,1,2
34001,1,1
34002,1,1
34003,2,1
34005,1,1
34006,1,1
34007,1,1
34008,2,1
34009,2,1
34010,2,2
34011,2,1
34012,1,1
34013,1,1
34014,1,1
34015,1,1
34016,1,1
34017,2,1
34018,1,1
34019,1,1
34020,2,2
34021,2,1
34022,1,1
34023,1,1
34025,2,2
34027,1,1
34028,1,1
34029,1,1
34030,1,1
34031,1,1
34033,1,2
34034,1,1
34035,1,1
34036,1,1
34037,1,1
34038,2,2
34039,2,2
34040,1,1
34041,1,1
34042,1,2
34043,1,1
34044,2,1
34046,1,1
34047,2,2
34048,1,2
34049,2,1
34050,1,1
34051,1,1
34053,1,1
34054,1,1
34055,1,1
34056,1,1
34057,2,2
34058,2,2
34059,1,1
34060,2,1
34061,1,1
34062,1,1
34063,1,1
34065,2,1
34066,1,1
34067,2,1
34068,1,1
34069,2,1
34071,1,1
34072,1,1
34073,1,1
34074,2,2
34075,1,1
34076,1,2
34077,1,1
34078,1,2
34079,1,1
34080,1,1
34081,1,1
34082,1,1
34084,1,1
34085,1,1
34086,1,1
34087,2,2
34088,1,1
34089,1,1
34090,1,1
34091,1,1
34092,1,2
34093,1,1
34094,1,1
34095,1,1
34096,1,1
34097,2,1
34098,1,1
34099,2,2
34100,1,1
34101,1,1
34102,1,1
34103,1,1
34104,1,1
34105,1,1
34107,1,1
34110,1,1
34111,1,1
34112,1,2
34115,1,1
34116,1,1
34117,2,2
34118,2,2
34119,2,2
34120,1,1
34121,2,1
34122,1,1
34123,1,1
34124,2,2
34125,1,1
34126,2,2
34127,2,1
34128,1,1
34129,1,1
34130,1,1
34131,1,1
34132,1,1
34133,1,1
34134,1,1
34135,1,1
34136,1,1
34137,2,1
34138,1,1
34140,1,1
34141,1,1
34143,1,1
34144,1,1
34145,1,1
34146,1,1
34147,1,1
34148,1,1
34149,1,1
34151,2,2
34152,1,1
34153,2,2
34154,1,1
34156,1,1
34158,1,1
34159,1,1
34160,1,1
34161,2,2
34162,1,1
34163,1,1
34164,1,1
34165,1,1
34166,1,1
34167,1,1
34169,1,1
34170,1,1
34171,1,1
34172,1,1
34173,1,1
34175,1,1
34176,2,1
34177,1,1
34178,1,1
34179,1,1
34180,1,1
34181,2,2
34182,1,1
34183,2,2
34184,1,1
34185,1,1
34186,1,1
34187,1,1
34188,1,1
34189,1,1
34190,2,2
34191,1,1
34192,2,1
34193,1,1
34194,1,1
34195,1,1
34196,1,1
34197,1,1
34198,1,1
34200,1,1
34201,1,1
34202,1,1
34203,1,1
34205,1,1
34206,1,1
34207,1,1
34208,1,1
34209,1,1
34210,1,1
34211,1,1
34212,1,1
34215,2,1
34217,2,1
34218,1,1
34219,1,1
34220,1,1
34223,1,1
34224,1,1
34225,1,1
34226,1,1
34227,1,2
34228,2,1
34229,1,1
34230,1,1
34231,1,1
34232,2,2
34233,1,1
34234,2,1
34235,1,1
34236,2,1
34237,2,2
34238,1,1
34239,1,1
34240,2,1
34241,2,1
34242,1,1
34243,1,1
34244,1,1
34245,1,1
34246,1,1
34247,1,1
34248,1,1
34249,1,1
34250,1,2
34251,1,1
34252,1,1
34253,2,1
34254,1,1
34255,1,1
34256,1,1
34257,1,1
34258,1,1
34259,1,1
34260,2,2
34261,1,1
34262,1,2
34263,1,1
34264,1,1
34265,1,1
34266,2,2
34267,2,2
34268,1,1
34269,2,1
34270,2,1
34271,1,1
34272,1,1
34273,1,1
34274,2,2
34275,1,1
34276,1,1
34277,2,2
34278,1,1
34280,2,1
34281,2,2
34282,1,1
34283,1,1
34284,1,1
34285,1,1
34287,1,2
34288,1,1
34289,2,2
34290,1,1
34291,1,1
34292,2,1
34293,1,1
34294,1,1
34295,1,1
34296,1,1
34299,1,1
34300,1,1
34301,2,1
34302,1,1
34303,1,1
34304,1,1
34306,1,1
34307,2,2
34308,1,1
34309,2,1
34310,1,1
34311,1,1
34312,1,1
34314,1,1
34315,1,1
34316,1,1
34317,1,1
34318,1,1
34319,2,2
34320,2,2
34321,1,1
34322,1,2
34323,1,1
34324,1,1
34325,1,1
34326,2,2
34327,1,1
34328,1,2
34329,1,1
34330,2,2
34331,1,1
34333,1,1
34335,1,1
34336,1,1
34337,1,1
34338,1,1
34339,1,1
34341,1,1
34342,1,1
34343,1,1
34344,1,1
34346,2,1
34347,1,1
34349,1,1
34350,1,1
34352,1,1
34353,1,1
34355,1,1
34356,2,1
34357,1,1
34358,1,1
34359,2,1
34360,1,1
34361,2,1
34362,1,1
34363,1,1
34364,1,1
34365,2,2
34366,1,1
34367,1,1
34368,1,2
34369,2,2
34370,1,1
34371,1,1
34372,1,1
34373,1,1
34374,1,1
34375,2,1
34376,1,1
34377,1,1
34378,1,1
34379,1,1
34380,2,1
34381,1,1
34382,2,2
34383,2,1
34384,1,1
34385,2,2
34386,1,1
34387,1,1
34388,1,1
34389,1,1
34390,2,1
34392,2,1
34393,1,1
34394,1,1
34395,1,1
34396,1,1
34397,1,1
34398,1,1
34399,2,2
34400,1,1
34401,2,2
34403,1,1
34404,1,1
34405,2,2
34406,1,1
34407,2,2
34408,1,1
34409,2,2
34410,1,1
34411,1,1
34412,1,1
34413,1,1
34414,1,1
34415,1,1
34416,1,1
34417,1,1
34418,1,1
34419,1,1
34420,1,1
34421,1,1
34422,1,1
34423,2,1
34424,1,1
34425,1,1
34427,1,1
34428,1,1
34429,2,2
34430,1,1
34431,1,1
34432,1,1
34433,1,1
34434,1,1
34435,2,2
34437,1,1
34438,1,1
34439,1,1
34440,1,1
34441,1,1
34442,1,1
34443,2,1
34444,1,1
34445,2,2
34446,1,1
34447,1,1
34448,1,1
34449,1,1
34450,1,1
34451,2,2
34452,1,1
34453,2,2
34454,1,1
34455,1,1
34456,1,1
34457,2,2
34458,1,1
34460,1,1
34461,2,1
34462,1,1
34463,2,1
34464,1,1
34465,2,2
34466,1,1
34467,1,1
34468,2,1
34469,1,1
34470,1,1
34471,2,2
34472,1,1
34474,1,1
34475,1,1
34476,2,2
34477,2,2
34478,1,1
34479,1,1
34480,1,1
34481,2,1
34482,1,2
34483,1,1
34484,1,1
34485,2,2
34486,1,1
34487,1,1
34488,2,1
34489,1,1
34490,1,1
34491,1,1
34492,2,1
34493,2,2
34494,2,1
34495,1,1
34497,1,1
34498,2,1
34499,1,1
34500,1,1
34501,1,1
34502,1,2
34503,1,1
34504,1,1
34505,1,1
34506,2,1
34507,2,1
34508,1,1
34509,1,1
34510,1,1
34511,2,1
34513,1,1
34516,1,1
34517,1,1
34518,1,1
34519,1,1
34520,1,1
34521,2,2
34522,1,1
34523,1,1
34524,1,1
34525,1,1
34526,1,1
34527,1,1
34528,2,2
34529,1,1
34530,1,1
34531,2,2
34532,1,2
34533,2,2
34534,1,2
34536,1,1
34537,2,1
34538,1,1
34539,2,1
34540,1,2
34541,2,2
34542,1,1
34543,1,1
34544,1,1
34545,1,1
34547,1,1
34548,1,2
34549,1,1
34550,1,1
34551,1,1
34552,1,1
34553,1,1
34554,1,1
34556,1,2
34557,1,1
34558,1,1
34559,1,2
34560,1,1
34561,1,1
34562,1,1
34563,1,1
34564,1,1
34565,2,1
34566,1,1
34567,1,2
34568,1,1
34569,2,2
34570,2,2
34572,1,1
34573,1,1
34574,1,1
34575,1,1
34576,2,1
34577,2,2
34578,1,1
34579,1,1
34581,1,1
34582,1,1
34583,2,1
34584,1,1
34585,1,1
34586,1,1
34587,1,1
34588,1,1
34589,1,1
34591,1,1
34592,2,2
34593,1,1
34594,1,1
34595,1,1
34596,1,1
34597,1,1
34598,1,1
34599,2,1
34600,1,1
34601,1,2
34602,2,1
34603,1,1
34604,1,1
34605,2,2
34606,2,2
34607,1,1
34608,2,1
34609,1,1
34611,1,1
34612,1,1
34613,1,1
34614,1,1
34615,1,1
34616,1,1
34617,1,2
34618,1,1
34620,1,1
34621,1,1
34622,1,1
34623,1,1
34624,2,2
34625,1,1
34626,1,1
34627,1,1
34629,1,1
34630,1,1
34631,1,1
34632,2,2
34634,1,1
34635,1,1
34637,1,1
34638,2,2
34640,1,1
34641,1,1
34642,2,1
34643,2,2
34644,1,1
34645,2,2
34646,1,1
34647,1,1
34648,2,1
34649,1,1
34651,2,1
34652,1,1
34653,1,1
34654,1,1
34655,1,1
34656,1,1
34657,1,1
34658,1,1
34659,1,1
34660,2,2
34662,2,2
34663,1,1
34664,1,1
34665,1,1
34666,1,1
34667,1,1
34668,1,1
34669,1,1
34670,2,2
34671,1,1
34672,1,1
34673,1,1
34675,2,2
34676,1,1
34677,1,1
34678,1,1
34679,1,1
34680,1,1
34681,1,1
34682,2,2
34683,1,1
34684,1,1
34685,1,2
34686,1,1
34687,1,1
34688,1,1
34689,1,1
34690,2,1
34691,1,2
34692,1,1
34693,1,1
34695,2,1
34696,1,1
34697,1,1
34700,1,1
34701,1,1
34702,1,1
34703,2,1
34704,1,1
34705,2,2
34706,1,1
34707,1,1
34708,1,1
34709,2,1
34710,1,1
34711,2,2
34712,2,1
34713,1,1
34714,2,2
34715,1,1
34716,1,1
34717,1,1
34718,1,1
34719,1,1
34720,1,2
34721,1,1
34722,1,1
34723,1,1
34724,1,1
34725,1,1
34726,1,1
34727,1,1
34728,2,2
34729,2,2
34730,2,2
34731,1,1
34732,2,1
34733,2,2
34734,1,1
34735,1,1
34736,1,1
34739,1,1
34740,1,1
34741,1,1
34742,2,1
34743,1,1
34744,2,2
34745,1,1
34746,1,1
34747,2,2
34749,1,1
34750,2,2
34751,1,1
34752,1,1
34753,1,1
34754,1,1
34755,1,1
34756,1,2
34757,1,1
34758,2,2
34759,1,1
34760,2,1
34761,2,1
34762,1,1
34763,2,1
34764,1,1
34765,1,1
34766,1,1
34767,1,1
34768,1,1
34769,1,1
34770,1,1
34771,1,1
34772,1,1
34773,1,1
34774,1,1
34775,1,1
34776,1,1
34777,2,2
34778,1,1
34779,2,2
34780,1,1
34781,2,2
34782,1,1
34783,2,2
34784,1,1
34785,1,1
34786,2,1
34787,1,1
34788,1,1
34789,1,1
34790,1,1
34791,1,1
34792,1,1
34793,2,1
34794,2,2
34795,1,1
34796,2,1
34797,1,1
34798,1,1
34799,1,1
34800,1,2
34801,2,2
34802,1,1
34803,1,1
34804,2,1
34805,1,2
34806,2,2
34807,2,1
34808,1,2
34809,1,1
34810,1,1
34811,1,1
34812,2,1
34813,1,1
34816,1,1
34818,1,1
34819,1,1
34820,1,1
34821,2,2
34822,1,1
34824,1,1
34826,1,1
34827,2,1
34828,2,2
34829,1,1
34830,1,1
34831,2,1
34832,1,1
34833,1,2
34834,1,1
34835,2,2
34836,2,2
34837,1,1
34838,1,1
34841,2,1
34842,1,1
34843,1,1
34844,1,1
34845,1,1
34846,2,2
34847,2,1
34848,1,1
34851,2,1
34852,2,2
34853,1,1
34854,2,2
34855,2,1
34856,1,1
34857,1,1
34858,2,2
34859,2,1
34860,1,2
34861,1,1
34862,1,1
34863,1,2
34864,1,2
34865,1,2
34866,2,2
34867,2,1
34868,1,1
34870,1,1
34871,2,2
34872,1,1
34873,1,1
34874,1,1
34875,1,1
34876,1,2
34877,2,2
34878,1,1
34879,1,1
34880,1,1
34881,2,2
34884,1,1
34886,1,1
34887,1,1
34888,1,1
34889,2,1
34890,2,2
34891,2,1
34892,1,1
34894,1,1
34895,2,2
34896,1,1
34897,2,1
34898,1,1
34899,1,1
34900,1,1
34901,2,1
34902,2,2
34903,1,1
34904,1,2
34905,1,1
34906,1,2
34907,1,1
34908,1,1
34909,1,1
34911,1,1
34912,2,2
34913,1,1
34914,1,1
34915,1,1
34916,2,1
34917,1,1
34918,2,1
34919,1,1
34920,2,2
34921,1,1
34922,1,1
34923,1,1
34925,1,1
34926,1,1
34927,2,1
34930,1,1
34931,1,1
34932,1,1
34933,2,1
34934,2,1
34935,1,1
34936,1,1
34937,1,1
34938,1,1
34939,1,1
34940,1,1
34941,1,1
34942,1,1
34943,1,1
34944,1,1
34945,1,1
34947,1,1
34948,1,2
34949,1,1
34950,1,1
34951,2,1
34952,1,2
34953,1,1
34954,1,1
34955,1,1
34957,2,1
34958,1,1
34959,1,1
34960,1,1
34962,2,1
34963,2,1
34964,1,1
34965,1,1
34967,1,1
34968,2,1
34969,1,1
34970,2,2
34971,1,1
34972,1,1
34973,1,1
34975,1,2
34976,1,1
34977,1,1
34978,1,1
34979,1,1
34980,1,1
34981,1,1
34982,1,1
34983,1,1
34986,2,2
34987,1,1
34988,2,1
34989,1,2
34990,2,1
34991,1,1
34993,1,1
34994,1,1
34995,1,2
34996,1,1
34997,1,1
34998,2,2
35000,2,2
35001,1,1
35002,2,2
35003,1,1
35004,1,1
35005,1,1
35006,1,2
35007,1,1
35008,1,1
35009,1,1
35010,1,1
35011,1,1
35012,1,1
35013,1,1
35014,1,1
35015,2,2
35016,1,1
35017,1,1
35018,1,1
35020,1,1
35022,1,1
35023,1,1
35024,1,1
35025,1,1
35026,1,1
35027,2,1
35029,1,1
35030,1,1
35031,1,1
35032,2,1
35034,1,1
35035,2,2
35036,1,1
35037,1,1
35038,1,1
35041,2,2
35042,1,1
35043,1,1
35044,2,1
35045,1,1
35046,1,1
35047,1,1
35048,1,1
35049,1,1
35051,1,1
35052,2,2
35053,1,1
35054,1,1
35055,1,1
35056,1,1
35057,1,2
35058,1,1
35059,1,1
35060,1,1
35061,1,1
35063,1,1
35064,1,1
35065,1,1
35066,1,1
35067,1,1
35068,1,1
35069,1,1
35070,2,2
35071,1,1
35072,1,1
35073,1,1
35074,1,1
35075,1,1
35076,1,1
35077,1,1
35078,2,1
35079,1,1
35080,1,1
35082,1,1
35083,1,1
35084,1,1
35085,2,2
35086,2,1
35087,1,1
35088,1,1
35089,1,1
35090,2,2
35092,1,1
35093,1,1
35094,1,1
35095,2,1
35097,1,1
35098,1,1
35099,1,1
35100,1,1
35101,1,1
35102,1,1
35103,1,1
35105,1,1
35106,1,2
35107,1,1
35108,1,1
35109,1,1
35110,2,1
35111,1,1
35112,1,1
35114,1,1
35115,2,1
35116,1,1
35117,1,1
35118,1,1
35119,1,1
35120,1,1
35121,1,1
35122,1,1
35123,1,1
35124,2,2
35126,2,2
35127,1,1
35128,1,1
35129,1,1
35130,1,1
35131,1,1
35132,1,2
35133,1,2
35135,2,2
35136,1,1
35138,1,1
35140,1,1
35141,1,1
35142,2,2
35143,1,1
35144,2,1
35145,1,1
35146,2,1
35147,1,1
35148,1,1
35149,1,1
35150,1,1
35151,1,1
35152,1,1
35153,2,2
35154,1,1
35155,1,1
35156,2,1
35157,1,1
35158,1,1
35159,1,1
35161,1,1
35162,1,1
35163,1,1
35164,1,1
35165,1,1
35166,1,1
35167,2,2
35169,1,1
35170,1,1
35171,1,1
35172,1,1
35173,1,1
35174,1,1
35175,1,1
35176,1,2
35177,1,1
35178,1,1
35179,2,2
35180,2,1
35181,2,1
35182,2,1
35183,1,1
35184,1,1
35185,1,1
35186,2,2
35187,2,2
35188,1,1
35189,2,2
35190,1,1
35191,1,1
35192,1,1
35193,1,1
35194,1,1
35195,1,1
35196,2,1
35197,1,1
35198,1,1
35199,1,1
35200,2,2
35201,2,1
35202,2,1
35203,1,1
35204,1,1
35205,1,1
35206,1,1
35207,1,1
35208,1,1
35209,1,1
35210,1,1
35211,1,1
35212,1,1
35213,2,2
35214,1,2
35216,1,1
35217,1,1
35218,1,1
35219,1,1
35221,1,1
35222,2,1
35223,1,2
35224,1,1
35225,2,2
35226,1,1
35228,1,2
35229,1,1
35230,2,2
35231,2,2
35232,1,1
35233,1,1
35234,2,2
35235,2,1
35238,2,1
35240,1,1
35241,1,1
35242,1,1
35244,1,1
35246,1,1
35247,1,1
35248,1,1
35249,2,1
35250,1,1
35251,2,1
35252,1,1
35253,1,1
35254,1,1
35255,2,2
35256,1,1
35257,1,1
35258,1,1
35259,1,1
35260,2,1
35261,1,1
35262,1,1
35263,1,2
35264,1,2
35265,1,1
35266,1,1
35267,1,1
35268,1,1
35269,2,2
35270,1,1
35271,1,1
35272,2,1
35273,1,1
35274,1,1
35275,1,1
35276,1,1
35277,2,1
35278,1,1
35279,1,1
35280,1,1
35281,2,2
35283,1,1
35284,1,1
35286,1,1
35288,1,1
35289,1,1
35290,2,1
35291,1,1
35292,1,1
35293,2,2
35294,1,1
35295,1,1
35296,1,1
35297,2,2
35298,1,1
35299,2,1
35300,1,1
35301,1,1
35302,1,1
35303,2,1
35304,1,1
35305,1,1
35306,1,1
35307,1,1
35308,1,2
35309,1,1
35310,2,1
35311,2,1
35312,1,1
35313,1,1
35314,2,1
35315,1,1
35316,1,1
35317,1,1
35318,2,1
35320,1,1
35321,1,1
35322,1,1
35323,2,1
35324,1,1
35325,1,1
35326,2,1
35327,2,2
35328,1,1
35329,2,2
35330,1,1
35331,1,1
35332,1,1
35334,1,1
35335,1,1
35336,1,1
35337,2,2
35338,1,1
35339,1,1
35340,1,1
35341,1,1
35342,1,2
35343,1,1
35344,2,2
35345,1,1
35346,1,1
35347,1,1
35348,2,1
35349,1,1
35351,1,1
35352,1,1
35353,1,1
35354,1,1
35355,2,1
35356,1,1
35357,1,1
35358,1,1
35359,2,1
35360,1,1
35361,1,1
35362,1,2
35363,1,1
35364,1,1
35365,1,1
35366,1,1
35367,1,1
35368,2,1
35369,1,1
35370,2,1
35371,1,1
35372,1,1
35373,2,1
35374,1,1
35375,1,1
35376,2,1
35377,1,1
35378,1,1
35379,2,2
35380,1,1
35381,1,1
35382,1,1
35383,2,1
35384,1,1
35385,1,1
35386,2,2
35388,1,1
35389,1,2
35390,1,1
35391,1,1
35392,1,1
35393,1,1
35394,2,1
35395,1,1
35396,1,1
35397,1,1
35398,1,1
35399,1,1
35400,1,1
35401,2,1
35402,1,1
35403,1,1
35404,1,1
35406,1,1
35407,1,1
35408,1,1
35409,1,1
35410,1,1
35411,1,1
35412,2,2
35413,1,1
35414,1,1
35415,1,1
35417,1,1
35419,1,1
35420,1,1
35421,2,1
35422,1,1
35423,1,1
35424,1,1
35425,1,1
35426,1,1
35427,1,1
35428,1,1
35429,1,1
35430,1,1
35431,2,1
35432,2,1
35433,1,1
35434,1,1
35435,1,1
35436,1,1
35437,2,1
35438,1,1
35439,2,1
35441,2,2
35442,1,1
35443,1,1
35444,1,1
35446,2,2
35447,1,1
35448,1,1
35449,1,1
35450,2,1
35451,2,2
35452,1,1
35453,2,1
35454,1,1
35455,2,1
35457,1,1
35458,1,1
35460,1,1
35461,1,1
35462,2,1
35463,1,1
35464,2,2
35465,1,1
35466,2,1
35467,2,2
35468,2,1
35469,1,1
35470,1,1
35471,1,1
35472,1,1
35473,2,1
35474,1,1
35475,2,1
35476,1,1
35477,2,2
35478,1,1
35479,1,1
35481,1,1
35482,1,1
35483,2,2
35485,2,1
35486,1,1
35487,1,1
35488,1,1
35490,2,2
35491,2,1
35493,1,1
35494,1,1
35495,1,1
35496,1,1
35497,1,1
35498,1,1
35499,1,1
35500,1,1
35501,1,1
35502,1,1
35503,1,1
35504,2,1
35505,2,1
35507,1,1
35508,2,1
35509,1,1
35510,1,1
35513,1,1
35514,2,2
35515,1,1
35516,2,1
35517,1,1
35518,1,1
35519,1,1
35520,1,1
35521,1,1
35522,2,1
35523,1,1
35524,1,1
35525,1,1
35526,1,1
35527,2,2
35528,2,1
35529,1,1
35530,1,1
35531,1,1
35532,1,1
35533,2,2
35534,1,1
35535,1,1
35536,2,1
35537,2,1
35538,1,1
35539,2,1
35540,1,1
35541,1,1
35542,1,1
35543,1,1
35544,1,1
35545,2,1
35546,2,1
35548,2,1
35549,1,1
35550,1,1
35551,1,1
35552,1,1
35553,2,1
35554,1,1
35555,1,1
35556,1,1
35557,1,1
35558,1,1
35559,1,1
35560,1,1
35561,1,1
35562,2,2
35563,1,1
35564,1,1
35565,1,1
35566,1,1
35567,1,1
35568,1,1
35569,1,1
35570,1,1
35571,1,1
35572,1,1
35573,1,1
35574,1,1
35575,1,1
35576,1,1
35577,1,1
35578,2,1
35579,1,1
35580,1,1
35581,1,1
35582,2,2
35583,1,1
35584,1,1
35585,2,2
35586,1,1
35587,1,1
35588,2,2
35589,1,1
35590,1,1
35591,1,1
35592,1,1
35593,2,1
35594,2,1
35595,1,1
35596,1,1
35598,1,1
35599,1,1
35600,1,1
35601,2,2
35602,1,1
35603,1,1
35604,1,1
35605,1,1
35606,2,2
35607,1,1
35608,2,1
35609,1,2
35610,1,1
35611,1,1
35612,1,1
35613,1,1
35614,1,1
35615,1,1
35616,2,2
35619,1,1
35620,2,1
35621,1,1
35622,2,1
35623,1,1
35624,1,1
35625,1,1
35626,1,1
35627,1,1
35628,1,1
35629,1,1
35630,1,1
35631,1,1
35632,1,1
35633,1,1
35634,1,1
35635,1,1
35636,1,1
35637,1,1
35638,1,1
35639,1,1
35640,1,1
35641,1,1
35642,1,1
35643,2,1
35644,1,1
35645,1,1
35647,1,1
35648,1,1
35649,1,1
35650,1,1
35651,1,1
35652,1,1
35653,1,1
35654,1,2
35655,1,1
35656,1,1
35657,1,1
35659,1,1
35660,2,2
35661,2,1
35662,1,1
35663,1,1
35664,1,1
35665,1,1
35666,1,1
35667,1,1
35668,1,1
35669,1,1
35670,2,1
35672,1,1
35673,1,1
35674,1,1
35675,2,1
35676,2,1
35677,2,2
35678,1,1
35680,1,1
35681,1,1
35682,2,2
35683,1,1
35686,1,1
35687,1,1
35688,1,1
35689,1,1
35690,1,1
35691,1,1
35692,2,2
35693,1,1
35694,1,1
35695,2,2
35696,1,1
35697,1,1
35698,1,1
35699,1,1
35700,1,1
35701,1,1
35703,1,1
35704,1,1
35705,1,1
35706,1,1
35707,1,1
35708,2,2
35709,1,1
35711,1,1
35712,2,1
35713,1,1
35714,1,1
35715,2,2
35716,1,1
35717,1,1
35718,1,1
35720,1,1
35721,2,2
35722,1,1
35723,2,1
35724,2,1
35725,1,1
35726,1,1
35727,1,1
35729,1,1
35730,1,1
35731,1,1
35732,1,2
35733,1,1
35734,2,2
35735,1,1
35737,2,1
35738,1,1
35739,2,1
35740,1,1
35741,1,1
35743,1,1
35745,1,1
35746,1,1
35747,1,1
35748,2,1
35750,2,1
35751,1,1
35752,2,1
35753,1,1
35754,1,1
35755,2,1
35756,1,1
35757,1,1
35758,1,1
35759,1,1
35760,1,1
35761,1,1
35762,1,1
35763,1,1
35764,1,1
35765,1,1
35766,2,1
35767,1,1
35768,1,1
35770,1,1
35771,1,1
35772,1,1
35773,1,1
35774,1,2
35775,1,1
35776,1,1
35777,1,1
35778,1,1
35779,1,1
35780,1,1
35781,1,1
35782,2,1
35783,1,2
35784,1,1
35785,1,1
35786,1,2
35787,1,2
35788,1,1
35789,1,1
35791,1,1
35792,1,1
35793,1,1
35794,1,1
35795,1,1
35797,1,1
35798,1,1
35799,1,1
35800,2,1
35801,2,1
35802,1,1
35803,1,1
35804,1,1
35806,1,1
35807,2,2
35808,2,1
35809,1,1
35810,1,1
35811,1,1
35812,1,1
35813,2,1
35814,2,2
35815,1,1
35816,1,1
35817,1,1
35819,1,1
35820,1,2
35821,1,1
35822,1,1
35823,1,1
35824,1,1
35825,1,2
35826,1,1
35827,1,1
35828,1,1
35829,1,1
35830,2,2
35831,1,1
35832,2,1
35833,1,1
35835,1,1
35836,1,1
35837,1,1
35838,1,1
35839,1,1
35840,1,1
35841,1,1
35842,1,1
35843,1,1
35844,2,2
35845,1,1
35846,1,1
35847,1,1
35848,1,1
35849,1,1
35851,2,1
35852,2,2
35853,1,1
35854,1,1
35855,1,1
35856,2,1
35857,1,1
35858,1,1
35859,2,1
35860,2,1
35862,1,1
35863,1,1
35864,1,1
35865,1,1
35866,1,1
35868,1,1
35869,1,1
35870,1,1
35871,1,2
35872,1,1
35873,1,1
35874,2,2
35875,1,1
35876,1,1
35877,1,1
35878,1,1
35879,1,1
35880,2,2
35881,1,1
35882,1,1
35884,1,1
35885,2,1
35887,1,1
35888,1,1
35889,1,2
35890,1,1
35892,1,1
35893,1,1
35894,2,1
35895,1,1
35896,2,1
35897,1,1
35898,1,1
35899,1,1
35901,2,1
35903,1,1
35904,1,1
35905,2,2
35906,1,1
35907,1,1
35908,1,1
35909,1,1
35910,2,1
35911,2,2
35913,2,1
35914,1,1
35915,1,1
35916,1,1
35917,1,1
35918,1,1
35919,1,1
35920,2,1
35921,1,1
35922,1,1
35923,1,1
35924,1,2
35925,2,1
35926,1,1
35927,2,2
35929,1,1
35930,1,1
35931,1,1
35933,1,1
35934,1,1
35937,2,1
35938,2,2
35939,2,2
35940,1,1
35942,2,1
35944,1,1
35945,1,1
35946,1,1
35947,1,1
35948,1,1
35949,2,1
35950,2,2
35951,2,1
35952,2,1
35953,2,1
35954,2,2
35955,1,1
35956,1,1
35957,1,1
35958,1,1
35959,1,1
35960,1,1
35961,1,1
35962,2,2
35963,1,1
35964,1,1
35965,2,1
35966,2,1
35967,1,1
35968,1,1
35969,1,1
35970,1,1
35971,1,1
35973,1,1
35974,1,1
35975,1,1
35976,1,1
35977,1,1
35978,1,1
35979,1,1
35980,1,1
35981,1,1
35982,1,1
35983,1,1
35984,1,1
35985,1,2
35986,1,1
35987,1,1
35988,1,2
35989,2,1
35990,1,1
35991,1,1
35993,1,1
35994,1,1
35995,1,1
35996,2,2
35997,1,1
35998,1,1
35999,1,1
36000,1,1
36001,1,2
36002,1,1
36003,1,1
36004,1,2
36005,1,1
36006,1,1
36007,1,1
36008,2,2
36009,1,1
36010,1,1
36011,2,1
36012,1,2
36013,1,1
36014,2,1
36015,1,1
36016,1,1
36018,1,1
36019,2,2
36020,1,1
36021,1,1
36023,2,1
36024,1,1
36025,1,1
36026,1,1
36027,2,1
36028,2,1
36029,1,1
36030,2,2
36031,1,1
36032,1,1
36034,1,2
36035,2,1
36036,1,1
36037,1,1
36038,1,1
36039,1,1
36041,1,1
36042,1,1
36043,1,1
36044,1,1
36045,1,1
36047,1,1
36048,2,1
36049,1,1
36051,1,1
36052,2,2
36053,1,1
36055,1,1
36056,2,1
36057,1,1
36058,1,1
36059,1,1
36060,1,1
36061,1,1
36062,1,1
36063,1,1
36064,1,1
36066,2,1
36067,1,1
36069,1,1
36070,1,1
36071,2,2
36072,1,1
36073,1,1
36074,1,1
36075,1,1
36076,2,1
36077,1,1
36078,1,2
36079,1,2
36080,2,2
36081,1,1
36082,1,1
36083,1,1
36084,1,1
36085,1,1
36086,1,1
36087,1,1
36088,1,1
36089,2,1
36090,1,1
36091,1,1
36092,2,2
36093,2,1
36094,2,2
36095,1,1
36096,1,1
36097,1,1
36099,2,1
36101,1,1
36102,1,1
36103,1,1
36104,2,1
36105,1,1
36106,2,2
36107,1,1
36108,1,1
36109,1,1
36110,2,2
36111,1,1
36112,1,1
36113,1,1
36114,1,1
36116,1,1
36117,1,1
36118,1,1
36119,1,1
36120,1,1
36121,1,1
36122,1,1
36123,2,2
36124,2,2
36125,2,1
36126,1,1
36127,1,1
36128,1,1
36129,2,1
36130,1,1
36132,1,1
36133,2,1
36134,2,1
36135,1,1
36136,1,2
36137,1,1
36138,2,1
36139,1,1
36140,1,1
36141,1,1
36143,1,1
36144,1,1
36145,1,1
36146,1,1
36147,1,1
36148,2,1
36149,1,1
36151,2,1
36152,1,1
36153,2,1
36154,1,1
36155,1,1
36156,1,1
36157,1,1
36158,1,1
36159,1,1
36160,1,1
36161,1,1
36162,1,1
36163,2,1
36164,1,1
36165,1,1
36166,1,1
36167,1,1
36168,2,1
36169,2,1
36171,2,1
36172,2,1
36173,1,1
36174,2,1
36176,2,1
36177,1,2
36178,1,1
36179,1,1
36180,1,1
36183,1,1
36184,2,1
36185,1,1
36186,2,1
36187,1,1
36188,1,1
36189,1,1
36190,1,1
36191,2,1
36192,1,1
36193,1,1
36194,1,1
36195,1,1
36196,1,1
36198,1,1
36199,1,1
36200,1,1
36201,1,1
36202,1,1
36203,1,1
36204,1,1
36205,1,1
36206,2,2
36207,1,1
36208,1,1
36209,1,1
36210,2,2
36211,1,1
36212,1,1
36213,1,1
36214,2,1
36215,1,1
36216,1,1
36217,2,1
36218,1,1
36219,1,1
36220,1,1
36221,1,1
36222,1,1
36223,1,1
36225,1,1
36227,1,1
36229,1,1
36230,1,1
36231,1,1
36232,1,1
36233,1,1
36234,1,1
36235,1,1
36236,1,1
36237,1,1
36238,1,1
36239,1,1
36240,1,1
36241,2,2
36242,1,1
36243,1,1
36244,1,1
36245,1,1
36246,1,2
36247,2,1
36249,1,1
36250,1,1
36251,1,1
36252,2,1
36253,2,2
36254,1,2
36255,1,1
36256,1,1
36258,1,1
36259,1,1
36260,1,1
36261,1,1
36262,1,1
36263,1,1
36264,1,1
36265,2,2
36266,1,1
36267,1,1
36269,1,1
36270,1,1
36271,1,1
36272,1,1
36273,2,1
36274,2,1
36275,1,1
36276,1,1
36277,1,1
36278,2,1
36279,1,1
36281,1,1
36283,1,1
36284,1,1
36285,1,1
36286,1,1
36287,1,1
36288,2,2
36289,1,1
36290,2,1
36291,1,1
36292,2,1
36293,1,1
36294,2,1
36295,2,2
36296,1,1
36298,1,1
36299,2,1
36300,1,1
36301,1,1
36303,1,1
36305,1,1
36306,1,1
36307,1,1
36308,1,1
36309,2,1
36310,1,1
36311,1,1
36312,1,1
36313,1,1
36314,1,1
36316,1,1
36317,1,1
36319,2,2
36320,2,2
36322,1,1
36323,2,1
36324,2,1
36325,1,1
36326,1,1
36327,1,2
36328,2,2
36329,1,1
36330,1,1
36331,1,1
36332,1,1
36333,1,1
36335,1,1
36336,1,1
36337,1,1
36338,1,1
36339,1,1
36340,2,2
36341,2,2
36342,1,1
36343,1,1
36344,2,1
36345,1,1
36346,1,1
36347,1,1
36348,1,1
36349,1,1
36351,1,1
36352,1,1
36353,1,1
36354,1,1
36356,1,1
36358,2,1
36359,1,1
36360,1,1
36362,1,1
36363,1,1
36364,2,2
36365,1,1
36366,2,1
36367,1,1
36368,2,2
36369,1,1
36370,1,1
36371,1,2
36372,1,1
36373,1,1
36374,1,1
36375,2,1
36376,1,1
36377,1,1
36379,1,1
36380,2,1
36381,1,1
36382,1,1
36383,1,1
36384,1,1
36385,1,2
36386,1,1
36390,1,1
36391,1,1
36392,1,1
36393,1,1
36394,1,1
36395,2,2
36396,1,1
36398,1,1
36399,1,1
36400,2,1
36401,1,1
36402,1,1
36403,2,1
36405,1,1
36406,1,1
36407,1,1
36408,1,1
36409,2,1
36410,1,1
36411,1,1
36412,2,1
36413,1,1
36415,2,1
36416,1,1
36417,1,1
36419,1,2
36420,1,1
36421,2,1
36422,1,1
36423,1,1
36424,1,1
36425,1,1
36426,1,1
36427,2,1
36428,1,1
36429,1,1
36430,2,1
36431,1,1
36432,1,1
36433,1,1
36434,1,1
36435,2,1
36436,2,1
36437,1,1
36438,1,1
36439,1,2
36440,2,2
36441,1,1
36442,1,1
36443,1,1
36444,1,1
36445,2,1
36446,1,1
36447,1,1
36448,2,2
36449,1,1
36451,1,1
36452,1,1
36453,1,1
36454,1,1
36455,1,1
36456,1,1
36457,1,1
36458,1,2
36459,1,1
36460,1,1
36461,1,1
36462,2,1
36463,1,1
36464,1,1
36465,1,1
36467,1,1
36468,2,2
36469,2,1
36470,1,1
36471,1,1
36472,1,1
36473,1,1
36474,1,1
36475,1,1
36476,1,1
36478,1,1
36479,1,1
36480,1,1
36481,1,1
36482,1,1
36483,2,2
36484,2,2
36485,1,1
36487,2,2
36488,1,1
36489,2,1
36490,1,1
36491,1,1
36492,2,1
36493,2,1
36494,2,1
36495,1,1
36496,2,2
36498,1,1
36499,1,1
36500,2,2
36501,1,1
36502,1,1
36503,2,1
36504,1,1
36505,1,1
36506,2,1
36507,1,1
36508,1,1
36509,1,1
36510,1,1
36511,1,1
36512,2,1
36513,1,1
36514,1,1
36515,1,1
36516,1,1
36517,1,1
36518,1,1
36519,1,1
36520,1,1
36521,1,1
36522,2,2
36523,2,1
36524,1,1
36525,2,1
36526,2,1
36527,2,2
36528,1,1
36529,2,2
36530,1,1
36531,1,1
36532,1,2
36533,1,1
36534,1,1
36535,2,2
36536,1,2
36537,1,1
36538,1,1
36539,1,1
36540,1,1
36542,2,1
36543,1,1
36544,1,1
36545,2,1
36546,2,2
36547,1,1
36548,2,2
36549,1,1
36550,2,2
36551,1,1
36552,1,1
36554,2,2
36555,1,1
36556,1,1
36557,1,1
36560,2,1
36561,1,1
36562,1,1
36563,1,1
36564,1,1
36565,2,2
36566,1,1
36567,1,1
36568,1,1
36569,1,2
36570,1,1
36571,1,1
36572,2,2
36573,1,1
36574,1,1
36575,1,1
36576,2,1
36577,2,2
36578,1,1
36579,1,1
36580,2,2
36581,1,1
36582,1,1
36583,2,2
36584,2,1
36585,1,1
36586,1,1
36588,1,1
36589,2,2
36590,2,2
36592,1,1
36594,1,1
36595,2,1
36596,1,1
36597,1,1
36598,1,1
36599,1,1
36600,1,1
36601,2,2
36603,1,1
36604,1,1
36605,1,1
36607,1,1
36608,1,1
36609,2,1
36611,1,1
36612,2,1
36613,1,1
36614,1,1
36615,1,1
36616,1,1
36617,2,1
36618,1,1
36619,1,1
36620,1,1
36621,1,1
36622,2,1
36623,1,1
36624,1,1
36625,2,2
36626,2,2
36627,1,1
36628,1,1
36629,1,2
36630,1,1
36631,1,1
36632,2,1
36633,2,1
36634,1,1
36635,1,1
36636,1,1
36637,1,1
36638,1,1
36639,1,1
36640,1,1
36641,1,1
36642,1,1
36643,1,1
36645,1,1
36646,2,1
36647,1,1
36648,1,1
36649,1,1
36650,2,2
36651,2,2
36652,1,1
36653,2,1
36654,1,1
36655,2,1
36656,1,1
36657,2,2
36658,1,1
36659,1,2
36660,1,1
36661,1,1
36662,1,1
36664,1,1
36666,1,1
36668,1,1
36669,1,1
36671,1,1
36672,1,2
36673,1,1
36674,1,1
36675,1,1
36676,2,1
36677,1,1
36678,1,1
36679,1,1
36681,1,1
36682,1,1
36683,1,1
36684,1,1
36685,2,2
36686,1,1
36687,1,1
36688,1,1
36689,2,2
36690,1,1
36691,2,2
36692,1,1
36693,1,1
36694,1,1
36695,2,2
36696,1,1
36697,1,1
36698,2,1
36699,2,1
36700,1,1
36701,1,1
36702,1,1
36704,1,1
36706,1,1
36709,1,1
36710,1,1
36711,2,2
36712,1,1
36713,1,1
36714,1,1
36715,2,1
36716,1,1
36717,1,1
36718,1,1
36719,1,1
36722,2,2
36723,1,1
36724,2,2
36726,1,1
36727,2,2
36728,1,1
36729,1,1
36730,1,1
36731,1,1
36732,1,1
36733,1,1
36734,2,2
36735,1,1
36736,1,1
36737,1,1
36738,1,1
36739,1,1
36741,1,1
36742,1,1
36744,1,1
36746,1,1
36747,1,2
36748,1,1
36749,1,1
36750,1,1
36751,1,1
36752,1,1
36753,2,2
36754,1,1
36755,1,1
36756,1,1
36757,1,1
36758,1,1
36760,1,1
36761,1,1
36762,2,1
36763,2,2
36764,1,1
36765,1,1
36767,1,1
36768,1,1
36769,2,2
36770,1,1
36771,2,2
36772,2,2
36773,1,1
36774,1,1
36775,1,1
36776,1,1
36777,1,1
36780,2,1
36781,1,1
36782,1,1
36783,1,1
36784,1,1
36785,1,1
36786,1,1
36788,1,1
36789,1,1
36790,1,1
36791,1,1
36792,2,2
36793,1,1
36794,1,1
36796,1,1
36797,1,1
36798,1,1
36799,2,1
36800,2,1
36801,1,1
36802,1,1
36803,1,1
36804,1,1
36805,1,1
36806,1,1
36807,1,1
36809,1,1
36810,1,1
36812,1,1
36813,1,1
36814,1,1
36815,1,1
36816,1,1
36817,2,2
36818,1,1
36819,1,1
36820,1,1
36821,1,1
36822,2,1
36823,1,1
36824,1,1
36825,1,1
36826,1,1
36827,1,1
36828,1,1
36829,1,1
36830,2,1
36832,1,1
36833,1,2
36834,1,1
36835,1,1
36836,2,1
36837,1,1
36838,2,1
36839,2,1
36840,2,2
36841,1,1
36842,1,1
36843,1,2
36844,1,1
36845,1,1
36846,2,2
36847,1,1
36849,1,1
36850,1,1
36851,1,1
36852,1,1
36853,2,1
36854,1,1
36856,1,1
36857,1,1
36858,1,1
36859,1,1
36860,1,1
36861,2,1
36862,2,1
36863,1,1
36864,1,1
36865,1,1
36866,1,1
36867,1,2
36868,1,1
36869,1,1
36870,1,1
36871,1,1
36872,1,1
36873,1,1
36874,2,2
36875,1,1
36876,2,1
36878,1,1
36879,2,1
36880,1,1
36881,2,2
36882,1,1
36883,1,1
36884,1,1
36885,1,1
36886,1,1
36887,1,1
36888,1,1
36889,1,1
36890,2,1
36891,1,1
36892,2,2
36893,1,1
36894,1,1
36895,1,1
36896,1,1
36897,1,1
36898,1,1
36899,2,1
36900,1,1
36902,1,1
36903,2,2
36904,2,1
36905,1,1
36906,1,1
36907,1,1
36908,1,1
36909,1,1
36910,1,1
36911,2,1
36912,1,1
36914,1,1
36915,1,1
36916,1,1
36917,1,1
36919,2,1
36920,1,1
36921,2,2
36922,1,1
36923,1,1
36924,1,1
36925,1,1
36926,1,1
36928,1,1
36929,1,1
36930,1,1
36931,1,1
36932,2,2
36933,1,1
36934,1,1
36935,1,1
36936,1,1
36937,1,1
36938,2,2
36939,1,1
36940,2,2
36941,2,2
36942,1,1
36944,1,1
36945,2,1
36947,1,1
36948,1,1
36949,2,1
36950,1,1
36951,1,1
36952,1,1
36953,1,1
36954,2,1
36955,1,1
36956,1,1
36957,1,1
36958,1,1
36960,1,1
36961,1,1
36962,1,1
36963,1,1
36964,1,1
36967,2,2
36968,1,1
36969,1,1
36970,1,1
36971,2,2
36972,1,1
36973,1,1
36974,1,1
36976,1,1
36977,1,1
36978,1,1
36979,2,1
36980,1,1
36983,1,1
36984,2,1
36985,1,1
36986,2,1
36988,1,1
36989,2,1
36990,1,1
36991,1,2
36992,1,1
36993,1,1
36994,1,1
36995,1,1
36996,1,1
36997,1,1
36998,2,2
36999,1,1
37000,2,2
37001,1,1
37002,2,2
37003,1,1
37004,1,1
37005,1,1
37008,1,1
37009,1,2
37010,1,2
37011,1,1
37012,1,1
37013,1,1
37014,1,1
37015,1,1
37016,1,1
37017,1,1
37018,1,1
37019,1,1
37020,1,2
37021,1,1
37022,1,1
37023,2,2
37024,2,1
37025,1,1
37026,2,2
37027,2,2
37028,1,1
37029,1,1
37030,1,1
37031,1,1
37032,1,1
37033,1,1
37034,1,1
37035,1,1
37036,1,1
37037,1,1
37038,1,1
37039,2,2
37040,1,1
37042,1,1
37043,2,2
37044,1,1
37045,1,1
37046,1,1
37047,1,1
37048,1,1
37049,1,1
37050,1,1
37051,1,1
37052,1,1
37053,2,2
37054,1,1
37055,1,1
37057,1,1
37058,2,1
37059,1,1
37060,2,2
37061,1,1
37062,1,1
37063,1,1
37064,1,1
37065,1,1
37066,2,1
37068,1,1
37069,1,1
37070,1,1
37073,1,1
37074,2,2
37075,1,1
37076,1,1
37077,1,1
37079,1,1
37080,1,1
37081,1,1
37084,1,1
37086,1,1
37087,1,1
37088,1,1
37089,1,1
37090,1,1
37091,1,1
37092,2,1
37094,1,1
37095,1,1
37096,1,1
37097,1,1
37098,1,1
37099,1,1
37100,2,1
37101,2,1
37102,1,1
37103,1,1
37104,2,2
37105,1,1
37106,1,1
37107,1,1
37108,1,1
37109,1,1
37110,1,1
37112,1,1
37113,1,1
37114,2,1
37115,1,1
37116,1,1
37117,1,1
37118,2,1
37119,1,1
37120,2,2
37121,1,2
37122,1,1
37123,1,1
37124,1,1
37125,1,1
37126,2,2
37127,1,1
37129,1,1
37130,1,1
37131,2,1
37132,1,1
37133,1,1
37134,1,1
37135,1,1
37136,1,1
37137,1,1
37138,2,2
37139,1,1
37140,1,1
37141,1,1
37142,1,1
37143,1,1
37145,1,1
37146,1,1
37147,2,2
37148,1,1
37149,1,1
37150,2,1
37151,1,1
37152,2,1
37153,2,1
37154,1,1
37155,1,1
37156,1,1
37157,1,1
37158,1,1
37159,1,1
37160,1,1
37161,2,1
37162,1,1
37163,2,2
37164,1,1
37165,2,1
37166,1,2
37167,1,1
37168,1,1
37169,1,1
37170,1,1
37171,2,2
37172,1,1
37173,1,1
37174,1,2
37175,1,1
37176,2,2
37177,1,1
37178,1,1
37179,1,1
37180,1,1
37181,1,1
37183,2,1
37184,1,1
37185,1,1
37186,1,1
37187,2,2
37188,1,1
37189,1,1
37190,1,1
37191,2,2
37192,1,1
37193,1,1
37194,1,1
37195,1,1
37196,1,1
37197,1,1
37198,2,2
37199,1,1
37200,1,1
37201,1,1
37202,1,1
37203,2,1
37204,1,1
37205,1,1
37206,1,1
37207,1,1
37208,1,1
37209,2,1
37211,1,1
37212,2,1
37213,1,1
37214,2,1
37217,2,2
37218,1,1
37219,1,2
37220,2,1
37221,1,1
37222,1,1
37223,1,1
37224,1,1
37226,1,1
37227,1,1
37228,1,1
37229,1,1
37230,1,1
37231,2,2
37232,2,1
37233,2,1
37234,1,1
37235,1,2
37237,1,1
37238,1,1
37239,1,1
37240,2,2
37241,1,1
37242,1,1
37243,1,1
37245,1,1
37246,1,1
37247,1,1
37248,1,1
37249,1,1
37250,1,1
37251,1,1
37252,1,1
37253,1,1
37254,1,1
37255,1,1
37256,1,1
37257,2,1
37258,2,2
37259,2,1
37260,1,1
37261,1,1
37262,2,2
37263,1,1
37264,1,1
37265,1,1
37266,1,1
37267,1,1
37268,1,1
37269,1,1
37270,1,2
37271,1,1
37272,1,1
37273,1,1
37274,2,1
37275,2,2
37276,1,1
37277,2,1
37278,1,1
37279,1,1
37280,2,1
37282,1,1
37283,1,1
37286,1,1
37287,1,1
37288,1,1
37289,1,1
37290,1,1
37292,1,1
37293,1,1
37294,1,1
37295,1,1
37296,1,1
37297,1,2
37298,1,1
37299,1,1
37300,2,1
37301,1,1
37304,1,1
37305,1,1
37306,1,1
37307,1,1
37308,2,2
37309,1,1
37310,1,1
37311,1,1
37312,1,1
37313,1,1
37314,1,1
37315,1,1
37317,1,1
37318,1,1
37319,1,1
37320,1,1
37321,1,1
37322,1,1
37323,1,1
37325,1,1
37326,1,1
37327,2,1
37328,1,1
37329,1,1
37330,1,1
37331,1,1
37332,1,1
37333,2,2
37334,2,2
37335,1,1
37336,1,1
37337,1,1
37338,1,1
37339,2,1
37341,1,1
37342,2,2
37343,2,2
37344,1,1
37345,2,1
37346,1,2
37348,2,1
37349,1,1
37350,1,1
37351,1,1
37352,2,1
37354,1,1
37355,1,1
37357,1,1
37358,1,1
37359,1,1
37360,1,1
37361,1,1
37363,1,1
37364,1,1
37366,2,2
37367,1,1
37368,1,1
37369,1,1
37370,2,1
37371,1,1
37372,1,1
37373,1,1
37374,1,1
37375,1,2
37376,2,1
37377,1,1
37378,1,1
37379,1,1
37381,1,1
37382,1,1
37383,1,1
37384,1,1
37386,1,1
37388,1,1
37389,1,1
37390,2,1
37391,1,1
37392,1,2
37393,1,1
37394,2,1
37395,2,1
37396,1,1
37397,1,1
37398,1,1
37399,2,1
37400,2,1
37401,1,1
37402,1,1
37403,2,1
37404,1,1
37405,2,1
37406,1,1
37407,1,1
37408,1,1
37409,2,2
37410,2,2
37411,1,1
37413,1,1
37414,1,2
37415,2,2
37416,2,2
37417,1,1
37418,2,1
37419,1,1
37420,1,2
37421,1,1
37422,1,1
37423,1,1
37424,2,1
37425,1,1
37426,1,1
37427,2,1
37428,1,1
37429,2,2
37431,1,1
37432,1,1
37433,2,1
37434,2,1
37435,1,1
37436,1,1
37437,1,1
37438,1,1
37440,1,1
37441,1,2
37442,2,1
37443,1,1
37444,2,2
37445,2,1
37446,1,1
37448,1,1
37449,1,1
37450,1,1
37451,1,1
37452,2,1
37453,2,1
37454,2,1
37455,1,1
37456,1,1
37457,1,1
37458,1,1
37459,1,1
37461,2,1
37462,2,1
37463,1,1
37465,1,1
37466,1,1
37467,1,1
37468,1,1
37469,2,2
37470,1,1
37471,1,1
37473,1,1
37474,1,1
37475,1,1
37476,1,1
37477,1,2
37478,1,1
37479,2,2
37480,2,2
37481,1,2
37482,2,1
37483,1,1
37484,1,1
37485,1,1
37486,1,1
37487,2,2
37488,1,1
37489,2,2
37490,1,1
37491,1,1
37492,1,1
37493,2,1
37494,1,1
37495,1,1
37496,1,1
37497,1,1
37498,2,1
37499,2,1
37500,1,1
37501,1,1
37502,1,1
37503,2,2
37505,2,1
37507,1,1
37508,1,1
37509,2,1
37510,1,1
37511,2,2
37513,2,1
37514,1,1
37515,1,1
37516,2,1
37517,1,1
37518,1,1
37519,1,1
37520,1,1
37521,1,1
37522,1,1
37523,1,1
37524,1,1
37525,1,1
37526,1,1
37528,1,1
37529,1,1
37530,1,1
37531,1,1
37532,1,1
37533,1,1
37534,2,1
37535,1,1
37536,1,1
37537,1,1
37538,1,1
37539,1,1
37540,2,2
37541,2,2
37542,1,1
37543,1,1
37544,1,1
37545,1,1
37546,1,1
37547,1,1
37548,1,1
37549,2,2
37550,1,1
37551,1,1
37552,2,1
37553,1,1
37554,1,1
37555,2,2
37556,1,1
37557,1,1
37558,1,1
37560,2,2
37561,2,2
37562,1,1
37564,2,2
37565,1,1
37566,1,1
37567,1,1
37568,2,2
37569,1,1
37570,2,2
37571,1,1
37572,1,1
37573,1,1
37575,1,1
37576,1,1
37577,2,1
37578,1,1
37579,1,1
37580,1,1
37581,1,1
37582,1,1
37584,1,1
37585,2,2
37586,1,1
37587,2,1
37588,2,1
37589,1,1
37590,1,1
37591,1,1
37592,1,1
37593,1,1
37594,1,1
37596,1,1
37597,1,1
37598,2,1
37599,1,1
37600,1,1
37601,1,1
37602,2,2
37604,1,1
37605,1,1
37606,2,1
37607,1,1
37608,1,1
37609,1,1
37610,1,1
37611,1,1
37612,2,1
37613,1,1
37614,1,1
37615,1,2
37616,1,2
37617,1,1
37618,2,1
37620,1,1
37621,2,2
37623,1,1
37624,1,1
37625,1,1
37626,1,1
37627,1,1
37628,1,1
37629,2,1
37633,1,1
37634,1,1
37635,1,1
37636,1,1
37637,2,1
37638,1,1
37639,1,1
37640,1,1
37641,2,1
37642,2,2
37643,2,2
37644,2,1
37646,1,1
37647,1,1
37648,1,1
37649,1,1
37650,2,2
37651,1,2
37652,1,1
37653,1,1
37654,2,2
37655,2,1
37656,1,2
37657,1,1
37658,1,1
37660,1,1
37661,1,1
37662,1,1
37663,1,1
37664,1,1
37665,1,1
37666,1,1
37667,1,1
37668,1,1
37669,1,1
37670,2,2
37671,1,1
37672,1,1
37673,1,1
37674,1,1
37675,2,2
37676,1,1
37678,1,1
37680,1,1
37681,1,1
37683,1,1
37684,2,2
37685,1,2
37686,1,1
37687,1,1
37688,1,1
37689,1,2
37690,1,2
37691,1,2
37693,1,2
37694,2,2
37695,1,1
37696,1,1
37697,1,1
37698,2,1
37699,1,1
37700,2,2
37701,1,1
37702,2,2
37703,2,2
37704,2,2
37706,1,1
37707,1,1
37708,1,1
37709,2,2
37710,1,1
37711,2,1
37712,1,1
37713,1,1
37714,1,1
37715,2,2
37716,1,1
37717,1,1
37718,2,1
37719,1,1
37720,1,1
37721,2,1
37722,1,1
37723,2,1
37724,1,1
37725,1,1
37726,2,1
37727,1,1
37728,1,1
37730,1,1
37731,1,1
37733,1,1
37734,1,1
37735,1,1
37736,2,2
37737,1,2
37738,1,1
37739,2,1
37742,2,2
37743,1,1
37744,1,1
37746,1,1
37747,1,1
37748,2,1
37749,1,1
37750,1,1
37751,2,2
37752,2,1
37753,1,1
37754,2,1
37755,1,1
37756,1,1
37757,2,1
37758,1,1
37759,1,1
37760,2,2
37761,1,1
37762,2,1
37764,1,1
37765,1,1
37766,2,2
37767,2,1
37768,2,2
37769,1,1
37770,1,1
37771,1,1
37772,2,2
37773,1,1
37774,1,2
37775,2,1
37776,1,1
37777,1,1
37778,1,2
37779,1,1
37780,1,1
37783,1,1
37784,2,2
37785,1,1
37786,2,2
37787,2,1
37788,1,1
37789,2,1
37790,1,1
37791,1,1
37792,2,1
37794,1,1
37795,1,1
37796,2,1
37797,1,1
37798,2,2
37800,2,2
37801,1,1
37802,1,1
37803,2,2
37805,1,1
37806,1,1
37808,2,2
37809,2,2
37810,1,1
37811,2,2
37812,1,1
37813,1,1
37814,1,1
37815,1,1
37816,1,1
37817,1,1
37818,2,1
37819,2,1
37821,1,1
37822,1,1
37823,1,1
37824,1,1
37825,2,2
37826,2,2
37827,2,2
37828,2,1
37829,2,2
37830,1,1
37831,1,1
37832,2,1
37833,1,1
37834,1,1
37835,1,1
37836,1,1
37837,1,1
37838,1,1
37839,1,1
37840,1,2
37841,1,1
37843,1,1
37844,1,1
37845,1,1
37846,1,1
37847,1,1
37848,2,1
37849,1,1
37850,1,1
37851,1,1
37853,1,1
37854,1,1
37855,1,1
37856,2,2
37857,1,1
37858,1,1
37859,1,1
37860,1,1
37861,1,1
37863,1,1
37864,1,1
37865,1,1
37866,1,1
37867,1,1
37868,2,1
37869,1,1
37870,1,1
37871,1,1
37872,2,2
37873,1,1
37875,1,1
37876,2,1
37877,2,1
37878,1,1
37879,2,1
37880,2,1
37881,1,1
37882,1,1
37883,2,1
37884,1,1
37885,1,1
37886,2,2
37887,1,1
37888,1,1
37889,2,2
37891,1,1
37892,1,1
37893,1,1
37894,1,1
37895,1,1
37896,1,1
37897,1,1
37898,1,1
37899,1,1
37900,1,1
37901,1,1
37902,1,1
37903,1,1
37904,2,2
37905,1,1
37906,1,1
37907,1,1
37909,1,1
37910,1,1
37911,1,1
37912,1,1
37914,1,1
37916,1,1
37917,2,1
37918,1,1
37919,2,2
37921,1,1
37922,1,1
37923,1,1
37924,2,1
37926,2,1
37927,2,2
37929,1,1
37930,1,1
37931,1,1
37932,1,1
37933,1,1
37934,1,1
37935,2,1
37936,2,1
37938,2,2
37939,1,1
37940,1,1
37941,1,1
37942,1,1
37944,1,1
37945,1,1
37946,1,1
37947,1,1
37948,1,1
37949,1,1
37950,1,1
37951,1,1
37952,1,1
37953,2,2
37954,1,1
37955,1,1
37956,1,1
37957,1,1
37958,1,1
37959,1,1
37960,1,1
37961,2,1
37962,1,1
37963,1,2
37964,1,1
37965,2,1
37966,1,1
37967,1,2
37968,1,1
37969,1,1
37970,1,1
37971,1,1
37972,1,1
37973,1,1
37974,1,1
37975,1,1
37976,1,1
37978,2,2
37979,1,1
37980,1,1
37981,2,1
37982,2,2
37984,1,2
37985,1,1
37986,1,1
37987,2,1
37988,2,1
37989,1,1
37991,2,2
37992,1,1
37993,1,2
37994,1,1
37995,1,1
37996,2,2
37997,2,2
37998,2,1
37999,1,1
38000,1,1
38001,1,1
38002,2,1
38004,1,1
38005,1,1
38006,1,1
38007,1,1
38008,2,1
38009,1,1
38010,2,2
38011,1,1
38012,1,1
38013,1,1
38014,1,1
38015,1,1
38016,1,1
38017,2,2
38018,1,1
38019,1,1
38020,1,1
38021,1,1
38022,1,1
38023,1,1
38024,2,1
38025,1,1
38027,1,1
38028,2,2
38030,1,1
38031,1,1
38032,2,2
38033,2,1
38035,2,1
38036,1,1
38037,1,1
38038,2,2
38040,2,1
38041,1,1
38042,1,1
38043,1,1
38044,1,1
38045,1,1
38046,2,2
38047,1,1
38048,1,1
38049,1,1
38050,1,1
38051,1,1
38052,1,1
38053,1,1
38054,2,2
38055,2,2
38056,1,1
38057,1,1
38059,1,1
38060,2,1
38062,1,1
38064,2,1
38065,1,1
38066,1,1
38067,2,1
38069,1,1
38070,1,1
38071,2,2
38072,1,1
38073,1,1
38074,1,1
38075,2,1
38076,1,1
38077,1,1
38078,2,1
38079,1,1
38080,1,1
38081,1,1
38082,1,1
38083,2,2
38084,1,2
38085,2,1
38087,1,1
38088,1,1
38089,2,1
38090,1,1
38091,1,1
38092,2,1
38093,1,1
38094,1,1
38095,2,2
38096,2,1
38097,1,1
38098,1,1
38099,1,1
38100,2,2
38101,1,1
38102,1,1
38103,1,1
38104,1,1
38106,1,1
38107,1,1
38109,1,1
38110,1,1
38113,1,1
38114,1,1
38115,1,1
38116,1,1
38117,1,1
38118,2,1
38119,1,1
38120,1,1
38121,2,1
38122,1,1
38123,1,1
38124,1,1
38126,1,1
38127,1,1
38128,1,1
38129,2,1
38130,2,1
38131,1,1
38132,1,1
38133,1,1
38134,1,1
38137,1,1
38138,1,1
38139,1,1
38140,1,1
38141,1,1
38143,1,1
38144,1,1
38145,1,1
38146,1,2
38148,1,1
38149,1,2
38150,2,1
38151,1,1
38152,2,1
38153,1,1
38154,1,1
38155,1,1
38156,2,2
38157,1,1
38158,1,1
38159,1,1
38160,2,2
38161,1,1
38162,1,1
38163,1,1
38164,1,1
38165,1,2
38166,1,1
38167,1,1
38168,1,1
38169,2,1
38170,1,1
38171,2,1
38172,1,1
38173,2,2
38174,1,1
38175,1,1
38176,1,1
38177,1,1
38179,1,1
38180,1,1
38181,1,1
38182,1,1
38183,2,1
38184,1,1
38187,1,1
38188,2,1
38189,1,1
38191,1,1
38192,1,1
38193,1,1
38194,1,1
38195,1,1
38196,1,1
38198,2,1
38199,2,1
38201,1,1
38202,1,1
38203,1,1
38204,1,1
38205,1,1
38206,2,1
38207,1,1
38208,1,1
38210,1,1
38211,1,1
38212,1,1
38213,2,1
38214,1,1
38215,1,1
38216,1,1
38217,1,1
38218,1,1
38219,1,1
38221,1,1
38223,1,1
38224,2,2
38225,1,2
38226,1,1
38228,1,1
38229,1,1
38230,1,2
38231,1,1
38232,2,1
38233,1,1
38234,1,1
38235,2,2
38236,1,1
38237,1,1
38238,1,1
38239,1,1
38240,1,1
38241,2,2
38243,1,1
38244,1,1
38245,2,1
38247,1,1
38248,1,1
38249,1,1
38252,2,2
38253,2,1
38254,1,1
38255,1,1
38256,1,1
38257,1,1
38258,1,1
38259,1,1
38260,1,1
38261,1,1
38262,1,1
38263,2,1
38264,1,2
38265,1,1
38267,1,1
38268,1,1
38269,1,1
38270,1,1
38272,2,1
38273,1,1
38274,1,1
38275,1,1
38276,1,1
38277,1,1
38278,2,2
38279,1,1
38280,2,1
38281,1,1
38282,1,1
38283,2,2
38284,1,2
38285,1,1
38286,1,1
38288,1,1
38289,2,2
38290,1,1
38291,1,1
38292,2,2
38293,1,1
38294,2,1
38295,1,1
38296,1,1
38297,1,1
38299,1,1
38300,1,1
38301,1,1
38302,1,1
38303,2,2
38304,1,1
38305,2,1
38306,1,1
38307,1,1
38308,1,2
38309,1,1
38310,1,1
38311,1,1
38312,1,1
38313,1,1
38314,1,1
38315,1,1
38317,2,1
38318,1,1
38319,2,1
38320,1,1
38321,1,1
38323,1,1
38324,1,1
38325,2,1
38326,2,2
38327,2,1
38328,1,1
38329,1,1
38330,1,1
38333,1,1
38335,1,1
38336,1,1
38337,1,1
38338,1,1
38339,1,1
38341,1,1
38342,2,1
38343,1,1
38344,1,1
38345,1,1
38346,1,1
38347,1,1
38348,1,1
38349,1,1
38350,1,1
38351,2,2
38352,2,2
38353,1,1
38354,1,1
38355,1,1
38356,1,1
38357,2,2
38358,1,1
38359,2,2
38360,2,1
38361,2,1
38362,2,1
38363,2,1
38364,2,1
38365,1,1
38366,1,1
38367,1,1
38368,2,1
38369,1,1
38370,1,1
38371,2,2
38372,1,1
38373,1,2
38374,1,1
38375,2,1
38376,1,1
38377,1,1
38378,1,1
38379,2,1
38380,2,1
38381,1,1
38382,1,1
38384,1,1
38385,1,1
38386,1,1
38387,1,1
38388,1,1
38389,1,1
38390,1,1
38391,2,2
38392,2,2
38393,2,1
38394,1,1
38395,1,1
38396,1,1
38397,1,1
38398,1,1
38399,1,2
38400,2,2
38402,1,1
38403,1,1
38404,1,1
38405,1,1
38406,1,1
38407,1,1
38408,2,1
38409,1,1
38411,2,1
38412,1,1
38413,2,1
38414,1,1
38415,2,1
38416,2,1
38417,1,1
38418,1,1
38419,1,1
38420,1,1
38421,1,1
38424,1,1
38425,1,1
38426,1,1
38427,2,2
38428,2,1
38429,1,1
38430,1,1
38431,2,2
38432,1,1
38433,1,1
38436,2,2
38437,1,1
38438,1,1
38439,1,1
38440,1,1
38441,1,1
38442,2,1
38443,2,1
38444,1,1
38445,1,1
38446,1,1
38447,2,2
38448,1,1
38449,1,1
38450,1,1
38451,2,2
38452,1,1
38454,1,1
38455,1,1
38456,1,1
38457,1,1
38458,1,1
38459,1,1
38461,1,1
38463,1,1
38464,1,2
38465,1,1
38466,2,1
38467,1,1
38468,2,2
38469,1,1
38470,1,1
38471,1,1
38472,1,1
38473,1,1
38474,1,1
38475,1,1
38476,1,1
38477,1,1
38478,1,1
38479,2,1
38480,1,1
38481,1,1
38482,1,1
38483,1,1
38484,2,2
38485,1,1
38486,1,1
38487,1,1
38488,1,1
38489,1,1
38490,1,1
38491,1,1
38492,1,1
38493,2,2
38494,2,2
38495,1,1
38496,1,1
38497,2,1
38498,1,1
38499,2,2
38500,1,1
38501,1,1
38502,1,1
38503,1,1
38504,1,1
38505,2,2
38506,1,1
38507,1,1
38508,1,1
38509,1,1
38510,2,1
38511,1,1
38512,2,2
38513,1,1
38514,2,1
38515,1,1
38516,1,1
38517,1,1
38518,1,1
38519,1,2
38520,1,1
38521,1,1
38522,1,2
38523,1,1
38524,1,1
38525,1,1
38526,1,1
38527,1,1
38530,1,1
38531,1,1
38532,2,1
38533,1,1
38534,2,2
38535,1,1
38536,2,1
38537,1,1
38538,1,1
38539,1,2
38540,1,1
38541,2,1
38542,1,1
38543,1,1
38544,1,1
38545,1,1
38546,1,1
38547,1,1
38548,1,1
38549,1,1
38550,1,1
38551,1,1
38552,1,1
38553,1,1
38554,1,1
38555,1,1
38556,1,1
38557,1,1
38558,1,1
38559,1,1
38560,1,1
38561,1,1
38562,2,1
38563,1,1
38564,1,1
38565,1,1
38566,1,1
38567,1,1
38568,1,1
38569,2,2
38570,1,1
38571,1,1
38572,1,1
38573,2,2
38574,2,2
38575,2,1
38576,1,1
38578,1,1
38579,1,1
38581,1,1
38582,1,1
38583,1,1
38584,2,1
38585,1,1
38586,1,1
38587,1,1
38588,1,1
38589,2,2
38590,1,1
38591,1,1
38592,1,1
38593,1,1
38594,1,1
38595,2,1
38596,2,1
38597,1,1
38598,2,2
38599,1,1
38600,1,1
38601,1,1
38602,1,1
38603,1,1
38604,1,1
38605,1,1
38606,2,1
38607,2,2
38608,1,1
38609,1,1
38610,2,1
38612,2,1
38613,1,1
38614,1,1
38616,1,1
38617,1,1
38618,2,1
38619,2,1
38620,2,2
38621,1,1
38622,2,2
38624,1,1
38625,1,1
38627,1,1
38628,1,1
38629,1,1
38631,1,1
38632,1,1
38633,2,1
38634,1,1
38635,1,1
38636,1,1
38638,1,1
38639,1,1
38640,1,1
38641,1,1
38642,1,1
38643,1,1
38645,1,1
38646,1,1
38647,1,1
38648,1,1
38649,1,1
38651,2,1
38652,2,1
38653,1,1
38654,1,1
38655,1,1
38656,1,1
38657,2,1
38658,1,2
38660,1,1
38661,1,1
38662,1,1
38663,1,1
38664,2,2
38665,1,1
38666,2,1
38667,2,2
38668,1,1
38669,1,1
38670,1,1
38671,1,1
38672,1,1
38673,1,1
38674,2,1
38675,1,1
38676,1,2
38677,1,1
38678,1,1
38679,1,1
38680,1,1
38681,1,1
38682,1,1
38683,1,1
38684,1,1
38685,1,1
38686,1,1
38687,1,1
38688,2,2
38689,2,2
38690,1,1
38691,1,1
38692,2,1
38693,2,2
38694,1,1
38695,1,1
38696,1,1
38697,1,1
38698,1,1
38699,2,1
38700,2,2
38701,2,1
38702,1,1
38703,1,1
38704,1,2
38705,2,1
38706,1,1
38707,2,1
38708,1,1
38709,2,2
38710,2,1
38711,1,1
38712,1,1
38713,1,1
38715,1,1
38717,1,1
38718,1,1
38719,1,1
38720,1,1
38721,1,1
38722,2,1
38723,1,1
38724,1,1
38725,2,2
38726,2,1
38728,1,1
38729,2,1
38730,1,1
38731,1,1
38732,1,1
38733,1,1
38734,2,1
38735,1,1
38736,1,1
38737,1,1
38740,1,1
38742,1,1
38743,2,2
38745,2,1
38746,1,1
38747,1,1
38748,1,1
38749,1,1
38750,1,1
38751,1,1
38752,1,1
38753,1,1
38754,1,1
38755,1,1
38756,2,1
38757,1,1
38758,2,1
38759,1,1
38760,1,1
38761,1,1
38762,1,1
38763,1,1
38764,1,1
38765,2,1
38766,1,2
38768,1,1
38769,2,2
38770,2,1
38771,1,1
38772,1,1
38773,1,1
38775,1,1
38776,1,1
38778,1,1
38779,2,1
38781,1,1
38782,1,1
38783,1,1
38784,2,1
38786,1,1
38787,1,1
38788,1,1
38789,1,1
38790,2,2
38791,1,1
38792,2,1
38793,1,1
38794,1,1
38795,1,1
38796,1,1
38799,1,1
38800,1,1
38802,2,2
38803,2,1
38804,1,1
38805,2,1
38806,1,1
38807,2,1
38808,2,1
38810,2,1
38811,1,1
38812,1,1
38814,1,1
38815,1,1
38816,1,1
38818,1,1
38819,1,1
38820,1,1
38822,1,1
38823,1,1
38824,1,1
38825,1,1
38827,1,1
38828,1,1
38829,1,1
38830,1,1
38831,1,1
38832,1,1
38833,1,1
38834,1,1
38835,1,1
38836,1,1
38837,1,1
38838,1,1
38839,1,1
38840,2,2
38841,1,1
38842,1,1
38843,1,1
38845,1,1
38846,1,1
38847,1,1
38848,2,2
38849,1,1
38850,1,1
38851,1,1
38852,1,2
38853,1,1
38854,1,1
38855,2,1
38856,2,2
38859,1,1
38860,1,1
38861,1,1
38862,1,2
38864,1,1
38866,1,1
38867,1,1
38868,1,1
38869,1,1
38870,1,1
38871,1,1
38873,2,1
38874,1,1
38875,1,1
38876,1,1
38877,1,1
38878,2,2
38879,1,1
38880,1,1
38881,1,1
38883,2,2
38885,2,2
38886,1,1
38887,1,1
38888,2,2
38889,2,2
38890,2,2
38891,1,1
38893,1,1
38894,2,1
38896,1,1
38897,2,2
38898,1,1
38899,2,2
38900,2,1
38901,1,1
38902,1,1
38903,2,2
38904,1,1
38905,2,2
38907,1,1
38908,1,1
38909,2,1
38910,2,1
38911,2,1
38912,2,1
38913,1,1
38914,1,1
38915,1,1
38916,2,1
38917,1,1
38918,2,2
38919,1,1
38920,1,1
38921,1,1
38922,2,1
38923,1,1
38924,1,1
38925,1,1
38926,1,1
38927,1,1
38928,1,1
38930,1,1
38931,1,1
38932,2,2
38933,1,2
38934,1,1
38935,1,1
38936,1,1
38937,1,1
38938,1,1
38939,1,1
38940,1,1
38941,1,1
38942,1,1
38943,2,1
38944,1,1
38945,1,1
38946,1,1
38947,1,1
38948,1,1
38949,1,1
38950,1,1
38951,1,1
38952,2,1
38953,1,1
38954,2,1
38955,1,1
38956,1,2
38957,1,1
38958,2,2
38959,1,1
38960,1,1
38961,1,1
38962,2,1
38963,1,1
38964,1,1
38965,1,1
38966,1,1
38967,1,1
38969,1,1
38970,1,1
38971,2,1
38972,1,1
38973,1,1
38974,1,1
38976,1,1
38977,1,2
38978,1,2
38980,1,1
38981,1,1
38982,1,1
38983,1,1
38984,2,2
38985,2,1
38986,1,1
38987,1,1
38988,1,1
38989,1,1
38990,1,2
38991,1,1
38992,1,1
38993,1,1
38994,1,1
38995,1,1
38996,2,2
38997,1,1
38998,1,1
38999,1,1
39000,1,1
39001,1,1
39002,1,1
39003,1,1
39004,2,1
39005,1,1
39007,2,2
39008,1,1
39009,1,1
39010,1,1
39011,1,1
39012,1,1
39013,1,1
39014,1,1
39015,2,1
39016,1,1
39017,1,1
39018,1,2
39019,1,1
39020,1,1
39021,1,1
39022,1,1
39023,2,2
39024,2,1
39025,1,1
39026,2,1
39027,1,1
39028,2,2
39029,2,2
39030,1,1
39031,2,1
39032,1,1
39033,1,1
39034,1,1
39035,2,2
39036,1,1
39037,1,1
39038,2,2
39039,2,2
39040,2,1
39041,1,1
39042,1,2
39043,2,2
39044,1,1
39045,1,2
39046,1,2
39047,1,1
39049,1,1
39050,1,1
39051,1,1
39052,1,1
39053,2,1
39054,1,1
39055,1,1
39056,1,2
39058,1,1
39059,1,1
39061,1,1
39062,1,1
39063,2,2
39064,1,1
39065,2,1
39066,1,1
39067,1,1
39068,1,1
39069,1,1
39070,2,2
39072,2,1
39073,1,1
39074,1,1
39076,2,2
39077,2,1
39079,1,1
39080,1,1
39081,1,1
39084,2,2
39085,1,1
39086,1,1
39087,1,1
39088,1,1
39089,1,1
39090,1,1
39091,2,2
39093,2,2
39094,1,1
39095,1,1
39096,2,2
39097,1,1
39098,1,1
39099,2,1
39100,1,1
39101,2,2
39102,1,1
39103,2,1
39104,2,1
39106,1,1
39108,1,1
39109,1,1
39110,1,1
39111,1,1
39112,1,1
39113,1,1
39114,1,1
39115,1,1
39116,1,1
39117,1,1
39118,1,1
39120,1,2
39121,1,1
39122,1,1
39123,1,1
39124,1,1
39125,2,1
39126,2,1
39127,1,1
39128,1,1
39129,1,1
39130,1,1
39131,1,1
39132,1,1
39133,2,1
39134,1,1
39135,1,1
39136,1,1
39137,1,1
39138,1,1
39139,1,1
39140,2,2
39141,1,1
39142,2,2
39143,1,1
39144,1,1
39145,2,2
39146,2,2
39147,1,1
39148,2,2
39149,2,2
39150,1,1
39151,2,1
39152,1,1
39153,1,1
39154,1,1
39156,1,1
39158,1,1
39160,2,1
39161,1,1
39163,2,1
39164,1,1
39165,1,1
39166,1,1
39168,1,1
39169,1,1
39170,2,1
39171,1,1
39172,1,1
39173,2,2
39174,1,1
39175,2,2
39176,1,1
39177,1,1
39178,1,1
39179,1,1
39180,1,1
39181,1,1
39182,2,1
39183,1,1
39184,1,1
39185,1,1
39186,1,1
39187,2,2
39188,1,1
39189,1,1
39190,1,1
39191,1,1
39192,2,2
39193,2,1
39194,2,1
39195,1,1
39196,1,1
39197,1,1
39198,1,1
39199,2,2
39200,1,1
39201,2,1
39202,1,1
39203,1,1
39204,1,1
39205,1,1
39206,1,1
39207,1,1
39208,1,1
39209,1,1
39210,1,1
39211,2,1
39213,2,2
39214,1,1
39215,1,1
39216,2,1
39217,1,1
39218,1,1
39219,1,1
39220,2,2
39221,1,1
39222,2,1
39223,1,1
39224,2,1
39227,1,1
39228,1,1
39229,1,1
39231,1,2
39232,1,1
39233,1,1
39234,1,1
39235,1,1
39236,2,2
39237,1,1
39238,2,1
39239,1,1
39241,1,1
39242,1,1
39243,1,1
39244,1,1
39245,1,1
39246,2,1
39247,2,1
39249,1,1
39250,1,1
39251,1,1
39253,2,2
39254,1,1
39255,1,1
39256,2,2
39257,2,1
39258,1,1
39259,1,1
39260,1,1
39261,1,1
39262,1,2
39263,1,1
39264,1,1
39265,2,1
39266,1,1
39267,1,2
39268,1,1
39269,1,1
39270,1,1
39271,1,1
39272,1,1
39273,1,2
39274,2,2
39275,1,1
39276,1,1
39277,1,1
39278,1,1
39279,1,1
39280,1,1
39281,1,1
39282,2,2
39283,1,1
39284,1,1
39285,1,1
39287,1,1
39288,1,2
39289,1,1
39290,1,1
39291,1,1
39292,1,1
39293,2,1
39294,1,1
39296,1,1
39297,1,1
39298,1,1
39299,1,1
39300,1,1
39301,1,1
39303,1,1
39304,1,1
39305,1,1
39307,2,1
39309,1,1
39310,1,1
39311,1,1
39312,1,1
39313,1,1
39314,1,1
39315,1,1
39316,1,1
39317,1,1
39318,2,2
39319,1,1
39320,1,1
39321,2,1
39322,2,2
39323,2,1
39324,1,1
39325,1,1
39327,1,1
39328,1,2
39329,1,1
39330,1,1
39333,1,1
39335,2,1
39336,1,1
39337,2,1
39338,1,1
39339,2,2
39340,1,1
39341,1,1
39342,2,1
39344,1,1
39345,1,1
39347,1,1
39348,1,1
39349,2,2
39350,1,1
39351,1,2
39352,1,1
39353,1,1
39354,1,1
39356,1,1
39357,2,1
39358,1,1
39359,2,2
39360,2,2
39361,1,1
39363,1,1
39364,1,1
39365,1,1
39366,1,1
39367,1,1
39368,1,1
39369,1,1
39370,2,1
39371,1,1
39373,1,1
39374,1,1
39375,2,2
39376,1,1
39377,2,2
39378,1,1
39379,1,1
39380,1,1
39381,1,1
39382,1,1
39383,2,1
39385,1,1
39386,2,1
39387,1,1
39388,1,1
39391,1,1
39392,1,1
39393,1,1
39394,1,1
39395,2,2
39396,1,1
39397,2,2
39399,1,1
39400,1,1
39401,2,1
39402,1,1
39403,1,1
39404,1,1
39405,1,1
39406,1,1
39407,1,1
39408,1,1
39409,1,1
39411,1,2
39412,1,1
39413,1,1
39414,2,1
39415,1,2
39417,1,1
39418,1,1
39419,2,2
39420,1,1
39421,1,1
39422,2,2
39423,2,2
39424,1,1
39426,2,1
39427,1,1
39428,1,1
39429,2,1
39430,2,2
39431,1,1
39432,1,1
39433,1,1
39435,1,1
39436,1,1
39437,1,1
39439,1,1
39440,1,1
39441,1,1
39442,1,1
39443,1,1
39444,2,1
39445,1,1
39446,1,1
39447,1,1
39448,2,1
39449,1,1
39450,1,2
39451,1,1
39452,1,1
39453,1,1
39454,2,1
39455,1,1
39457,1,1
39458,1,1
39459,1,1
39460,1,1
39461,1,1
39462,1,1
39463,2,1
39464,1,2
39465,2,1
39466,1,1
39467,2,1
39468,1,2
39469,1,1
39470,1,2
39471,2,1
39472,1,1
39473,2,1
39474,1,1
39475,1,1
39476,1,1
39477,2,1
39478,2,1
39479,2,2
39480,1,1
39481,1,1
39482,1,1
39485,1,1
39486,1,2
39487,2,1
39488,2,1
39489,1,1
39490,1,1
39491,1,1
39492,1,1
39493,1,1
39495,1,1
39496,1,1
39497,2,2
39499,1,1
39501,1,1
39502,1,1
39503,1,2
39504,1,1
39505,1,1
39506,1,1
39507,2,1
39508,1,1
39509,1,1
39510,2,1
39512,1,1
39513,1,1
39514,1,1
39515,1,1
39516,2,2
39519,1,1
39521,1,2
39522,1,1
39523,1,1
39524,1,1
39525,2,1
39526,2,1
39527,1,1
39528,2,2
39529,1,1
39530,1,1
39531,1,1
39532,1,1
39533,2,1
39534,2,1
39535,1,1
39537,1,1
39538,1,1
39539,1,1
39540,1,1
39541,1,1
39542,2,2
39543,1,1
39544,1,1
39545,1,1
39546,1,1
39547,2,1
39548,1,1
39549,1,1
39552,1,1
39553,1,1
39554,1,1
39555,1,1
39557,1,1
39558,1,1
39559,1,2
39560,2,1
39561,1,1
39562,1,1
39564,1,1
39566,1,1
39567,1,1
39568,2,1
39569,1,1
39570,2,2
39571,1,1
39572,1,1
39573,1,1
39574,1,1
39575,1,1
39576,1,1
39577,1,1
39578,1,1
39579,1,1
39580,1,1
39581,1,1
39582,1,1
39583,1,1
39584,2,1
39585,2,1
39587,1,1
39588,2,1
39589,1,1
39590,2,2
39591,1,1
39592,1,1
39593,1,1
39594,1,1
39595,2,1
39596,1,1
39597,1,1
39598,1,1
39599,1,1
39600,2,2
39601,1,1
39602,1,1
39604,1,2
39605,1,1
39606,1,1
39608,2,1
39609,1,1
39610,1,1
39611,1,1
39613,1,1
39616,1,1
39617,1,1
39618,1,1
39619,1,1
39620,1,1
39621,1,1
39622,2,2
39623,2,1
39624,1,1
39625,2,1
39626,1,1
39627,1,1
39628,1,1
39629,1,1
39630,1,1
39631,1,1
39632,1,1
39633,1,1
39634,2,1
39635,2,2
39636,1,1
39637,1,1
39638,1,1
39639,1,1
39640,2,1
39641,1,1
39642,1,1
39643,1,1
39644,1,1
39645,1,1
39646,1,1
39647,1,1
39648,2,1
39649,2,2
39650,1,1
39651,2,1
39652,2,1
39653,1,1
39654,1,1
39655,1,1
39657,2,1
39658,1,1
39659,1,1
39661,1,1
39662,1,1
39665,1,1
39666,1,1
39667,1,1
39668,1,1
39669,1,1
39670,1,1
39671,2,1
39672,1,1
39673,1,1
39674,1,1
39675,1,1
39676,2,1
39677,2,2
39678,2,2
39680,1,1
39681,1,1
39682,1,1
39683,1,1
39684,2,2
39685,1,1
39686,1,1
39688,1,1
39689,1,1
39690,1,1
39691,2,2
39692,1,1
39693,1,1
39694,1,1
39696,1,1
39697,1,1
39698,1,1
39699,1,1
39700,1,1
39701,1,2
39702,1,1
39703,1,1
39704,1,1
39705,2,2
39706,1,1
39707,2,2
39708,1,1
39709,1,1
39710,1,1
39712,1,1
39714,1,1
39715,1,1
39716,1,1
39717,1,1
39718,2,1
39719,1,1
39720,2,1
39721,1,1
39722,2,2
39723,1,1
39724,1,1
39725,1,1
39726,1,1
39727,1,1
39728,1,1
39731,1,1
39732,1,1
39733,1,1
39734,1,1
39735,2,1
39736,2,1
39737,1,1
39738,1,1
39739,1,1
39741,1,1
39742,1,1
39743,1,1
39744,1,1
39745,1,1
39746,2,1
39747,1,1
39748,2,1
39749,1,1
39750,1,1
39751,1,1
39752,1,1
39754,1,1
39755,1,1
39756,1,1
39757,1,1
39758,1,1
39759,1,1
39760,1,1
39761,1,1
39762,1,1
39763,1,1
39764,1,1
39765,1,1
39766,1,1
39767,1,2
39768,1,1
39769,1,1
39770,1,1
39771,1,1
39772,2,1
39773,1,1
39774,1,1
39776,1,1
39777,1,1
39778,2,1
39779,2,1
39780,1,1
39781,1,1
39782,1,1
39783,1,2
39784,1,1
39785,1,1
39786,2,2
39787,1,2
39788,1,1
39789,2,1
39791,1,1
39792,1,1
39793,1,1
39794,1,1
39795,2,2
39796,1,1
39797,1,1
39798,1,1
39799,1,1
39800,1,1
39801,1,1
39802,1,1
39803,1,1
39804,1,1
39805,1,1
39806,2,1
39807,1,1
39808,1,1
39809,1,1
39810,1,1
39811,1,1
39813,1,1
39815,2,1
39817,1,1
39818,2,1
39819,1,1
39820,1,1
39821,1,1
39822,2,1
39823,1,1
39824,1,1
39825,1,1
39826,1,1
39827,1,1
39829,1,1
39830,1,1
39832,1,1
39833,1,1
39834,1,1
39835,2,1
39836,1,1
39837,1,1
39838,1,1
39839,1,1
39840,1,1
39841,2,2
39843,1,1
39844,1,1
39845,1,1
39846,1,2
39847,1,1
39848,1,1
39849,1,1
39851,1,1
39852,1,1
39854,1,1
39856,1,1
39857,2,2
39858,1,1
39859,2,1
39860,1,1
39861,1,1
39862,2,1
39863,1,1
39864,1,1
39865,2,2
39866,1,2
39867,1,1
39868,1,1
39869,1,1
39870,1,1
39872,1,1
39873,2,1
39874,1,1
39875,2,1
39876,1,1
39877,1,1
39878,1,1
39879,1,1
39880,2,1
39881,2,1
39882,1,1
39884,2,1
39885,1,1
39886,1,1
39887,1,1
39888,1,1
39889,1,1
39890,1,1
39891,1,1
39892,1,1
39893,2,2
39894,1,1
39895,1,1
39896,2,2
39897,1,1
39898,1,1
39899,1,1
39900,1,1
39901,1,1
39902,1,1
39903,2,2
39904,1,1
39905,1,1
39906,1,1
39907,2,1
39908,2,2
39909,1,1
39910,2,1
39911,1,1
39912,2,1
39913,1,1
39915,1,1
39916,2,1
39917,2,2
39918,1,1
39919,1,1
39920,1,1
39921,1,2
39922,1,1
39923,2,1
39924,1,1
39925,2,2
39928,1,1
39929,1,1
39930,1,2
39931,1,1
39932,1,1
39933,1,1
39934,2,1
39935,1,1
39936,1,1
39937,1,1
39938,1,1
39939,1,2
39940,1,1
39941,1,1
39942,2,1
39943,1,1
39944,2,2
39945,2,2
39946,2,1
39947,1,1
39950,1,1
39951,1,1
39952,2,1
39953,1,1
39954,1,1
39955,1,1
39956,2,1
39957,1,1
39958,1,1
39959,1,1
39960,1,1
39961,1,2
39962,1,1
39963,2,1
39964,1,1
39966,1,1
39967,1,1
39969,1,1
39970,1,1
39971,1,1
39973,2,1
39974,1,1
39975,2,1
39977,1,1
39978,1,1
39979,1,1
39980,2,2
39981,1,1
39982,2,1
39983,1,1
39984,1,1
39986,1,1
39987,1,1
39988,2,2
39990,1,1
39991,2,2
39992,1,1
39993,1,1
39994,1,1
39995,1,1
39996,1,1
39997,1,1
39998,2,1
39999,1,1
40000,1,1
40001,1,1
40002,1,1
40003,1,1
40004,1,1
40005,1,1
40006,1,1
40007,1,1
40009,1,1
40010,2,1
40011,1,1
40012,1,1
40013,1,1
40014,2,1
40015,1,1
40016,2,2
40017,1,1
40018,1,1
40020,1,1
40021,2,2
40023,1,1
40024,1,1
40025,1,1
40026,1,1
40027,1,1
40028,1,1
40029,2,2
40030,2,1
40031,1,1
40032,2,1
40033,1,1
40034,1,1
40035,1,1
40037,1,1
40038,2,2
40039,1,1
40040,1,1
40041,1,1
40042,1,1
40043,1,1
40044,2,1
40045,1,1
40047,1,1
40048,1,1
40049,1,1
40050,2,1
40051,1,1
40052,1,1
40053,2,1
40054,2,1
40057,1,1
40059,2,2
40060,1,1
40061,1,1
40062,1,1
40063,1,1
40064,1,1
40065,1,1
40066,1,1
40067,1,1
40068,1,2
40069,1,1
40070,2,2
40071,2,2
40072,1,1
40073,2,2
40075,1,1
40076,1,1
40077,2,1
40078,1,1
40079,2,2
40080,1,1
40081,1,1
40082,1,1
40083,1,1
40084,2,2
40085,1,1
40086,1,1
40088,2,1
40089,2,2
40090,1,1
40091,1,2
40092,1,1
40093,1,1
40094,2,1
40095,1,1
40096,1,1
40097,1,1
40098,1,1
40099,1,1
40100,1,1
40101,1,1
40103,1,1
40104,2,1
40105,1,1
40106,2,1
40107,1,1
40108,1,1
40109,1,1
40110,2,1
40111,2,2
40112,2,2
40113,2,2
40114,1,1
40115,1,1
40116,1,1
40119,1,1
40120,1,1
40122,1,1
40123,2,2
40124,1,1
40125,1,1
40127,1,1
40128,2,2
40129,1,1
40130,1,1
40131,1,1
40132,1,1
40133,1,1
40135,1,1
40137,1,1
40138,1,1
40139,2,2
40140,1,1
40141,1,1
40142,1,1
40143,2,1
40144,1,1
40145,1,1
40146,1,1
40147,1,1
40149,1,1
40151,1,1
40152,1,2
40153,1,1
40154,2,1
40155,1,1
40156,1,1
40158,1,1
40159,1,1
40160,1,1
40161,1,1
40163,1,1
40165,1,1
40166,2,2
40167,2,2
40168,1,1
40169,1,1
40170,2,2
40171,1,1
40172,1,1
40173,1,1
40174,1,1
40175,1,2
40176,2,1
40177,2,2
40178,1,1
40179,1,1
40180,1,1
40181,1,1
40182,1,1
40183,1,1
40184,1,1
40185,2,1
40186,1,1
40187,1,1
40188,1,1
40189,1,1
40190,1,1
40191,1,1
40192,1,1
40193,2,1
40194,1,1
40195,2,2
40196,1,2
40197,2,1
40198,1,1
40199,2,1
40200,1,1
40202,1,1
40203,1,1
40204,2,2
40205,2,1
40206,1,1
40207,1,2
40210,2,1
40211,2,2
40212,1,1
40213,2,1
40214,1,1
40215,1,2
40216,1,1
40217,1,1
40218,2,2
40219,1,1
40220,1,1
40221,1,1
40222,1,1
40223,1,1
40224,1,1
40225,1,1
40227,1,1
40228,1,1
40229,2,1
40230,1,1
40231,1,1
40232,1,1
40233,1,1
40234,1,1
40236,1,1
40237,1,1
40238,1,1
40239,1,1
40240,1,1
40241,1,1
40242,2,2
40243,1,2
40244,1,1
40245,1,1
40246,1,1
40247,2,1
40249,1,1
40251,1,1
40252,1,1
40253,1,1
40254,1,1
40255,1,1
40257,1,1
40258,1,1
40259,1,1
40260,1,1
40261,1,1
40262,1,1
40263,2,1
40264,2,2
40266,1,1
40267,1,1
40268,1,1
40269,1,1
40270,1,1
40271,1,1
40272,2,2
40273,1,1
40274,2,1
40275,1,1
40276,1,1
40280,1,1
40281,2,1
40282,1,1
40283,1,1
40284,1,2
40285,1,1
40286,2,1
40288,1,2
40289,1,1
40290,2,2
40291,2,2
40292,1,1
40293,1,1
40294,1,1
40295,1,1
40296,1,1
40297,1,1
40298,1,1
40299,1,1
40300,1,1
40301,1,1
40302,2,1
40303,1,1
40305,1,1
40306,1,1
40307,2,1
40308,2,1
40309,1,1
40310,2,2
40311,1,1
40312,1,1
40313,2,1
40314,1,1
40315,1,1
40316,1,2
40317,1,1
40318,1,1
40319,1,1
40321,2,1
40322,1,1
40323,1,1
40324,1,2
40326,2,1
40327,1,1
40328,1,1
40329,1,1
40331,1,1
40332,1,1
40333,1,1
40334,1,1
40335,1,1
40336,1,1
40337,1,1
40338,1,1
40339,1,1
40340,1,1
40341,1,1
40343,1,1
40344,1,1
40345,1,1
40347,1,1
40348,1,1
40349,1,1
40350,1,1
40352,1,1
40353,1,1
40354,1,1
40356,1,1
40357,2,1
40358,1,1
40360,1,1
40361,1,1
40362,1,1
40363,1,1
40364,2,1
40366,2,1
40367,1,2
40368,1,1
40369,2,1
40370,1,2
40371,1,1
40372,1,1
40373,2,1
40374,1,1
40375,1,1
40376,1,1
40377,1,1
40378,1,1
40379,1,1
40380,1,1
40381,1,1
40382,2,1
40383,1,1
40384,2,2
40385,1,1
40386,1,1
40387,1,1
40388,1,1
40389,2,2
40390,1,1
40391,1,1
40392,2,1
40393,1,1
40394,1,1
40395,1,1
40396,1,1
40398,2,1
40399,2,1
40400,1,1
40401,1,1
40402,1,1
40403,1,1
40404,1,1
40405,1,1
40406,1,1
40407,1,1
40408,2,1
40409,1,1
40411,1,1
40412,1,1
40413,2,1
40414,1,1
40415,2,2
40416,1,1
40417,1,1
40418,2,2
40419,1,1
40420,1,1
40421,1,1
40422,2,1
40423,2,1
40424,1,1
40425,1,1
40426,2,1
40427,1,1
40428,1,1
40429,1,1
40432,1,1
40434,1,1
40435,2,1
40436,1,1
40437,1,1
40438,1,1
40439,1,1
40440,2,1
40441,1,1
40442,2,2
40443,1,1
40445,1,1
40446,1,1
40447,1,1
40448,1,1
40449,2,1
40450,1,1
40451,1,1
40452,2,1
40453,1,1
40454,1,2
40455,1,1
40457,1,1
40458,2,1
40459,1,1
40460,1,1
40461,1,1
40462,2,1
40463,1,1
40464,1,2
40465,2,2
40466,1,1
40467,1,1
40468,1,1
40469,1,2
40471,2,2
40472,1,1
40473,1,1
40474,1,1
40475,2,2
40476,2,1
40477,1,1
40478,1,1
40480,1,1
40481,1,1
40483,1,1
40484,1,1
40485,1,1
40486,1,1
40487,1,1
40488,1,1
40489,1,1
40490,1,2
40491,1,1
40492,1,1
40493,1,1
40494,2,2
40495,1,1
40496,1,1
40497,1,1
40498,1,1
40499,1,1
40500,1,1
40501,1,1
40502,1,1
40503,1,1
40504,1,1
40505,1,1
40506,1,1
40507,2,1
40508,1,1
40509,1,1
40510,1,1
40511,2,1
40512,1,1
40513,2,1
40514,2,1
40515,1,1
40516,2,1
40518,1,1
40519,1,1
40520,1,1
40521,1,1
40522,1,1
40523,2,1
40524,2,2
40525,1,1
40526,1,1
40527,1,1
40528,1,1
40529,1,1
40530,1,1
40532,2,1
40533,1,1
40534,1,1
40536,2,1
40537,2,2
40538,1,1
40539,1,1
40540,1,1
40541,1,1
40543,2,1
40544,1,1
40545,2,2
40546,1,1
40547,1,1
40548,1,1
40549,1,1
40550,1,1
40551,1,1
40552,2,2
40553,2,1
40554,1,1
40555,1,1
40556,1,1
40557,1,1
40558,1,1
40559,2,1
40560,1,1
40561,1,1
40562,1,1
40563,2,2
40564,1,1
40565,1,1
40566,1,1
40567,2,2
40568,1,1
40569,2,1
40570,1,1
40571,2,1
40572,1,1
40573,1,1
40574,2,1
40575,1,1
40576,1,1
40577,1,1
40578,1,1
40579,1,1
40580,2,2
40581,1,1
40582,1,1
40584,1,1
40585,1,1
40586,1,1
40587,1,1
40588,1,1
40589,1,1
40592,2,2
40593,1,1
40594,1,1
40595,1,1
40597,2,1
40598,1,1
40599,1,1
40600,1,2
40601,1,1
40602,1,1
40603,1,1
40604,1,1
40605,2,1
40606,1,1
40607,1,1
40608,1,1
40609,2,2
40610,2,2
40611,1,2
40612,1,2
40613,1,1
40614,1,1
40615,1,1
40616,1,1
40617,1,2
40618,1,1
40619,1,1
40620,1,1
40622,1,1
40624,2,1
40625,2,1
40627,2,1
40628,2,2
40629,1,1
40630,2,2
40631,1,1
40632,2,1
40633,1,2
40634,2,1
40635,1,1
40636,2,2
40637,1,1
40638,1,1
40639,1,1
40640,1,1
40641,1,1
40642,1,1
40643,1,1
40644,1,1
40646,1,1
40648,2,2
40649,1,1
40650,2,1
40651,1,1
40652,1,1
40653,1,1
40654,1,1
40655,2,1
40656,1,1
40657,1,2
40658,1,1
40659,1,1
40660,2,1
40661,1,1
40662,1,1
40664,1,1
40665,1,1
40667,1,1
40669,1,1
40670,1,1
40671,1,1
40672,1,1
40673,1,1
40674,1,1
40675,1,1
40676,1,1
40677,1,1
40678,1,1
40679,2,2
40680,1,1
40681,1,1
40682,1,1
40683,1,1
40684,1,1
40685,1,1
40686,1,1
40687,1,1
40688,1,1
40689,1,1
40691,2,2
40692,1,1
40693,1,1
40694,1,2
40695,1,1
40696,1,1
40697,1,1
40698,1,1
40699,1,1
40700,2,1
40701,1,1
40702,1,1
40703,1,1
40704,1,1
40705,2,2
40706,1,1
40708,2,1
40709,1,1
40710,1,1
40711,1,1
40712,1,1
40713,1,1
40714,1,1
40715,1,1
40716,1,1
40717,2,1
40718,2,1
40720,1,1
40721,1,1
40722,1,1
40723,1,1
40724,1,1
40725,1,1
40726,1,1
40727,2,2
40728,2,1
40729,2,1
40730,1,1
40731,1,1
40732,1,1
40733,1,1
40734,2,2
40735,1,1
40736,2,1
40737,1,1
40738,1,2
40739,1,1
40740,1,1
40741,1,1
40744,2,1
40745,2,2
40746,1,1
40747,1,1
40749,1,2
40750,1,1
40751,1,1
40752,1,1
40753,1,1
40754,1,1
40755,1,1
40756,2,1
40757,1,1
40758,1,2
40759,1,1
40760,1,1
40761,1,1
40762,1,2
40763,1,1
40764,1,1
40765,1,1
40766,1,1
40767,1,1
40768,1,1
40769,1,2
40770,1,2
40771,1,1
40773,1,1
40774,1,1
40775,2,2
40776,2,2
40777,1,1
40778,1,1
40779,1,1
40780,1,1
40781,1,1
40782,2,2
40783,1,1
40784,1,1
40785,1,1
40786,1,1
40787,1,1
40788,1,1
40790,1,1
40791,2,1
40792,1,1
40793,1,1
40794,2,2
40795,1,1
40797,2,2
40798,1,2
40799,1,1
40801,1,1
40802,1,1
40803,1,1
40804,1,1
40806,1,1
40807,1,1
40808,1,1
40809,1,1
40810,1,1
40811,1,1
40813,2,2
40814,2,1
40815,1,2
40817,2,1
40818,1,1
40820,1,1
40821,2,1
40822,1,1
40823,1,1
40824,1,1
40826,2,2
40827,1,1
40828,1,2
40829,1,1
40830,2,2
40831,1,1
40832,1,1
40833,2,1
40834,1,1
40835,1,1
40836,1,1
40837,2,2
40838,2,1
40839,1,1
40841,1,1
40842,1,1
40843,1,1
40844,2,1
40845,1,1
40846,1,1
40847,2,1
40848,1,1
40849,1,1
40850,1,1
40851,1,1
40852,1,1
40853,1,1
40854,1,1
40855,2,1
40857,1,1
40858,2,1
40859,1,1
40860,1,2
40862,1,1
40863,1,1
40865,1,1
40866,2,2
40867,1,1
40869,1,1
40870,1,1
40872,1,2
40873,1,1
40874,1,1
40875,1,1
40876,1,1
40877,2,1
40878,2,1
40879,1,1
40880,2,1
40881,1,1
40882,2,2
40883,1,1
40884,1,1
40885,1,1
40886,1,1
40887,1,1
40888,1,2
40889,1,1
40890,1,2
40892,2,2
40893,2,1
40894,2,2
40896,1,1
40897,1,1
40898,1,1
40899,2,1
40900,2,1
40901,1,1
40902,1,1
40903,2,1
40904,1,1
40905,2,1
40906,1,1
40907,1,1
40910,1,1
40912,1,1
40913,1,1
40914,2,1
40915,1,1
40916,1,1
40917,1,1
40918,2,2
40919,1,1
40920,1,1
40921,1,1
40922,1,1
40923,1,1
40924,1,1
40925,1,1
40927,2,1
40928,1,1
40929,2,2
40930,2,1
40931,1,1
40932,1,1
40933,2,1
40934,1,2
40935,2,1
40936,1,1
40937,2,1
40938,1,1
40939,1,1
40940,1,1
40941,1,1
40942,1,1
40943,1,1
40944,1,1
40945,1,1
40946,1,1
40947,1,1
40948,1,1
40949,1,1
40950,1,1
40951,1,1
40952,1,1
40953,2,1
40954,1,1
40956,1,2
40957,1,1
40958,1,1
40959,2,1
40960,2,1
40961,1,2
40962,1,1
40963,1,1
40964,1,1
40966,1,1
40967,1,1
40968,2,1
40969,1,1
40970,2,2
40971,1,1
40972,2,2
40973,2,2
40974,1,2
40975,1,1
40976,1,1
40977,1,1
40978,1,1
40979,1,1
40982,1,1
40983,1,1
40984,1,1
40985,2,2
40986,1,1
40987,1,1
40988,1,1
40989,1,2
40990,2,1
40991,1,1
40992,1,1
40993,1,1
40994,2,2
40995,2,1
40996,1,2
40997,2,2
40999,1,2
41000,2,2
41002,2,2
41003,1,1
41004,1,1
41006,1,1
41007,1,1
41008,1,1
41009,2,2
41010,2,2
41011,1,1
41012,1,1
41013,2,1
41014,1,1
41015,1,1
41016,1,1
41018,2,1
41019,1,1
41020,1,1
41021,1,1
41023,1,1
41024,2,1
41025,1,1
41026,1,1
41028,1,1
41030,1,1
41032,1,1
41033,1,1
41034,1,1
41035,1,1
41036,1,1
41037,1,1
41038,1,1
41039,1,1
41040,1,1
41041,2,1
41042,1,1
41043,1,1
41044,2,1
41045,1,1
41046,1,1
41047,1,1
41048,1,1
41049,2,1
41051,1,1
41052,1,1
41053,1,1
41054,1,1
41055,1,1
41056,1,1
41057,1,1
41058,1,1
41059,1,1
41060,2,2
41061,1,1
41062,2,1
41063,1,1
41064,2,1
41065,2,2
41066,1,1
41068,2,2
41069,1,1
41070,1,1
41071,2,2
41072,1,1
41073,2,2
41074,1,2
41076,2,2
41077,2,2
41078,1,1
41079,1,2
41080,2,1
41081,2,2
41082,1,1
41083,1,1
41084,2,1
41085,1,1
41087,2,2
41088,1,1
41090,1,1
41091,1,1
41092,1,1
41093,2,1
41094,1,1
41096,1,1
41098,1,1
41099,1,2
41100,1,1
41101,1,1
41102,1,1
41103,1,1
41104,1,1
41106,1,1
41107,1,1
41108,1,1
41109,1,1
41110,2,1
41111,2,1
41112,1,1
41114,1,1
41115,1,1
41116,1,1
41117,1,1
41118,1,1
41120,1,1
41121,1,1
41122,1,1
41123,2,1
41124,1,1
41125,1,2
41127,1,1
41128,1,1
41129,1,1
41130,1,1
41131,1,1
41132,2,2
41133,2,2
41134,1,2
41135,1,1
41136,1,1
41137,1,1
41138,1,1
41139,1,1
41140,1,1
41141,1,1
41142,1,1
41143,1,1
41144,2,2
41146,1,1
41147,1,1
41148,1,1
41149,1,1
41151,1,1
41152,2,2
41153,1,1
41154,1,1
41155,1,1
41156,2,1
41157,2,2
41158,1,1
41159,1,1
41160,1,1
41161,2,1
41162,2,1
41163,1,1
41164,2,2
41165,2,1
41166,2,1
41167,1,1
41168,1,1
41170,1,1
41171,2,2
41172,1,1
41173,2,1
41174,1,1
41175,2,2
41176,1,1
41177,2,1
41178,1,1
41179,1,1
41180,1,1
41181,1,1
41182,1,1
41183,1,1
41184,1,1
41185,1,1
41186,1,1
41187,1,1
41188,1,1
41189,1,1
41190,1,1
41191,2,2
41193,1,1
41194,2,2
41195,2,1
41196,1,1
41197,1,1
41198,1,1
41199,2,1
41200,1,1
41201,1,1
41202,1,2
41203,2,2
41205,1,1
41206,1,1
41207,1,1
41208,1,1
41209,1,1
41210,1,2
41211,1,1
41212,2,1
41213,1,1
41214,2,2
41215,2,2
41216,1,1
41217,1,1
41218,1,1
41219,1,1
41221,1,1
41223,1,1
41225,1,1
41226,2,1
41227,2,2
41228,1,1
41229,2,2
41230,1,1
41232,1,1
41233,1,1
41234,1,1
41235,1,1
41236,2,2
41237,2,2
41238,1,1
41239,1,1
41240,2,1
41241,2,2
41242,1,1
41243,1,1
41244,2,1
41245,1,1
41246,1,1
41247,1,1
41248,1,1
41249,1,1
41250,1,1
41251,1,1
41252,1,1
41253,2,1
41255,1,1
41256,1,1
41257,1,1
41258,1,1
41260,2,1
41261,1,1
41262,1,1
41263,1,1
41264,2,1
41265,2,1
41266,2,2
41267,1,1
41268,1,1
41269,1,1
41270,1,1
41271,1,1
41272,2,2
41273,1,1
41274,1,1
41275,1,1
41276,2,1
41277,2,2
41278,1,1
41279,1,1
41280,2,1
41281,1,1
41282,1,1
41284,1,1
41285,1,1
41286,1,1
41287,1,1
41288,1,1
41289,1,1
41290,1,1
41291,1,1
41292,1,1
41293,1,1
41294,1,1
41295,2,2
41296,1,1
41297,1,1
41298,1,1
41300,1,1
41302,1,1
41304,1,1
41305,1,1
41306,1,1
41307,2,2
41308,1,1
41309,1,1
41310,1,1
41311,1,1
41312,1,1
41313,1,1
41314,1,1
41315,1,1
41316,2,2
41317,1,1
41319,1,1
41320,2,2
41321,1,1
41322,1,1
41323,1,1
41324,1,1
41325,1,1
41326,1,1
41327,1,1
41328,1,1
41329,2,1
41330,1,1
41331,1,1
41332,1,1
41333,1,1
41334,1,1
41335,2,1
41336,1,1
41337,2,2
41338,2,2
41339,2,1
41340,1,1
41341,2,1
41342,1,1
41343,2,2
41344,1,1
41346,1,1
41347,1,1
41348,1,1
41349,2,2
41350,1,1
41351,1,1
41352,1,1
41353,1,1
41354,2,2
41355,1,1
41357,1,1
41358,1,1
41359,1,1
41360,2,1
41361,2,2
41362,2,2
41363,1,1
41364,1,1
41365,1,1
41366,1,1
41367,1,1
41368,1,1
41371,1,1
41372,1,1
41374,1,1
41375,2,1
41377,1,1
41378,2,2
41379,1,1
41380,1,1
41381,1,1
41382,1,1
41383,1,1
41384,1,1
41385,2,2
41386,1,1
41387,1,1
41388,2,2
41389,1,1
41390,1,1
41391,1,1
41392,1,1
41393,1,1
41394,1,1
41395,1,1
41396,1,1
41397,1,1
41398,1,2
41399,1,1
41400,1,1
41401,2,1
41402,1,1
41403,1,1
41404,1,1
41405,1,1
41407,1,2
41408,1,2
41409,1,1
41410,1,1
41411,2,2
41412,2,1
41413,1,1
41414,1,1
41415,1,1
41416,2,2
41417,1,2
41418,2,1
41419,1,1
41420,2,2
41421,1,1
41422,2,2
41423,1,1
41424,1,1
41425,1,1
41426,1,1
41427,1,1
41428,2,1
41429,1,1
41430,1,1
41431,1,1
41432,1,1
41433,1,1
41434,1,1
41435,1,1
41436,1,1
41437,1,2
41438,2,1
41440,2,1
41441,1,1
41442,1,1
41443,2,1
41444,2,1
41445,1,1
41446,1,1
41447,1,1
41448,1,1
41449,2,1
41450,1,1
41451,1,1
41453,1,1
41455,2,1
41456,2,1
41457,1,2
41458,1,1
41459,1,1
41460,2,2
41461,1,2
41462,1,1
41463,1,1
41464,2,1
41465,1,1
41467,1,1
41468,1,1
41469,1,2
41471,1,1
41472,1,1
41473,1,1
41474,2,2
41475,1,1
41476,2,2
41477,1,1
41478,1,1
41479,2,2
41480,1,1
41481,1,1
41482,1,1
41483,1,1
41484,2,1
41485,2,1
41486,1,1
41487,2,2
41488,1,1
41490,1,1
41492,1,1
41493,1,1
41494,1,1
41495,1,1
41496,1,1
41497,1,2
41498,1,1
41499,1,1
41500,1,1
41501,1,1
41503,1,1
41504,2,1
41505,2,2
41506,2,2
41507,2,1
41508,1,1
41509,1,1
41510,1,1
41511,2,1
41512,1,1
41513,1,1
41514,1,1
41515,1,1
41516,1,1
41517,1,1
41518,2,1
41519,1,1
41520,2,2
41521,2,1
41522,2,1
41523,1,1
41524,1,2
41525,2,1
41526,2,1
41527,1,1
41528,1,1
41529,1,1
41530,1,1
41531,1,1
41532,1,1
41533,1,1
41534,1,1
41535,1,1
41536,1,1
41537,1,1
41538,1,2
41539,1,1
41540,1,1
41542,1,1
41543,1,1
41544,1,1
41545,1,1
41547,2,1
41548,1,1
41549,1,1
41550,1,1
41551,1,1
41552,1,1
41553,2,1
41554,1,1
41555,1,1
41556,1,1
41557,2,1
41558,1,1
41559,1,1
41560,2,1
41561,1,1
41562,2,2
41563,1,2
41564,2,1
41565,1,1
41566,1,1
41567,2,2
41568,1,1
41569,1,1
41570,2,1
41571,1,1
41572,1,1
41573,2,1
41574,1,1
41575,1,1
41576,1,1
41577,1,1
41578,1,1
41579,1,1
41580,1,1
41581,2,2
41582,1,1
41583,1,2
41584,1,1
41585,1,1
41586,1,1
41587,1,1
41588,2,1
41589,2,2
41590,2,2
41591,1,1
41593,1,1
41595,1,1
41596,1,1
41598,1,1
41599,2,2
41601,1,1
41602,2,2
41603,1,1
41604,1,2
41605,1,1
41607,2,1
41608,1,1
41609,1,1
41611,1,1
41612,1,1
41613,1,2
41614,1,1
41615,1,1
41616,1,1
41617,1,1
41618,1,1
41619,1,1
41620,1,1
41621,1,1
41622,1,1
41623,1,1
41624,1,1
41625,1,1
41626,1,1
41627,1,1
41628,1,1
41629,1,2
41630,1,1
41631,1,1
41632,1,1
41633,2,1
41634,1,1
41635,2,2
41636,1,1
41637,1,1
41638,1,1
41639,1,1
41640,1,1
41641,1,1
41642,1,1
41644,1,1
41645,1,1
41646,1,1
41647,1,1
41648,1,1
41649,2,1
41650,1,1
41651,1,1
41653,1,1
41654,2,1
41655,1,2
41656,1,1
41657,2,1
41659,2,1
41660,2,1
41661,1,1
41662,1,1
41663,1,1
41664,1,1
41665,1,1
41666,1,1
41667,2,1
41668,1,1
41669,1,2
41670,1,1
41671,1,1
41672,1,1
41673,2,2
41674,1,1
41675,2,1
41676,1,1
41677,1,1
41678,2,1
41679,2,1
41680,1,1
41681,2,2
41682,1,1
41683,1,1
41684,1,1
41685,1,1
41686,1,1
41687,1,1
41688,1,1
41689,1,1
41690,2,1
41691,1,1
41692,2,1
41693,1,1
41694,1,1
41697,1,1
41698,1,1
41699,2,2
41700,1,1
41701,1,1
41702,1,1
41703,1,1
41704,1,1
41705,1,1
41706,1,1
41707,1,1
41708,1,1
41709,1,1
41710,1,1
41711,1,1
41712,1,1
41713,1,1
41714,1,1
41715,2,1
41716,1,2
41718,1,1
41719,2,1
41720,1,1
41722,1,1
41723,1,1
41724,1,1
41725,1,1
41726,1,1
41727,1,1
41728,2,2
41729,1,1
41730,1,1
41731,2,2
41733,1,1
41734,1,1
41735,1,1
41736,1,1
41737,1,1
41738,1,1
41739,1,1
41740,1,1
41741,1,1
41743,1,2
41745,1,1
41746,2,2
41747,2,2
41748,2,2
41749,1,1
41750,2,1
41751,1,1
41752,1,1
41753,2,1
41754,2,1
41755,1,2
41756,1,1
41757,1,1
41759,1,1
41760,2,2
41761,2,1
41762,1,1
41763,2,1
41764,1,1
41765,1,2
41766,2,1
41767,2,2
41768,1,1
41770,1,1
41771,2,2
41772,1,1
41773,1,1
41774,1,1
41776,1,1
41777,2,2
41778,1,1
41779,1,2
41780,1,1
41781,1,1
41782,1,1
41783,1,1
41784,1,1
41785,2,1
41786,1,1
41787,1,1
41788,2,1
41789,1,1
41790,1,1
41791,1,1
41793,1,1
41794,1,1
41795,1,1
41796,1,1
41797,1,1
41798,1,1
41799,1,1
41800,1,1
41801,1,1
41802,2,2
41803,1,1
41805,1,1
41806,2,2
41807,2,2
41808,1,1
41809,2,2
41810,1,1
41812,1,1
41813,1,1
41814,1,1
41815,1,1
41816,1,1
41817,2,2
41818,1,1
41819,2,2
41820,1,1
41821,1,1
41822,1,2
41823,1,1
41824,1,1
41825,1,1
41826,1,1
41827,1,1
41828,2,1
41830,1,1
41831,1,1
41832,1,1
41833,1,1
41834,1,1
41835,2,1
41836,1,1
41837,1,1
41838,1,1
41840,2,2
41841,2,1
41842,1,1
41843,1,1
41844,1,1
41845,1,1
41846,1,1
41847,1,1
41848,1,1
41850,1,1
41851,1,1
41852,1,1
41853,1,1
41855,1,1
41856,1,1
41857,1,1
41859,2,2
41860,1,2
41862,1,1
41863,1,1
41864,1,1
41865,1,1
41866,1,1
41867,1,1
41868,2,1
41869,1,1
41870,1,1
41871,1,1
41872,1,1
41873,1,1
41874,2,2
41875,1,1
41876,1,1
41877,1,1
41878,2,1
41879,2,1
41880,1,1
41881,1,1
41882,1,1
41883,1,1
41884,1,1
41885,1,1
41886,2,1
41888,1,1
41889,1,1
41890,1,1
41891,2,1
41892,2,2
41893,1,1
41894,2,2
41895,2,1
41896,2,2
41897,1,1
41898,1,1
41899,1,1
41900,2,2
41901,1,1
41902,2,1
41903,1,1
41904,2,1
41905,1,1
41906,1,1
41907,1,1
41908,2,2
41909,1,1
41910,2,1
41911,1,1
41914,2,2
41915,1,1
41916,1,1
41917,1,1
41918,1,1
41919,1,1
41920,1,1
41922,1,1
41923,1,1
41924,1,1
41925,1,1
41926,1,1
41927,1,1
41928,1,1
41929,1,1
41930,1,1
41931,1,1
41932,2,2
41933,1,1
41934,1,1
41935,1,1
41936,2,1
41937,1,1
41938,1,1
41939,2,1
41940,1,1
41941,1,1
41942,1,1
41943,1,1
41944,1,2
41945,1,1
41946,2,2
41947,1,1
41948,1,1
41949,1,1
41950,1,1
41951,1,1
41952,2,1
41953,1,1
41954,1,1
41955,2,1
41956,2,1
41957,1,2
41958,1,1
41959,1,1
41960,2,1
41961,1,1
41962,1,1
41963,2,1
41964,2,1
41965,2,2
41966,1,1
41967,2,1
41968,2,1
41969,1,1
41970,1,1
41971,1,1
41972,1,1
41974,1,1
41975,1,1
41976,1,1
41977,1,1
41978,1,1
41979,2,2
41980,1,1
41981,1,1
41982,2,1
41983,1,1
41984,1,1
41985,1,1
41986,1,1
41987,1,1
41988,2,1
41989,1,1
41990,1,1
41991,2,2
41992,1,1
41993,1,1
41994,1,1
41995,1,1
41996,2,1
41997,2,2
41998,1,1
41999,1,1
42000,2,1
42001,1,1
42002,1,1
42003,2,1
42004,1,2
42005,1,1
42006,2,1
42007,1,1
42008,1,2
42009,1,1
42010,2,1
42011,1,2
42012,2,1
42013,2,1
42014,1,1
42015,1,1
42016,1,1
42017,1,1
42018,1,1
42019,1,1
42020,2,2
42021,1,1
42022,2,1
42023,1,1
42024,1,1
42025,2,2
42026,1,1
42027,1,1
42028,2,1
42029,2,1
42030,1,1
42031,2,2
42032,1,1
42033,1,1
42034,2,1
42035,2,1
42036,1,1
42037,1,1
42038,2,1
42039,1,1
42040,1,1
42041,1,1
42043,2,2
42044,2,2
42045,2,1
42046,1,1
42047,1,1
42048,2,1
42049,2,1
42051,1,1
42052,1,1
42053,1,1
42054,1,1
42055,1,1
42056,1,1
42057,2,2
42058,1,1
42059,1,1
42060,1,1
42061,1,1
42062,1,1
42063,1,1
42065,2,1
42066,2,2
42067,1,1
42068,1,1
42069,1,1
42070,1,1
42071,2,2
42072,1,1
42073,1,1
42074,1,1
42075,1,1
42077,1,1
42079,1,1
42081,2,2
42083,1,1
42084,2,1
42085,2,1
42088,1,1
42089,1,1
42090,1,1
42092,1,1
42093,1,1
42094,1,1
42096,1,1
42097,1,1
42098,1,1
42099,1,1
42100,1,1
42101,2,2
42102,1,1
42103,2,2
42104,1,1
42106,1,1
42107,2,1
42108,2,1
42109,2,1
42110,1,1
42111,1,1
42112,1,1
42113,1,1
42114,1,1
42115,1,1
42116,1,1
42117,1,1
42118,1,1
42119,1,1
42120,1,1
42121,1,1
42122,1,1
42123,1,2
42124,1,1
42125,2,2
42126,1,1
42128,1,1
42129,2,2
42130,1,1
42131,2,1
42132,1,1
42133,2,1
42134,1,1
42135,2,1
42136,1,1
42137,2,2
42140,1,1
42141,1,1
42142,1,1
42143,1,1
42144,1,1
42145,1,1
42146,1,1
42147,1,2
42148,1,1
42149,1,1
42150,2,2
42151,1,1
42152,1,1
42153,1,1
42154,1,1
42155,1,1
42156,1,1
42157,1,1
42158,1,1
42159,1,1
42160,1,1
42161,2,2
42162,1,2
42163,1,1
42164,1,1
42165,1,1
42166,1,1
42167,2,1
42169,1,1
42170,1,1
42171,1,1
42172,1,1
42173,2,1
42174,2,1
42175,1,1
42176,2,1
42177,2,2
42178,1,1
42179,1,1
42180,2,2
42181,2,2
42182,1,1
42183,1,1
42184,1,1
42185,2,1
42186,1,1
42188,2,1
42189,1,1
42190,1,1
42192,1,2
42193,2,2
42194,1,1
42195,1,1
42196,1,2
42197,1,1
42198,1,1
42199,1,1
42200,1,1
42201,1,1
42202,2,2
42203,1,1
42204,1,1
42206,1,1
42207,1,1
42208,1,1
42209,1,1
42210,1,1
42211,1,1
42212,1,1
42213,1,2
42214,1,1
42215,2,1
42216,1,1
42217,1,1
42218,1,1
42219,1,1
42220,1,2
42221,1,1
42222,2,1
42223,2,2
42224,1,1
42225,1,1
42226,1,1
42227,1,2
42228,1,1
42229,2,2
42231,1,1
42232,2,1
42233,1,1
42234,1,1
42235,1,1
42236,1,1
42237,2,1
42238,1,1
42239,1,1
42240,1,1
42241,1,1
42243,1,1
42244,1,1
42245,1,1
42246,1,1
42247,1,1
42248,1,1
42249,2,1
42250,1,1
42252,1,1
42253,2,1
42254,1,1
42256,1,1
42257,1,1
42258,2,2
42259,2,2
42260,1,1
42262,2,2
42263,1,1
42264,1,1
42265,2,2
42266,1,1
42267,1,1
42268,1,1
42270,1,1
42271,1,1
42272,1,1
42273,1,2
42274,2,2
42275,1,1
42276,1,1
42277,2,1
42278,1,1
42279,1,1
42280,1,1
42281,1,1
42282,2,1
42283,1,1
42284,2,1
42286,1,1
42287,1,2
42288,2,2
42289,1,2
42290,1,1
42291,2,1
42292,1,1
42293,1,1
42294,1,1
42295,1,1
42296,1,1
42298,2,1
42299,1,1
42300,1,1
42301,2,2
42302,1,1
42303,1,1
42304,1,1
42305,1,1
42306,1,1
42307,1,1
42308,1,1
42309,1,1
42310,2,2
42311,1,1
42312,2,1
42313,1,1
42314,1,1
42315,1,1
42317,1,1
42318,1,1
42319,2,1
42320,1,1
42322,1,1
42323,1,1
42324,1,1
42325,1,1
42327,1,1
42329,2,1
42330,1,1
42331,1,2
42332,1,1
42333,2,2
42334,1,1
42336,1,1
42337,1,1
42338,1,1
42339,1,1
42340,1,1
42341,2,2
42343,2,1
42344,1,1
42345,1,1
42346,2,2
42347,1,1
42349,1,1
42350,1,1
42351,1,1
42352,2,2
42353,2,1
42354,1,1
42355,2,1
42356,2,1
42357,2,1
42358,1,1
42359,1,1
42360,1,1
42361,1,1
42362,1,1
42363,1,1
42364,1,1
42365,1,2
42367,1,1
42368,1,1
42369,1,1
42370,1,1
42371,1,1
42373,1,1
42374,2,2
42375,2,1
42376,2,1
42378,1,1
42380,1,1
42381,1,1
42382,2,1
42383,1,1
42384,1,1
42386,1,1
42387,1,1
42389,1,1
42390,1,1
42391,2,1
42392,1,1
42394,2,1
42395,1,1
42396,1,1
42397,1,1
42398,1,1
42399,1,1
42400,2,2
42401,1,1
42402,1,1
42403,2,2
42404,1,1
42406,1,1
42407,1,1
42408,1,2
42409,1,1
42410,1,1
42411,2,2
42412,2,1
42413,1,1
42414,1,1
42416,1,1
42417,1,1
42419,1,1
42420,2,1
42421,1,1
42422,1,1
42423,1,1
42424,2,2
42425,1,1
42426,1,1
42427,1,1
42428,2,2
42429,1,1
42430,2,1
42431,1,1
42432,2,2
42433,1,1
42434,2,2
42435,2,1
42436,1,1
42437,1,1
42438,2,2
42439,1,1
42441,1,1
42442,1,1
42443,1,1
42444,1,1
42445,1,1
42446,1,1
42447,1,1
42448,1,1
42449,1,1
42450,1,1
42451,2,2
42452,1,1
42453,2,2
42454,2,2
42455,1,1
42456,1,1
42457,2,2
42458,1,1
42459,1,1
42460,2,1
42461,2,2
42462,1,1
42463,1,1
42464,1,1
42466,2,2
42467,1,2
42468,1,1
42469,1,1
42470,2,1
42471,1,1
42472,1,1
42474,1,1
42475,1,1
42476,2,2
42477,2,2
42478,2,2
42479,1,1
42480,2,2
42481,2,1
42482,2,2
42483,1,1
42484,1,1
42485,1,1
42486,2,2
42487,1,1
42488,2,2
42489,1,1
42490,1,1
42491,1,1
42492,1,1
42494,1,1
42495,1,1
42496,1,1
42497,1,1
42498,1,1
42499,1,1
42500,2,2
42501,2,1
42502,1,1
42503,1,1
42504,2,1
42505,1,1
42506,1,2
42507,1,1
42508,1,1
42509,2,2
42511,1,1
42512,1,1
42513,1,1
42514,1,2
42515,1,1
42517,1,1
42518,1,1
42520,1,1
42521,1,1
42522,1,1
42523,1,1
42524,1,1
42525,2,2
42527,1,1
42528,1,1
42529,1,1
42530,1,1
42531,2,1
42532,1,2
42533,1,1
42535,1,1
42537,1,1
42538,2,1
42539,1,1
42540,1,1
42541,1,1
42542,2,2
42543,1,1
42544,2,1
42545,1,1
42546,1,1
42547,2,2
42548,1,1
42549,1,1
42550,1,1
42551,1,1
42552,1,1
42553,1,1
42554,1,1
42555,2,2
42558,1,1
42559,1,1
42560,2,1
42561,2,1
42562,1,1
42564,1,1
42565,2,1
42566,1,1
42567,1,1
42568,1,1
42569,1,1
42570,1,1
42571,1,1
42572,1,1
42573,1,2
42574,1,1
42575,1,2
42576,1,1
42577,1,1
42578,1,1
42579,1,1
42580,2,2
42581,2,2
42582,1,1
42583,2,1
42584,1,1
42585,1,1
42586,1,1
42587,1,1
42588,2,1
42589,1,1
42590,1,1
42592,1,1
42593,2,2
42594,1,1
42595,2,1
42596,1,1
42597,1,1
42598,1,1
42599,2,1
42600,1,1
42601,1,1
42602,1,1
42603,1,1
42604,1,1
42606,1,1
42607,1,1
42608,2,1
42609,1,1
42610,2,2
42611,1,1
42612,1,1
42613,2,2
42614,1,1
42615,1,1
42616,1,1
42617,1,2
42618,1,1
42619,2,2
42620,1,1
42621,1,1
42622,2,1
42624,1,1
42626,1,1
42627,1,1
42628,1,1
42629,1,1
42630,2,1
42631,1,1
42632,1,1
42633,1,1
42634,2,2
42636,1,1
42638,1,1
42639,2,2
42640,1,1
42641,2,1
42642,1,1
42643,1,1
42645,1,1
42646,1,1
42647,1,1
42648,1,1
42649,1,1
42650,1,1
42651,2,2
42652,1,1
42653,1,1
42654,1,1
42655,1,1
42656,1,1
42657,2,2
42658,1,1
42660,1,1
42661,1,1
42662,2,2
42663,1,1
42664,2,1
42665,2,2
42666,1,1
42667,1,1
42668,1,1
42669,1,1
42670,1,1
42671,1,1
42672,2,2
42673,1,1
42674,1,1
42675,2,2
42676,1,1
42677,1,1
42678,1,1
42679,2,1
42680,2,1
42681,1,1
42682,2,2
42683,2,1
42684,1,1
42685,1,1
42686,1,1
42687,1,1
42688,2,2
42689,2,1
42690,1,2
42691,1,1
42692,1,1
42693,1,1
42694,2,2
42695,1,1
42696,1,1
42697,1,1
42698,2,1
42699,1,1
42700,1,1
42701,1,1
42703,2,2
42704,1,1
42705,1,1
42706,2,1
42707,1,1
42708,1,1
42709,1,1
42710,1,1
42711,1,1
42712,1,1
42713,2,1
42714,1,2
42715,1,1
42716,2,2
42717,1,1
42719,1,1
42720,1,1
42723,1,1
42724,1,1
42725,1,1
42726,1,1
42727,1,1
42728,2,1
42729,1,1
42730,1,1
42731,1,1
42732,1,1
42733,1,1
42734,1,1
42735,2,2
42736,2,2
42737,1,1
42738,1,1
42739,1,1
42740,1,1
42741,1,1
42742,2,2
42743,1,1
42744,2,1
42745,1,1
42746,2,1
42747,1,1
42748,2,2
42750,1,1
42751,1,1
42752,1,1
42753,1,1
42754,1,1
42755,2,2
42756,1,1
42757,1,1
42758,1,1
42759,1,1
42760,1,1
42761,1,1
42762,1,1
42763,1,1
42764,1,1
42765,1,1
42766,1,1
42767,1,1
42768,2,2
42769,1,2
42770,1,1
42771,1,1
42772,1,1
42773,1,1
42774,2,2
42775,1,1
42776,1,1
42777,1,1
42779,1,1
42780,1,1
42781,1,1
42783,1,1
42785,1,1
42786,1,1
42787,1,1
42788,1,1
42789,1,1
42790,1,1
42791,1,1
42792,1,1
42793,2,1
42794,1,1
42795,2,1
42797,1,1
42798,1,1
42799,1,1
42800,1,1
42801,1,1
42802,1,1
42803,1,1
42804,2,2
42805,2,1
42806,1,1
42807,1,1
42808,1,1
42809,1,1
42810,1,1
42812,1,1
42813,1,1
42814,2,1
42815,1,1
42816,1,1
42817,1,1
42818,1,1
42819,2,1
42820,2,1
42821,1,1
42822,1,1
42823,1,1
42824,1,1
42825,2,1
42826,1,1
42827,1,1
42828,2,1
42829,1,1
42830,1,1
42831,1,1
42832,1,2
42833,1,1
42834,2,2
42837,1,1
42838,2,2
42839,2,1
42840,1,1
42841,1,1
42842,1,1
42843,1,2
42844,1,1
42845,1,1
42846,1,1
42847,1,1
42849,1,1
42850,2,1
42851,1,1
42852,1,1
42853,1,1
42854,1,2
42855,1,1
42856,1,1
42859,2,1
42860,1,1
42862,1,1
42863,1,1
42864,1,1
42865,1,1
42866,1,1
42867,1,1
42868,1,1
42869,1,1
42871,1,1
42872,1,1
42873,1,1
42874,1,1
42875,1,1
42876,1,1
42877,1,1
42878,1,1
42880,1,1
42881,2,2
42882,1,1
42884,1,1
42885,1,1
42886,1,1
42887,1,1
42888,2,2
42889,1,1
42890,1,1
42891,1,1
42892,1,1
42893,1,1
42894,1,1
42895,2,1
42896,1,1
42897,1,1
42898,2,2
42899,1,1
42900,1,1
42901,2,1
42902,1,1
42904,1,1
42905,1,1
42906,1,2
42907,2,2
42908,2,2
42909,1,1
42910,1,1
42911,1,1
42912,2,1
42913,1,1
42914,1,1
42915,2,2
42916,1,1
42917,1,1
42918,1,1
42919,1,1
42920,1,1
42921,1,1
42922,1,1
42923,1,1
42924,1,1
42925,2,1
42926,2,1
42927,1,1
42928,1,1
42929,1,2
42930,2,1
42931,2,1
42932,1,1
42933,2,2
42934,1,1
42935,2,1
42936,1,1
42937,1,1
42938,1,1
42939,2,1
42940,1,1
42941,2,1
42942,1,1
42944,2,1
42945,2,1
42946,1,1
42947,2,1
42948,1,1
42949,1,1
42950,1,1
42951,1,1
42952,1,1
42953,1,1
42954,1,1
42955,1,1
42956,1,1
42957,1,1
42958,2,1
42959,1,1
42960,2,2
42961,1,1
42962,1,1
42963,1,1
42964,2,1
42965,2,2
42966,1,1
42967,1,1
42968,1,1
42969,2,1
42970,1,1
42971,1,1
42972,1,1
42973,1,1
42974,1,1
42976,2,1
42977,2,1
42978,1,1
42979,1,1
42980,2,2
42981,1,1
42982,1,1
42983,1,1
42984,2,1
42985,1,1
42986,1,1
42987,1,1
42988,1,1
42989,1,1
42990,1,1
42992,1,1
42993,1,1
42994,1,1
42995,2,2
42996,1,1
42997,1,1
42999,1,1
43000,1,1
43001,1,1
43002,1,1
43003,1,1
43004,1,1
43006,1,1
43007,2,1
43008,1,1
43009,1,1
43010,2,1
43012,1,1
43013,2,1
43015,1,1
43016,1,2
43017,1,1
43018,2,1
43019,1,1
43020,1,1
43021,1,1
43022,1,1
43024,1,1
43025,1,1
43026,1,1
43027,1,1
43028,2,1
43029,1,1
43030,1,1
43031,1,2
43032,1,1
43033,1,1
43034,1,1
43036,1,2
43037,2,1
43038,1,1
43039,2,1
43040,1,1
43041,1,1
43042,1,1
43043,1,1
43044,1,1
43045,1,1
43046,1,1
43048,1,1
43049,2,2
43050,1,1
43051,2,2
43052,2,1
43053,1,1
43054,1,1
43055,1,1
43056,2,2
43057,2,1
43058,1,1
43059,1,1
43060,1,1
43061,2,1
43062,1,1
43063,2,2
43064,1,1
43065,1,1
43066,2,1
43067,1,1
43068,1,1
43069,1,1
43070,1,1
43071,1,1
43073,2,2
43074,1,1
43075,1,1
43076,1,1
43077,1,2
43079,2,2
43080,2,1
43081,1,1
43082,1,1
43083,2,2
43084,2,2
43085,1,1
43086,1,1
43087,2,2
43088,2,1
43089,2,1
43090,1,1
43091,1,1
43092,1,1
43093,2,1
43096,2,1
43097,1,1
43098,1,1
43099,2,2
43100,1,1
43101,1,1
43102,2,1
43103,2,2
43104,1,2
43105,1,1
43107,2,1
43108,2,1
43109,1,1
43110,1,1
43112,2,1
43113,1,2
43114,1,1
43116,1,1
43117,2,1
43118,2,2
43119,2,1
43120,1,1
43121,1,1
43122,1,1
43123,2,1
43124,1,1
43125,2,1
43126,1,1
43127,1,1
43128,2,2
43129,1,1
43130,2,2
43131,1,1
43132,1,1
43133,1,1
43134,2,2
43136,2,2
43137,1,1
43140,1,1
43141,1,1
43142,1,1
43143,1,1
43146,1,2
43147,1,1
43148,1,1
43149,1,1
43150,1,1
43151,1,1
43152,1,1
43153,2,1
43154,1,2
43155,2,2
43156,2,1
43157,2,2
43158,1,1
43159,2,1
43160,1,1
43161,1,1
43162,2,1
43163,1,1
43164,1,1
43166,1,1
43168,1,1
43169,1,1
43170,1,1
43171,1,1
43172,1,1
43175,1,1
43176,1,1
43177,1,1
43178,2,1
43179,2,2
43181,1,1
43182,2,2
43183,1,1
43184,1,1
43185,1,1
43186,2,1
43188,1,1
43189,2,2
43190,2,2
43192,2,2
43193,1,1
43194,2,2
43195,2,1
43196,1,1
43197,1,1
43198,1,1
43199,2,2
43200,1,1
43201,1,1
43202,1,1
43204,1,1
43205,1,2
43206,2,1
43207,1,1
43208,2,1
43209,1,1
43210,1,1
43211,1,1
43212,1,1
43214,1,1
43215,2,1
43216,1,1
43217,1,1
43218,1,1
43220,1,1
43221,1,1
43222,1,1
43223,2,2
43224,1,1
43225,1,1
43226,2,1
43227,1,1
43228,1,1
43229,1,1
43232,1,1
43234,1,1
43235,1,1
43236,2,2
43237,1,1
43240,2,2
43242,1,1
43243,1,1
43244,1,1
43245,2,1
43246,1,1
43247,1,1
43248,1,1
43249,1,1
43250,2,1
43251,1,1
43252,1,1
43253,1,1
43254,2,1
43255,1,1
43257,1,1
43258,1,1
43259,1,1
43260,1,1
43261,1,1
43262,1,1
43263,1,1
43264,1,1
43265,1,1
43266,1,1
43268,2,2
43269,2,1
43270,1,1
43271,1,1
43272,1,1
43273,1,1
43274,1,1
43275,2,1
43276,2,2
43277,1,1
43278,1,1
43279,2,1
43281,2,2
43282,1,1
43283,1,1
43285,1,1
43286,1,1
43287,1,1
43288,1,1
43289,1,1
43290,1,1
43291,1,1
43292,1,2
43293,1,1
43294,1,1
43295,1,1
43296,2,1
43297,2,1
43298,2,2
43299,1,1
43300,1,1
43302,1,1
43303,2,1
43304,1,1
43305,1,1
43306,1,1
43307,1,1
43308,2,1
43309,1,1
43310,2,1
43311,1,1
43313,1,1
43314,1,1
43315,1,1
43316,1,1
43317,2,1
43318,1,1
43319,1,1
43320,1,1
43321,2,1
43322,1,1
43323,1,1
43324,1,1
43325,1,1
43327,1,1
43328,1,1
43329,1,1
43330,1,1
43331,1,2
43332,1,1
43333,1,1
43334,1,1
43335,1,1
43336,1,1
43337,1,1
43338,1,1
43339,2,1
43340,1,1
43341,1,1
43342,1,1
43344,1,1
43345,2,2
43346,1,1
43347,1,1
43348,1,1
43349,1,1
43350,1,1
43351,1,1
43353,2,2
43354,1,1
43355,1,1
43356,1,1
43357,2,2
43358,1,1
43359,2,1
43360,2,2
43361,1,1
43362,1,1
43363,2,2
43364,1,1
43365,2,2
43366,1,1
43367,2,1
43368,2,2
43369,1,2
43370,1,1
43372,1,1
43373,1,1
43375,1,2
43376,1,1
43377,1,1
43378,1,1
43379,1,1
43381,1,1
43382,1,1
43383,1,1
43384,1,1
43385,1,1
43386,1,1
43388,2,1
43390,1,1
43391,1,1
43392,1,1
43393,2,2
43394,1,1
43395,1,1
43396,1,1
43397,2,1
43398,1,1
43399,1,1
43400,1,1
43401,2,1
43402,1,1
43403,1,1
43404,1,1
43405,1,1
43406,2,2
43407,1,2
43408,1,1
43409,2,1
43410,1,1
43411,1,1
43412,1,1
43413,1,1
43414,1,1
43415,1,1
43416,1,1
43417,1,1
43418,1,1
43419,2,2
43420,2,1
43421,1,1
43422,1,2
43423,2,1
43424,1,1
43425,1,1
43427,1,1
43428,1,1
43429,2,1
43430,1,1
43431,1,1
43432,1,1
43433,1,1
43434,1,1
43435,1,1
43436,1,1
43437,1,1
43438,1,1
43439,2,2
43440,1,1
43441,1,2
43442,1,1
43443,1,1
43444,1,1
43445,1,1
43446,2,1
43447,1,1
43448,1,1
43449,1,1
43450,1,1
43451,1,1
43452,1,1
43453,1,1
43454,2,2
43455,1,1
43456,1,1
43457,1,1
43458,1,1
43459,2,2
43460,1,1
43461,1,1
43463,1,1
43465,2,2
43466,1,1
43467,2,2
43469,1,2
43471,1,1
43472,1,1
43473,1,1
43475,1,1
43476,1,1
43477,2,1
43478,2,2
43479,2,1
43480,1,1
43481,2,2
43482,1,1
43483,2,1
43484,1,1
43485,1,1
43486,1,1
43487,1,1
43488,1,1
43489,2,2
43490,1,1
43491,2,1
43492,1,1
43493,2,1
43495,2,1
43496,2,2
43497,2,2
43498,1,1
43499,1,1
43500,1,1
43501,1,1
43502,1,1
43503,1,1
43504,2,2
43505,2,1
43506,1,1
43507,1,1
43508,2,2
43510,1,1
43511,1,1
43512,2,2
43513,1,1
43514,1,1
43515,1,1
43516,2,1
43517,1,2
43518,1,1
43519,1,1
43520,1,1
43521,1,1
43522,1,1
43523,1,1
43524,1,2
43525,1,1
43526,1,1
43527,1,1
43528,1,2
43529,1,2
43530,2,1
43531,2,2
43532,2,1
43533,1,1
43534,1,1
43536,1,1
43537,1,1
43538,1,1
43539,2,1
43540,2,2
43542,2,2
43543,2,1
43544,1,1
43545,1,1
43546,1,1
43547,1,1
43548,2,2
43549,1,1
43550,1,1
43551,1,1
43552,1,1
43553,1,1
43554,1,1
43555,2,2
43556,1,2
43557,2,1
43558,2,2
43559,1,1
43560,2,2
43561,1,1
43564,1,1
43565,1,1
43566,1,1
43567,2,2
43568,2,2
43569,1,2
43570,1,1
43571,1,2
43572,1,1
43573,1,1
43574,1,1
43575,1,1
43576,1,2
43577,1,1
43578,2,1
43579,1,1
43580,1,1
43581,1,1
43582,1,1
43583,1,1
43584,1,1
43587,1,1
43588,1,1
43589,1,1
43590,1,1
43591,1,1
43593,1,1
43596,1,1
43599,1,1
43600,1,1
43601,1,1
43602,1,1
43603,1,1
43605,2,1
43606,1,1
43607,1,1
43608,1,1
43609,2,1
43611,2,2
43612,1,1
43613,1,1
43614,1,1
43615,1,1
43616,1,1
43617,1,1
43618,1,1
43619,1,1
43621,2,1
43622,1,1
43623,1,1
43624,1,1
43625,1,1
43626,1,1
43627,1,1
43628,1,2
43629,1,1
43630,1,1
43631,1,1
43632,1,1
43633,1,1
43634,1,1
43635,1,1
43636,1,1
43637,1,1
43638,1,1
43639,1,2
43640,2,2
43641,2,1
43642,1,1
43643,1,1
43644,1,1
43645,1,1
43646,1,1
43647,1,1
43648,1,1
43649,2,2
43650,2,1
43652,1,1
43653,1,1
43654,1,1
43655,1,1
43656,1,1
43657,2,2
43658,2,2
43659,1,1
43660,1,1
43661,1,1
43662,1,1
43663,1,1
43664,1,1
43665,1,1
43666,1,1
43667,1,2
43668,1,1
43669,1,1
43670,1,1
43671,1,1
43672,2,1
43673,1,1
43674,1,1
43675,1,1
43676,2,2
43677,1,1
43678,1,1
43679,1,1
43680,2,2
43681,2,2
43682,1,1
43683,1,1
43684,1,1
43685,2,1
43686,1,1
43687,1,1
43688,1,1
43689,1,2
43690,1,1
43691,1,1
43692,2,2
43693,1,1
43695,1,1
43696,1,1
43697,1,1
43699,1,1
43700,1,1
43701,1,1
43702,1,1
43703,1,1
43704,2,2
43705,2,1
43706,1,1
43707,2,2
43708,2,1
43710,2,1
43711,1,1
43712,1,1
43713,2,2
43714,1,1
43715,1,1
43716,2,2
43717,1,1
43718,1,1
43719,1,1
43721,1,1
43722,2,2
43723,1,1
43724,2,2
43725,1,1
43726,2,2
43727,2,2
43728,1,1
43729,1,1
43730,1,1
43731,1,1
43732,1,1
43733,1,1
43734,1,1
43735,2,1
43736,1,1
43737,1,1
43738,2,1
43739,1,1
43741,1,1
43742,1,1
43743,2,1
43744,1,1
43745,1,1
43746,1,1
43747,1,1
43748,1,1
43749,2,1
43750,1,2
43751,1,1
43752,1,1
43753,2,2
43754,1,2
43755,1,1
43756,2,2
43757,1,1
43758,1,1
43759,1,1
43760,2,1
43761,1,1
43762,1,1
43763,1,1
43764,1,1
43765,1,1
43766,2,1
43767,1,1
43769,1,1
43770,1,1
43771,1,1
43772,1,1
43775,1,1
43776,1,1
43777,2,2
43778,1,2
43780,1,1
43781,1,1
43783,1,1
43784,1,1
43785,2,1
43786,1,1
43787,1,1
43788,2,1
43789,1,1
43790,1,1
43791,1,1
43792,1,1
43793,1,1
43794,1,1
43795,1,1
43796,2,2
43797,1,2
43800,1,1
43802,1,1
43803,2,2
43804,1,1
43805,1,1
43806,1,1
43807,2,1
43808,1,1
43809,1,1
43810,1,1
43812,1,1
43813,1,1
43814,1,1
43815,2,2
43816,2,1
43818,2,1
43819,2,1
43821,1,1
43822,1,1
43823,1,1
43824,2,1
43825,1,1
43826,1,1
43827,1,1
43828,1,1
43829,1,1
43830,1,1
43831,2,2
43832,1,1
43833,1,1
43834,1,1
43835,1,1
43836,2,2
43837,1,1
43838,1,1
43840,1,1
43843,1,1
43844,1,1
43845,1,1
43846,1,1
43848,1,1
43849,2,1
43850,1,1
43851,2,2
43852,1,2
43853,1,1
43856,2,1
43857,1,1
43858,2,2
43859,1,1
43861,1,2
43862,2,1
43863,1,1
43864,2,1
43865,2,1
43866,2,1
43867,1,1
43870,2,1
43871,2,1
43872,1,1
43873,2,2
43874,1,2
43875,1,1
43876,1,1
43877,2,1
43878,1,1
43879,1,1
43880,1,1
43881,1,1
43882,1,1
43883,1,1
43884,2,2
43885,1,1
43886,1,1
43887,1,1
43889,1,1
43890,2,1
43891,1,1
43892,1,1
43893,1,1
43894,1,1
43895,1,1
43897,1,2
43898,2,1
43899,1,1
43900,1,1
43901,1,1
43902,2,2
43903,1,1
43904,1,1
43905,1,1
43907,1,1
43908,1,1
43909,2,1
43910,1,1
43911,1,1
43912,2,1
43913,1,1
43914,2,2
43916,1,1
43918,2,1
43919,1,1
43920,2,1
43921,1,1
43922,1,1
43923,1,1
43924,1,1
43925,1,1
43926,1,1
43927,1,1
43928,2,1
43929,1,1
43930,2,1
43931,1,1
43932,2,1
43933,2,2
43935,1,1
43936,1,1
43937,1,1
43938,2,1
43939,1,1
43940,1,1
43941,1,1
43942,1,1
43944,1,1
43945,1,1
43946,1,2
43947,1,1
43948,1,1
43949,1,1
43950,1,1
43952,1,1
43953,1,1
43954,1,1
43955,1,1
43956,2,2
43958,1,1
43959,1,1
43960,1,1
43961,1,1
43963,1,1
43964,1,1
43965,1,1
43966,1,1
43967,1,1
43968,1,1
43969,1,1
43970,1,1
43971,1,1
43972,1,1
43973,1,1
43974,1,2
43975,1,1
43976,1,1
43978,1,1
43979,1,1
43980,1,1
43981,1,1
43982,2,1
43984,2,2
43986,1,1
43987,1,1
43988,1,1
43989,1,1
43990,1,1
43991,1,1
43992,1,1
43993,1,1
43994,1,1
43996,1,1
43997,1,1
43998,1,1
43999,1,1
44001,1,1
44002,1,1
44003,1,1
44005,1,2
44007,1,1
44008,2,2
44009,1,1
44010,1,1
44012,1,1
44013,1,1
44014,1,1
44016,2,1
44017,1,1
44018,1,1
44020,1,1
44021,1,1
44022,1,1
44023,1,1
44024,1,1
44025,1,1
44026,1,1
44028,1,1
44029,1,2
44030,1,1
44031,1,1
44032,1,1
44033,1,1
44035,1,1
44036,1,1
44037,1,1
44038,2,2
44039,1,1
44040,1,1
44041,1,1
44042,1,1
44043,2,1
44044,1,1
44045,1,1
44046,1,1
44047,1,1
44048,1,1
44049,2,1
44050,1,1
44051,2,1
44052,1,1
44053,1,1
44054,1,1
44055,1,1
44057,1,1
44058,2,1
44059,1,1
44060,1,1
44061,1,1
44062,1,1
44063,1,1
44064,1,1
44065,1,1
44066,1,1
44067,1,1
44069,1,1
44070,1,1
44071,1,1
44072,2,2
44073,1,1
44075,1,1
44076,1,1
44077,1,1
44078,2,2
44079,2,1
44082,1,1
44083,1,1
44084,2,2
44085,1,1
44086,2,1
44088,1,1
44089,1,1
44090,1,1
44091,2,1
44092,1,1
44093,1,1
44095,1,1
44097,2,2
44098,1,1
44099,1,1
44100,1,1
44101,1,2
44103,1,1
44104,2,1
44105,2,1
44106,2,1
44107,1,1
44108,1,1
44109,1,1
44110,2,1
44111,2,1
44112,2,1
44114,1,1
44116,1,1
44117,1,1
44118,1,1
44119,1,1
44120,1,1
44121,1,1
44122,1,1
44123,2,2
44124,1,1
44125,1,1
44126,1,1
44127,1,1
44128,1,1
44130,1,1
44131,1,1
44132,1,1
44133,2,1
44134,2,2
44135,1,1
44136,1,1
44137,1,1
44138,1,2
44140,1,1
44141,1,1
44143,2,1
44144,2,2
44146,1,1
44147,1,2
44148,1,1
44149,2,2
44151,2,2
44152,1,1
44153,1,1
44154,1,1
44155,1,1
44156,1,1
44157,1,1
44158,1,1
44159,2,1
44160,2,1
44161,1,1
44162,2,2
44163,1,1
44164,1,1
44165,1,1
44166,1,1
44167,1,1
44168,1,1
44169,2,1
44170,1,1
44172,1,1
44173,1,1
44174,1,1
44175,1,1
44176,1,1
44177,1,1
44178,2,1
44179,2,2
44180,1,1
44181,1,1
44182,1,1
44183,1,1
44184,1,1
44186,1,1
44187,2,2
44189,1,1
44190,2,2
44191,1,1
44192,1,1
44193,1,1
44194,2,1
44195,1,1
44196,1,1
44197,1,1
44198,1,1
44199,1,1
44200,1,1
44201,1,1
44203,1,1
44204,1,1
44205,2,1
44206,1,1
44207,1,1
44208,2,2
44209,1,1
44210,1,1
44212,1,1
44213,1,1
44214,2,2
44215,1,1
44216,2,1
44217,1,1
44218,2,2
44219,1,1
44220,2,2
44221,1,1
44222,1,1
44223,1,1
44224,2,2
44226,2,2
44227,2,2
44228,1,1
44229,2,2
44230,1,1
44231,1,1
44232,1,1
44233,1,1
44234,1,1
44235,1,1
44236,2,2
44237,1,1
44238,1,1
44239,1,1
44240,1,1
44241,1,1
44242,2,1
44243,1,1
44244,1,1
44245,1,1
44246,1,1
44247,1,1
44248,1,1
44249,1,1
44250,2,1
44251,1,1
44252,1,1
44253,1,1
44254,1,1
44255,1,1
44257,1,1
44258,1,1
44259,1,1
44260,1,1
44261,1,1
44262,1,1
44263,2,1
44264,1,1
44266,1,1
44267,1,1
44268,1,1
44269,1,1
44270,1,1
44271,1,1
44272,1,1
44273,1,1
44275,1,1
44276,2,2
44277,1,1
44278,1,1
44279,1,1
44281,1,1
44282,1,1
44283,1,1
44284,1,1
44285,1,1
44286,2,1
44287,1,1
44288,2,2
44289,1,1
44290,1,1
44291,1,1
44292,2,2
44293,1,1
44294,1,1
44295,1,1
44296,1,1
44297,1,1
44298,1,1
44299,1,1
44300,1,1
44301,1,1
44302,2,1
44304,1,2
44305,1,1
44307,2,1
44308,1,1
44309,2,2
44311,1,1
44312,1,1
44313,1,1
44314,1,1
44315,1,1
44316,1,1
44317,1,1
44318,2,1
44319,1,1
44320,1,1
44321,1,1
44322,1,1
44323,1,1
44324,1,1
44325,1,1
44326,2,2
44327,1,1
44328,1,1
44329,1,1
44330,1,2
44331,1,1
44332,2,1
44333,1,1
44334,1,1
44335,1,1
44336,2,2
44337,1,1
44338,2,2
44339,1,1
44340,1,1
44341,2,2
44343,1,1
44344,1,1
44346,1,1
44347,1,1
44348,1,1
44349,1,1
44350,1,1
44351,2,1
44352,2,2
44354,2,2
44355,1,1
44356,1,1
44357,2,1
44358,2,1
44359,1,1
44360,1,1
44363,1,1
44364,1,1
44365,2,2
44366,1,1
44367,1,1
44368,1,1
44369,1,1
44370,1,1
44371,1,1
44372,1,1
44374,1,1
44375,1,1
44376,1,1
44378,1,1
44379,1,2
44380,2,1
44381,1,1
44382,2,1
44383,1,1
44384,2,1
44385,1,1
44386,1,1
44388,2,2
44389,1,1
44390,1,1
44391,1,1
44392,1,1
44393,1,2
44394,1,1
44395,1,1
44396,1,1
44397,1,1
44398,2,2
44399,1,1
44400,2,2
44401,2,1
44402,1,1
44403,1,1
44404,1,1
44405,1,1
44406,2,2
44407,1,1
44408,2,1
44409,1,1
44410,1,1
44411,2,1
44412,1,1
44413,1,1
44414,1,1
44415,2,1
44416,2,2
44417,1,1
44418,2,2
44419,1,1
44420,1,1
44421,1,1
44422,1,1
44424,1,1
44425,1,2
44426,1,1
44427,1,1
44428,1,1
44430,1,1
44431,2,1
44432,1,1
44434,2,1
44435,1,1
44436,2,1
44437,1,1
44438,2,2
44439,1,2
44440,1,1
44442,1,1
44443,1,1
44444,1,1
44445,1,1
44447,1,1
44448,1,1
44449,2,1
44450,1,1
44451,1,1
44452,2,1
44454,1,1
44455,1,1
44460,2,1
44461,1,1
44462,2,2
44463,1,1
44464,1,1
44466,1,1
44467,1,1
44468,1,1
44469,1,1
44470,2,2
44471,1,1
44472,1,1
44473,1,1
44474,1,1
44475,1,1
44477,2,2
44478,2,2
44479,1,1
44481,1,1
44482,1,1
44483,1,1
44484,1,1
44485,1,2
44486,1,1
44487,1,1
44488,1,1
44489,2,2
44490,1,1
44491,1,1
44492,1,1
44493,1,1
44494,2,2
44495,1,1
44496,2,2
44497,1,1
44498,2,1
44499,1,1
44501,1,1
44502,1,1
44503,2,1
44504,1,1
44505,1,2
44506,1,1
44507,1,1
44508,1,1
44509,2,2
44510,1,1
44511,1,1
44512,1,1
44513,1,1
44514,1,1
44515,1,1
44516,1,1
44517,1,1
44518,1,1
44519,2,2
44520,1,1
44521,1,1
44522,1,1
44523,2,2
44524,1,1
44525,1,1
44526,1,2
44527,1,1
44529,1,1
44530,1,1
44531,1,1
44532,1,2
44533,1,1
44535,1,1
44536,1,1
44537,1,1
44538,2,2
44539,1,1
44540,1,1
44541,2,1
44542,1,1
44543,1,1
44544,2,1
44545,1,1
44546,1,1
44548,1,2
44549,1,1
44550,1,1
44551,1,1
44552,1,2
44553,1,2
44554,1,1
44555,1,1
44556,1,1
44557,1,1
44558,1,1
44559,1,1
44561,2,1
44562,1,1
44564,2,1
44565,1,2
44566,2,2
44567,1,1
44568,1,1
44569,2,1
44570,2,2
44571,1,1
44572,1,1
44573,1,1
44574,1,1
44575,1,1
44576,1,1
44577,2,2
44578,1,1
44579,1,1
44580,1,1
44581,1,1
44582,1,1
44583,1,1
44584,1,1
44586,2,1
44587,1,1
44588,1,1
44589,2,1
44590,1,1
44591,1,1
44592,1,1
44593,1,1
44594,1,1
44595,1,1
44596,1,1
44597,2,2
44598,1,2
44599,1,1
44600,2,2
44601,1,1
44602,1,1
44603,2,1
44604,1,1
44606,1,1
44607,1,1
44609,1,1
44610,1,1
44611,1,1
44612,1,1
44613,1,1
44614,1,2
44615,1,1
44617,1,1
44618,1,1
44620,2,1
44622,1,1
44623,2,1
44624,1,1
44626,1,1
44627,1,1
44628,1,1
44629,2,2
44630,1,1
44631,1,1
44632,1,1
44633,1,1
44635,1,1
44636,1,2
44637,1,1
44639,1,1
44640,2,2
44641,2,1
44643,2,1
44644,1,1
44645,1,1
44646,2,1
44647,1,1
44649,1,1
44650,1,1
44651,1,1
44652,1,1
44653,1,1
44654,2,1
44655,1,1
44656,1,1
44657,2,1
44658,1,1
44659,1,1
44660,1,1
44661,1,1
44663,1,1
44664,2,1
44665,1,1
44666,1,1
44667,1,1
44668,1,1
44669,1,1
44670,2,1
44671,1,1
44672,2,2
44673,1,1
44674,1,1
44675,1,1
44676,1,1
44677,2,1
44678,2,1
44679,1,1
44680,2,1
44681,1,1
44682,1,1
44683,1,1
44686,2,2
44687,1,1
44688,2,2
44689,1,1
44690,1,1
44691,1,1
44693,1,1
44694,2,2
44695,1,1
44696,1,1
44697,2,2
44698,1,1
44699,2,1
44700,2,1
44701,1,1
44703,1,1
44704,2,2
44705,1,1
44706,1,1
44707,1,2
44708,2,1
44709,1,1
44710,1,2
44712,2,2
44713,2,2
44714,1,1
44715,2,1
44716,1,1
44717,1,1
44718,2,1
44719,1,1
44720,2,1
44721,1,1
44722,1,1
44723,1,1
44724,1,1
44725,1,1
44726,1,1
44727,2,1
44728,1,1
44729,1,1
44730,1,1
44731,1,1
44732,1,1
44733,2,1
44734,1,1
44735,2,1
44737,1,1
44739,1,1
44740,1,1
44741,1,2
44742,1,1
44743,1,1
44744,1,1
44745,1,1
44746,1,1
44747,1,1
44748,1,1
44749,1,2
44750,1,1
44751,1,1
44752,1,2
44753,2,1
44755,1,1
44756,1,1
44757,2,1
44758,1,1
44759,2,1
44760,1,1
44761,1,1
44763,1,1
44764,1,1
44765,1,1
44767,1,1
44768,1,1
44769,1,1
44770,2,1
44772,2,2
44773,1,1
44774,1,1
44775,1,1
44776,2,1
44777,1,1
44778,2,1
44779,1,1
44780,1,1
44781,1,1
44782,2,1
44783,2,2
44784,1,1
44785,2,2
44786,2,1
44788,2,1
44789,1,1
44790,1,1
44791,1,1
44792,1,1
44793,2,1
44794,1,1
44795,2,1
44796,1,1
44798,1,1
44799,1,1
44800,1,2
44801,1,1
44802,1,1
44803,1,1
44805,1,1
44806,1,1
44807,1,1
44808,2,2
44809,1,1
44810,1,1
44811,1,1
44812,2,2
44813,1,1
44814,1,1
44815,1,1
44816,1,2
44817,1,1
44818,1,1
44819,2,1
44821,1,2
44822,1,2
44823,2,1
44824,1,1
44825,1,1
44826,1,1
44827,1,1
44828,2,2
44829,2,2
44830,1,1
44831,1,1
44832,1,1
44833,1,1
44835,2,1
44836,1,1
44837,1,1
44838,2,1
44839,1,1
44840,2,2
44841,2,1
44842,1,1
44843,2,1
44844,1,1
44845,1,2
44846,1,1
44847,1,1
44848,1,1
44849,1,1
44851,1,1
44852,2,2
44854,1,1
44856,1,1
44858,1,1
44859,1,1
44860,2,1
44861,1,1
44862,1,1
44863,1,1
44865,1,1
44866,1,1
44867,1,1
44868,1,1
44869,1,1
44870,2,1
44871,1,1
44872,1,1
44873,1,1
44874,2,1
44875,1,1
44876,1,1
44877,1,1
44878,1,1
44879,2,1
44881,1,1
44882,1,1
44883,1,1
44884,1,1
44885,2,1
44886,1,1
44887,1,1
44888,1,1
44890,1,1
44891,1,1
44892,2,1
44893,1,1
44894,2,2
44895,1,1
44897,1,1
44898,1,1
44899,2,2
44900,1,1
44901,1,1
44902,1,1
44903,1,1
44904,1,2
44905,1,1
44906,1,1
44907,1,1
44908,2,1
44909,1,1
44910,1,1
44911,1,1
44912,1,1
44913,2,1
44914,1,1
44916,1,1
44917,1,1
44918,1,1
44919,1,1
44920,1,1
44921,1,1
44922,1,1
44923,1,1
44924,1,1
44925,1,1
44926,1,1
44927,2,1
44928,1,1
44929,1,1
44930,1,1
44933,1,1
44934,1,1
44935,1,1
44936,1,1
44937,1,1
44938,1,1
44939,1,1
44940,1,1
44941,1,1
44942,1,1
44943,2,2
44944,1,2
44945,1,1
44946,2,2
44947,1,1
44948,1,1
44949,1,1
44950,1,1
44952,2,2
44953,1,1
44954,2,2
44955,2,1
44956,1,1
44957,1,1
44958,1,1
44959,1,1
44960,1,1
44962,2,2
44963,1,1
44964,1,1
44965,1,1
44966,1,1
44967,1,1
44968,1,1
44969,1,1
44971,1,1
44972,1,1
44973,1,1
44974,1,1
44975,1,1
44976,1,1
44977,2,1
44978,2,2
44979,1,1
44980,1,1
44981,1,1
44982,1,1
44984,2,2
44985,1,1
44986,1,1
44987,1,1
44988,2,1
44989,1,1
44990,2,1
44991,1,1
44992,1,1
44993,2,1
44994,1,1
44995,1,1
44996,2,2
44997,1,1
44998,2,2
45000,1,1
45001,1,1
45002,2,1
45003,1,1
45005,1,1
45006,1,1
45007,1,1
45008,2,1
45009,1,1
45010,1,1
45011,2,1
45012,1,1
45013,1,1
45014,2,2
45016,1,2
45017,1,1
45018,2,2
45019,2,2
45020,1,1
45021,2,2
45022,2,1
45023,2,1
45024,2,1
45027,2,1
45028,1,1
45029,1,1
45030,2,2
45031,1,1
45032,1,1
45033,1,1
45034,1,1
45035,2,2
45036,1,1
45037,1,1
45038,1,1
45040,1,1
45041,1,1
45042,2,1
45044,1,1
45045,1,1
45046,2,1
45047,2,1
45049,1,1
45052,1,1
45053,2,1
45054,1,1
45055,2,2
45057,1,1
45058,1,1
45059,2,2
45060,1,1
45061,1,1
45062,1,1
45063,1,1
45064,1,1
45065,1,1
45066,1,1
45067,1,1
45068,1,1
45069,2,1
45070,1,1
45071,1,1
45072,1,1
45073,1,1
45074,2,1
45075,1,1
45076,1,1
45078,1,1
45081,2,1
45082,1,1
45084,1,1
45085,2,1
45086,1,1
45087,1,1
45088,2,1
45089,2,2
45090,1,1
45092,1,1
45093,1,1
45094,2,1
45095,2,1
45096,2,1
45097,1,1
45098,1,1
45099,2,1
45100,2,1
45101,2,2
45102,1,1
45104,1,1
45105,1,1
45106,1,1
45107,1,1
45108,2,2
45109,1,1
45110,1,1
45112,2,1
45113,2,1
45114,1,1
45115,1,1
45116,1,1
45117,1,1
45118,1,1
45119,1,1
45120,1,1
45121,1,1
45122,1,1
45123,1,1
45124,1,1
45125,1,1
45127,1,1
45128,1,1
45129,1,1
45130,2,1
45131,2,1
45132,1,1
45133,1,1
45134,1,1
45135,1,2
45136,2,1
45137,1,1
45138,1,1
45139,1,1
45141,1,1
45142,1,1
45143,1,1
45144,1,1
45145,1,1
45146,1,1
45147,1,1
45148,1,2
45149,1,1
45150,1,1
45151,1,1
45152,1,1
45153,1,1
45154,1,1
45155,1,1
45156,1,1
45157,1,1
45158,1,1
45159,1,1
45160,1,1
45161,2,2
45162,1,1
45163,1,1
45164,1,1
45165,1,1
45166,2,1
45168,1,1
45170,1,2
45171,1,1
45172,1,1
45173,1,1
45175,1,1
45178,2,2
45179,2,1
45180,1,1
45181,1,1
45182,2,2
45183,2,2
45184,2,2
45185,1,1
45186,1,1
45187,1,1
45188,1,1
45189,1,1
45190,2,2
45191,1,1
45192,1,1
45193,2,2
45194,2,1
45195,1,1
45196,1,1
45197,2,2
45198,1,2
45199,1,1
45200,1,1
45201,2,1
45202,1,1
45203,1,1
45204,1,1
45205,1,1
45206,1,1
45207,1,1
45208,1,1
45209,1,1
45210,1,1
45211,1,1
45212,1,1
45213,2,2
45214,1,1
45215,1,1
45216,1,1
45217,1,1
45218,1,1
45219,1,1
45220,1,1
45221,1,1
45222,1,1
45223,1,1
45225,1,1
45226,1,1
45227,2,2
45228,2,1
45229,1,1
45230,2,2
45231,1,1
45232,1,1
45233,1,1
45234,1,1
45235,1,1
45236,1,1
45237,2,1
45239,1,1
45240,1,1
45241,1,1
45243,1,1
45244,2,2
45245,2,2
45246,1,1
45247,1,1
45248,2,2
45249,1,1
45250,1,1
45251,1,1
45252,1,1
45253,2,1
45254,1,1
45255,1,2
45256,2,1
45257,1,1
45258,1,1
45260,2,2
45261,1,1
45263,1,1
45264,2,2
45265,1,1
45266,1,1
45267,1,1
45268,1,1
45269,1,1
45270,1,1
45271,1,1
45272,2,1
45273,1,1
45274,2,2
45275,1,2
45276,1,1
45277,1,1
45278,1,1
45279,2,1
45280,2,2
45282,1,1
45283,2,2
45284,1,1
45285,1,1
45286,1,1
45287,1,1
45288,1,1
45289,2,1
45290,2,2
45292,1,1
45293,1,2
45294,2,1
45295,2,1
45296,1,1
45297,2,1
45298,1,1
45299,1,1
45301,1,1
45302,1,1
45303,1,1
45304,1,1
45305,2,1
45306,1,1
45308,2,1
45309,1,1
45310,1,1
45311,1,1
45312,1,1
45313,1,1
45314,1,1
45315,2,2
45316,1,1
45317,1,1
45318,1,1
45319,1,1
45320,2,1
45321,1,2
45322,2,1
45323,2,1
45324,1,1
45325,2,2
45327,2,2
45328,1,1
45329,1,1
45331,1,1
45332,1,2
45333,1,1
45334,1,1
45335,1,1
45336,1,2
45337,2,2
45338,1,1
45339,1,1
45340,1,1
45341,1,1
45342,1,1
45343,1,1
45344,1,1
45345,2,1
45347,1,1
45349,1,1
45350,1,1
45351,1,1
45352,1,1
45353,1,1
45354,1,1
45355,1,1
45356,1,1
45357,1,1
45358,2,1
45359,1,1
45360,1,1
45361,1,1
45362,1,1
45364,1,2
45365,1,1
45366,2,1
45367,2,1
45368,1,1
45369,2,1
45370,1,1
45371,1,1
45372,1,1
45373,1,1
45374,1,1
45375,1,1
45376,1,1
45377,1,1
45379,1,1
45380,2,2
45382,2,2
45383,1,1
45384,1,1
45385,2,1
45386,1,1
45387,1,1
45388,1,1
45389,1,1
45390,1,1
45391,1,1
45392,2,2
45393,2,2
45394,2,1
45395,1,1
45396,1,1
45398,1,1
45399,1,1
45400,1,1
45401,2,1
45402,2,2
45403,1,1
45405,1,1
45406,1,1
45407,1,1
45408,1,1
45409,1,1
45410,1,1
45411,1,1
45412,1,1
45413,1,1
45414,2,1
45415,1,1
45416,1,1
45417,1,1
45418,1,1
45419,1,1
45420,1,1
45421,1,1
45422,1,1
45423,2,1
45424,1,1
45427,2,1
45428,1,1
45429,1,1
45430,1,1
45431,1,1
45432,2,1
45433,1,1
45434,1,1
45435,2,1
45436,2,1
45437,1,1
45438,1,1
45440,1,1
45441,2,2
45442,1,1
45443,1,1
45445,1,1
45446,1,1
45447,1,1
45448,1,1
45449,1,1
45450,1,1
45451,1,1
45452,1,1
45453,1,1
45455,1,1
45456,2,1
45457,1,1
45458,1,2
45459,1,1
45460,2,2
45461,1,1
45463,1,1
45464,2,1
45465,1,1
45466,1,1
45467,1,1
45468,1,1
45469,1,1
45470,2,1
45471,1,1
45472,1,1
45473,2,1
45474,1,1
45475,1,1
45476,1,1
45477,1,1
45478,2,1
45480,1,1
45481,1,1
45482,1,1
45483,1,1
45484,2,2
45485,2,2
45486,1,1
45487,1,1
45488,1,1
45489,2,1
45490,1,1
45491,2,2
45492,1,1
45493,1,1
45494,1,1
45495,1,1
45496,1,1
45497,1,1
45498,2,2
45499,1,1
45500,1,1
45501,1,2
45502,2,1
45503,1,1
45504,1,1
45505,2,2
45506,1,1
45507,1,1
45508,2,1
45509,1,1
45511,1,1
45512,1,1
45513,1,1
45514,1,1
45515,1,1
45516,1,1
45517,1,2
45518,1,1
45519,1,1
45520,2,1
45521,2,1
45522,1,1
45523,1,2
45524,1,1
45525,1,1
45526,2,1
45527,2,1
45528,1,1
45529,2,1
45530,1,1
45531,1,2
45532,1,1
45533,2,1
45534,1,1
45535,1,1
45536,1,1
45537,1,1
45539,1,1
45540,1,1
45541,1,1
45542,2,2
45543,2,1
45544,2,2
45545,1,1
45546,2,2
45548,1,1
45549,2,1
45550,1,1
45551,1,2
45552,1,1
45553,1,1
45554,1,1
45555,1,1
45556,2,2
45557,1,1
45558,1,1
45559,1,1
45560,1,1
45561,2,2
45563,1,1
45564,1,1
45566,1,1
45567,1,1
45568,1,2
45569,1,1
45570,1,1
45571,1,1
45572,1,1
45573,2,2
45574,2,2
45575,1,1
45576,1,1
45577,1,1
45578,1,1
45579,1,1
45580,1,1
45581,1,1
45582,1,1
45584,1,1
45585,1,1
45587,1,1
45588,1,1
45589,2,1
45590,1,1
45591,1,1
45592,1,1
45593,1,1
45594,2,1
45596,1,1
45597,1,1
45599,1,1
45600,2,1
45601,1,1
45602,1,1
45603,1,1
45604,2,2
45605,1,1
45606,1,1
45608,1,1
45609,1,1
45610,1,1
45611,2,1
45612,1,1
45613,1,1
45614,1,1
45615,2,2
45616,1,1
45617,1,1
45618,1,1
45619,1,1
45620,1,1
45622,2,2
45623,1,1
45624,2,1
45625,1,1
45626,1,1
45627,1,2
45628,1,1
45630,1,2
45631,2,1
45632,1,1
45633,2,1
45635,2,1
45636,2,2
45637,1,1
45638,1,2
45639,1,1
45640,1,1
45641,1,1
45642,1,1
45643,1,1
45644,1,1
45645,2,2
45646,1,1
45647,1,1
45648,1,1
45649,1,1
45650,2,2
45651,1,1
45652,1,1
45653,2,1
45654,1,1
45656,1,1
45657,1,1
45658,2,2
45659,1,1
45660,1,1
45661,1,1
45662,2,1
45663,2,2
45665,1,1
45666,1,2
45667,1,1
45668,1,1
45669,2,1
45670,1,1
45672,1,1
45673,1,1
45675,1,1
45676,1,1
45677,2,2
45678,2,2
45679,2,2
45680,1,1
45681,1,1
45682,1,1
45683,1,1
45685,1,1
45686,2,1
45687,2,1
45688,1,1
45690,1,1
45691,1,1
45692,1,1
45693,1,1
45694,1,1
45695,1,1
45696,1,2
45697,1,1
45698,1,2
45699,1,1
45700,2,1
45701,1,1
45702,1,1
45703,1,1
45704,1,1
45705,2,1
45706,1,1
45707,1,1
45708,1,1
45709,2,2
45710,2,2
45712,2,1
45713,1,1
45716,1,1
45717,1,1
45718,2,1
45719,1,1
45720,1,1
45721,1,1
45722,2,2
45723,1,2
45724,1,1
45725,1,1
45726,2,2
45727,1,1
45728,1,1
45729,1,1
45730,1,1
45731,1,1
45732,1,1
45733,1,1
45734,1,1
45735,1,1
45736,2,2
45737,2,1
45738,1,1
45740,1,1
45742,2,2
45744,1,1
45745,2,1
45746,2,2
45747,1,1
45748,1,1
45749,1,1
45750,1,1
45751,1,1
45752,2,2
45753,2,1
45754,1,1
45755,2,1
45756,1,1
45757,1,1
45758,1,1
45759,1,1
45760,2,2
45761,1,1
45762,1,1
45763,1,1
45764,1,1
45765,2,1
45766,1,1
45767,2,1
45768,1,1
45769,1,1
45771,1,1
45773,1,1
45774,2,1
45775,1,1
45776,1,1
45777,2,1
45778,2,1
45779,2,1
45781,2,1
45782,1,1
45783,1,1
45784,1,1
45785,1,1
45786,1,1
45787,1,1
45788,2,2
45789,1,1
45790,2,1
45791,1,1
45792,2,2
45793,1,1
45794,2,1
45795,1,1
45796,1,1
45797,1,1
45798,1,1
45799,1,1
45800,1,1
45801,1,1
45802,1,1
45804,1,1
45805,1,1
45806,1,1
45807,1,1
45808,2,1
45809,1,1
45811,2,2
45812,2,2
45813,1,1
45814,1,1
45815,1,2
45816,1,2
45817,1,1
45818,1,1
45819,1,1
45820,1,1
45822,2,1
45824,1,1
45825,1,1
45826,1,1
45828,2,2
45829,2,2
45830,2,1
45832,1,2
45833,2,1
45834,1,1
45835,2,2
45836,1,1
45838,1,1
45839,1,1
45840,1,1
45841,2,1
45842,1,1
45843,1,1
45844,1,1
45845,2,1
45846,1,1
45847,1,1
45848,1,1
45849,1,1
45850,1,1
45851,1,1
45852,1,1
45853,1,1
45854,2,2
45855,1,1
45856,1,1
45857,1,1
45858,1,1
45859,1,1
45860,1,1
45861,1,1
45862,2,2
45863,1,1
45864,1,2
45865,2,1
45866,2,2
45867,1,1
45868,1,1
45869,1,1
45871,2,2
45872,1,1
45873,1,1
45874,1,1
45875,1,1
45876,1,1
45877,1,1
45878,2,1
45879,1,2
45880,1,1
45881,1,1
45882,1,1
45883,1,1
45884,2,2
45885,2,1
45886,1,1
45887,1,2
45888,2,1
45889,2,2
45890,2,1
45891,2,2
45892,1,1
45893,1,1
45894,1,1
45895,1,1
45897,1,1
45898,1,1
45899,1,1
45900,1,1
45901,1,1
45902,1,1
45903,1,1
45904,1,1
45905,1,1
45907,2,1
45908,1,1
45910,1,1
45911,1,1
45912,1,2
45913,1,1
45914,1,1
45915,2,2
45916,1,1
45917,1,1
45919,2,2
45920,1,1
45921,2,2
45922,1,1
45923,1,1
45924,1,1
45925,1,1
45926,1,1
45927,2,1
45928,1,1
45929,2,2
45931,1,1
45932,2,2
45934,1,1
45935,2,1
45936,2,2
45937,2,1
45938,2,2
45939,1,1
45940,1,1
45941,2,1
45943,1,1
45944,1,1
45945,2,2
45947,2,2
45948,1,1
45949,2,1
45950,2,1
45951,1,1
45952,1,1
45953,1,1
45954,1,1
45955,1,1
45956,1,1
45957,1,1
45958,1,1
45959,1,1
45960,1,1
45961,1,1
45962,1,1
45963,2,2
45964,1,1
45965,2,2
45966,1,1
45967,1,1
45968,1,1
45969,2,2
45970,2,2
45971,1,1
45972,1,2
45973,1,1
45974,2,1
45975,1,1
45976,1,2
45977,1,1
45978,1,1
45979,1,1
45980,1,1
45981,2,2
45983,1,1
45984,1,1
45986,1,2
45987,1,2
45988,1,1
45989,1,1
45990,1,1
45991,1,1
45992,2,1
45993,1,1
45994,1,1
45995,1,1
45996,1,1
45997,1,1
45998,1,1
45999,1,1
46000,1,1
46001,2,2
46003,2,1
46004,1,1
46005,2,2
46006,2,1
46008,1,1
46010,1,1
46011,1,1
46012,1,1
46013,1,1
46015,2,2
46017,1,1
46019,1,1
46020,1,1
46022,1,1
46023,2,2
46024,1,1
46025,2,2
46026,1,1
46027,1,1
46028,1,1
46029,1,1
46030,1,1
46031,1,1
46032,1,1
46033,1,1
46034,1,1
46035,1,1
46036,1,1
46037,1,1
46038,1,1
46039,1,1
46040,1,2
46041,2,1
46042,2,1
46043,1,1
46044,1,1
46045,1,1
46046,1,1
46048,1,1
46049,1,1
46050,1,1
46051,2,1
46052,1,1
46053,1,1
46054,1,1
46056,1,2
46057,1,1
46058,1,1
46059,1,1
46060,1,1
46061,2,2
46062,1,1
46063,1,1
46064,1,1
46065,2,2
46066,1,1
46068,1,1
46069,1,1
46070,1,1
46071,1,1
46072,1,1
46073,1,1
46074,1,1
46075,1,1
46076,1,1
46077,1,1
46078,2,1
46080,1,1
46081,1,1
46082,1,1
46083,1,1
46084,2,2
46085,2,1
46086,1,1
46087,1,1
46088,2,1
46089,1,1
46090,1,1
46091,1,1
46092,1,1
46093,1,1
46094,2,1
46095,1,1
46096,2,1
46097,1,1
46099,2,1
46100,1,1
46101,2,2
46102,2,2
46103,1,1
46104,1,1
46105,1,1
46106,2,1
46107,1,1
46109,1,1
46110,1,1
46112,1,1
46113,1,1
46114,2,1
46116,2,2
46118,1,1
46119,1,1
46120,2,2
46121,2,1
46122,2,1
46123,1,1
46124,1,1
46125,1,1
46126,1,1
46127,1,1
46128,1,1
46129,1,1
46130,2,2
46132,2,1
46133,1,1
46134,2,1
46135,2,2
46136,1,1
46137,2,1
46138,1,1
46139,1,1
46140,2,2
46142,2,1
46143,1,1
46144,2,1
46145,2,1
46146,2,1
46147,1,1
46148,1,1
46149,1,1
46150,2,2
46154,1,1
46155,1,1
46157,1,1
46158,1,1
46159,2,1
46160,1,1
46161,1,1
46162,1,1
46163,1,1
46164,1,1
46165,1,1
46166,1,1
46167,1,1
46168,1,1
46169,1,1
46170,1,1
46171,1,1
46174,1,1
46175,2,2
46176,2,1
46177,1,1
46178,1,2
46180,1,2
46181,1,1
46182,1,1
46183,2,1
46184,1,1
46185,2,2
46186,1,1
46188,2,1
46189,1,1
46190,1,1
46191,1,1
46192,2,2
46193,1,1
46194,1,1
46195,1,1
46196,2,2
46197,1,1
46198,1,1
46199,2,1
46200,1,1
46201,1,1
46202,1,1
46203,1,1
46204,1,1
46205,2,2
46206,1,1
46207,1,1
46208,1,1
46209,2,2
46210,1,1
46211,1,1
46212,1,1
46213,1,1
46215,1,1
46216,1,1
46217,1,1
46218,1,1
46219,2,1
46220,1,1
46221,1,1
46222,1,1
46223,1,1
46224,2,2
46226,2,2
46227,1,1
46228,2,1
46229,1,1
46230,2,1
46231,1,1
46232,1,1
46233,2,1
46234,1,1
46235,1,1
46236,2,1
46237,1,1
46238,1,1
46239,1,1
46241,2,2
46242,1,1
46243,1,1
46244,1,1
46246,1,1
46248,1,1
46249,1,1
46250,2,1
46251,1,1
46252,2,1
46253,1,1
46254,1,1
46255,1,1
46256,1,1
46257,1,1
46258,1,1
46259,1,1
46261,2,1
46262,2,2
46263,1,1
46264,2,1
46265,1,1
46266,2,2
46267,1,1
46269,2,1
46270,1,1
46271,1,1
46272,1,1
46273,1,1
46274,2,1
46275,1,2
46276,2,1
46278,2,2
46279,1,1
46280,1,1
46282,2,1
46284,1,1
46285,1,1
46287,1,1
46288,1,1
46289,2,2
46290,1,1
46291,2,2
46293,1,1
46294,1,1
46295,2,2
46296,1,1
46297,2,2
46299,2,1
46300,1,1
46301,2,2
46302,1,1
46304,1,1
46305,2,1
46306,2,1
46307,1,1
46308,2,1
46309,2,2
46310,1,1
46311,1,1
46312,1,1
46313,1,1
46315,1,1
46316,1,1
46317,1,1
46318,1,2
46319,1,1
46320,2,1
46321,1,1
46322,1,1
46324,1,1
46325,2,1
46327,1,1
46328,2,1
46330,1,1
46331,1,1
46332,1,1
46333,2,2
46334,1,1
46335,1,1
46336,1,1
46337,1,1
46340,1,1
46341,2,1
46343,1,1
46345,2,1
46347,1,1
46348,2,1
46349,1,1
46351,2,1
46352,1,1
46353,1,1
46354,1,1
46355,1,1
46356,2,2
46357,1,1
46358,1,2
46359,2,2
46360,1,1
46361,1,1
46362,1,1
46363,1,1
46364,1,1
46365,1,1
46366,1,1
46367,1,1
46368,1,1
46369,1,1
46370,1,1
46371,2,2
46372,1,1
46373,1,1
46374,1,1
46376,2,1
46377,1,1
46378,2,2
46379,1,1
46381,2,1
46382,2,1
46383,1,2
46384,1,1
46385,1,1
46386,1,1
46387,1,1
46388,2,2
46389,1,1
46390,1,1
46392,1,1
46393,1,1
46394,1,1
46395,1,1
46396,2,1
46397,1,1
46398,1,1
46399,1,1
46400,2,2
46401,2,2
46402,1,1
46403,2,1
46404,1,1
46405,1,1
46406,1,1
46407,2,1
46408,1,1
46409,1,1
46410,1,1
46411,1,1
46412,2,2
46413,2,1
46414,1,1
46415,1,1
46416,1,1
46417,1,1
46419,1,1
46420,2,2
46421,1,1
46422,1,1
46423,2,1
46424,2,1
46425,1,1
46427,1,1
46428,1,1
46429,1,1
46430,1,1
46431,1,1
46434,1,1
46435,2,1
46436,1,1
46437,1,1
46438,1,1
46439,2,1
46440,1,1
46441,1,2
46442,1,1
46443,2,1
46444,2,1
46445,1,1
46446,1,1
46447,1,1
46448,2,1
46450,1,1
46451,2,1
46452,1,1
46453,2,1
46454,1,1
46455,1,1
46456,2,1
46457,1,1
46458,1,1
46459,1,1
46460,2,1
46461,1,1
46462,1,1
46463,1,1
46464,2,1
46466,1,1
46467,1,1
46468,1,1
46469,2,2
46471,1,1
46472,1,1
46473,2,1
46474,2,2
46475,2,2
46476,1,1
46478,2,1
46479,1,1
46481,1,2
46482,1,1
46483,1,1
46484,1,1
46486,1,1
46487,1,1
46488,2,2
46489,2,1
46490,1,1
46491,2,1
46492,1,2
46493,1,1
46494,1,1
46495,1,1
46496,1,1
46497,1,1
46498,1,1
46499,1,1
46500,2,1
46501,1,1
46502,1,1
46503,1,1
46504,1,1
46505,1,1
46506,1,1
46507,1,1
46508,1,1
46509,2,1
46510,1,1
46511,1,1
46512,1,1
46513,1,1
46514,1,1
46515,1,1
46516,2,1
46518,2,2
46519,1,1
46520,1,1
46522,1,1
46523,1,1
46524,1,1
46525,2,1
46526,2,1
46527,1,1
46528,1,1
46529,2,1
46530,1,1
46531,2,1
46532,2,1
46533,1,1
46534,1,1
46535,1,1
46536,1,1
46537,2,2
46538,1,2
46539,1,1
46540,1,1
46541,2,2
46542,1,1
46543,2,2
46544,1,1
46545,1,1
46546,1,1
46547,1,1
46548,1,1
46549,1,1
46550,1,1
46551,2,1
46552,2,2
46553,2,2
46554,2,1
46555,1,1
46556,1,1
46557,2,2
46558,1,1
46559,1,1
46560,1,1
46561,2,1
46562,1,1
46564,1,1
46565,2,1
46566,1,1
46567,1,1
46568,1,1
46569,1,1
46570,1,1
46571,1,2
46572,2,1
46575,2,1
46576,1,1
46577,2,1
46578,2,2
46579,1,1
46580,1,1
46581,1,1
46582,1,1
46583,1,1
46584,1,1
46585,1,1
46586,1,1
46587,1,1
46590,2,2
46591,1,1
46592,1,1
46593,1,1
46594,1,1
46595,1,1
46596,2,1
46597,2,1
46598,1,1
46599,1,1
46600,1,1
46601,2,2
46602,1,1
46603,1,1
46604,1,1
46605,1,1
46606,1,1
46608,1,2
46609,2,2
46610,1,1
46611,1,1
46612,1,1
46613,2,2
46614,1,1
46615,1,1
46616,2,2
46617,2,2
46618,1,2
46619,2,2
46620,1,1
46621,1,1
46622,1,1
46624,1,1
46626,2,2
46627,2,1
46628,1,1
46629,2,1
46631,1,1
46632,1,1
46633,1,1
46634,1,1
46635,2,1
46636,1,1
46637,2,2
46638,2,1
46639,1,1
46641,1,1
46642,1,1
46643,2,2
46645,1,1
46647,2,2
46648,1,1
46649,1,1
46650,1,1
46652,1,1
46653,1,1
46654,2,2
46655,1,1
46657,1,1
46658,2,1
46659,2,1
46660,2,2
46661,1,1
46662,2,2
46663,1,1
46664,1,1
46666,1,1
46667,2,1
46668,1,1
46669,1,1
46670,1,1
46671,1,1
46672,2,1
46673,1,1
46674,1,2
46675,1,1
46676,1,1
46677,1,1
46678,2,1
46680,2,2
46681,1,2
46682,1,1
46683,1,1
46684,1,1
46686,1,1
46687,1,1
46688,1,1
46689,1,1
46691,1,1
46692,1,1
46693,1,1
46694,2,1
46695,1,1
46696,2,1
46697,1,1
46698,2,1
46700,1,1
46701,1,1
46702,2,1
46704,2,2
46705,2,1
46706,1,1
46707,2,2
46708,1,1
46709,2,1
46710,2,1
46712,1,1
46713,2,1
46715,2,1
46716,1,1
46717,1,1
46718,2,2
46720,2,2
46721,1,1
46722,1,1
46723,1,1
46724,1,1
46725,1,1
46726,1,1
46727,1,1
46728,1,1
46729,1,1
46731,1,1
46732,1,1
46733,1,1
46734,1,1
46735,2,1
46737,1,1
46739,1,1
46740,2,1
46741,1,1
46742,2,2
46743,1,1
46744,1,1
46745,2,2
46746,2,1
46747,2,2
46748,1,1
46749,2,2
46750,1,1
46751,2,1
46752,2,1
46753,1,2
46754,2,2
46756,1,1
46757,1,1
46758,1,1
46759,1,1
46760,1,1
46761,1,1
46762,2,2
46763,1,1
46764,1,1
46765,2,1
46766,1,1
46767,1,1
46768,1,1
46769,1,1
46770,2,2
46771,2,2
46772,1,1
46773,1,1
46774,1,1
46775,1,1
46776,1,1
46777,1,1
46778,1,1
46780,1,1
46781,1,1
46782,2,2
46784,1,1
46785,2,1
46786,2,2
46787,1,1
46789,2,1
46790,2,2
46791,1,1
46792,1,1
46793,1,1
46794,1,1
46795,1,2
46796,1,1
46797,2,2
46799,1,1
46800,1,1
46801,1,1
46802,1,1
46803,1,1
46804,1,1
46805,1,1
46807,1,1
46808,1,1
46809,1,1
46812,1,1
46814,1,1
46815,1,1
46816,1,2
46817,1,1
46818,1,1
46819,1,2
46820,2,2
46821,1,1
46822,1,1
46823,1,1
46826,1,1
46827,1,1
46828,2,2
46829,1,1
46831,1,1
46832,1,1
46833,1,1
46834,1,1
46835,2,1
46836,1,1
46837,1,1
46838,1,1
46839,2,1
46840,1,1
46841,2,1
46842,1,1
46843,1,1
46844,1,1
46845,1,1
46846,1,1
46847,1,1
46848,1,1
46849,1,1
46852,2,2
46854,1,1
46855,1,1
46856,1,1
46857,1,1
46858,1,1
46859,1,1
46860,2,1
46861,2,2
46862,1,1
46863,1,1
46864,2,1
46865,1,1
46866,2,2
46867,1,2
46868,2,1
46869,1,1
46871,1,1
46872,1,1
46873,1,1
46874,2,2
46875,1,1
46876,2,1
46877,1,1
46878,2,1
46879,1,1
46880,2,1
46881,2,2
46882,1,1
46883,1,1
46884,1,1
46885,1,2
46886,1,1
46887,1,1
46888,1,1
46889,1,1
46890,1,1
46892,1,1
46893,1,1
46894,1,1
46896,1,1
46897,1,2
46898,2,2
46900,1,1
46901,1,1
46902,1,1
46903,1,1
46904,1,1
46905,1,1
46906,2,1
46907,2,1
46908,1,1
46910,1,1
46911,2,1
46912,1,1
46913,1,1
46914,1,1
46915,1,1
46916,1,1
46917,1,1
46919,1,1
46920,1,1
46921,1,1
46922,1,1
46924,2,2
46925,1,1
46926,1,1
46927,1,1
46928,1,1
46929,2,1
46930,1,1
46931,1,1
46932,1,1
46933,1,1
46934,1,1
46935,2,1
46936,2,2
46937,1,2
46938,1,1
46939,1,1
46940,1,1
46941,1,1
46942,2,1
46943,2,2
46944,2,2
46945,1,1
46946,1,1
46947,1,1
46949,2,1
46950,1,2
46951,1,1
46952,1,2
46954,1,1
46955,1,1
46956,1,1
46957,1,1
46958,2,2
46959,1,1
46960,1,1
46961,1,1
46962,1,1
46963,1,1
46964,1,1
46965,1,1
46966,2,2
46967,1,1
46969,1,1
46970,1,1
46971,1,1
46972,1,2
46973,1,1
46974,2,2
46975,2,2
46976,2,1
46977,2,1
46978,2,1
46979,1,1
46980,1,1
46981,1,1
46982,1,1
46983,1,1
46984,1,1
46985,1,1
46986,1,1
46987,2,1
46988,1,2
46990,1,1
46992,1,1
46993,1,1
46994,2,1
46996,1,1
46997,2,1
46998,1,1
46999,1,1
47000,1,1
47001,1,1
47002,2,2
47004,1,1
47005,1,1
47006,2,2
47007,2,2
47008,2,1
47009,1,1
47010,1,1
47011,2,1
47012,1,1
47013,1,1
47014,2,2
47015,2,1
47017,1,1
47019,1,1
47020,1,1
47021,1,1
47023,1,1
47024,1,1
47025,1,1
47026,2,1
47027,1,1
47028,1,1
47029,1,1
47030,2,2
47031,1,1
47032,2,1
47033,1,1
47034,1,1
47035,1,1
47036,1,1
47037,2,1
47038,1,1
47039,2,2
47040,1,1
47041,2,1
47042,1,2
47043,1,1
47044,1,2
47045,1,1
47046,1,1
47047,1,1
47048,1,1
47049,1,1
47050,1,1
47051,1,1
47052,1,1
47053,1,1
47054,1,1
47055,1,1
47056,1,1
47057,1,1
47058,1,1
47059,2,1
47060,1,1
47061,1,1
47062,1,1
47063,1,1
47064,2,1
47065,1,1
47066,1,1
47067,1,1
47068,1,1
47069,2,1
47070,1,1
47071,2,2
47072,1,1
47073,2,2
47074,2,2
47075,1,1
47076,1,2
47077,1,1
47078,1,1
47079,1,2
47081,2,2
47082,1,2
47083,1,1
47084,1,1
47085,1,1
47086,1,1
47087,1,1
47088,1,1
47089,1,1
47090,1,1
47091,1,1
47092,1,1
47093,1,1
47094,1,1
47096,1,1
47097,1,1
47098,1,1
47099,1,1
47100,1,1
47101,1,2
47102,1,1
47104,2,1
47105,1,1
47107,1,2
47108,1,1
47109,1,1
47110,1,1
47111,1,1
47112,1,1
47113,1,1
47115,1,1
47116,1,1
47117,2,2
47118,1,1
47119,1,1
47120,1,1
47121,1,1
47122,1,1
47123,2,2
47124,1,1
47125,1,1
47126,1,1
47127,1,1
47128,1,1
47129,2,1
47130,1,1
47131,1,1
47132,1,1
47134,1,1
47135,1,1
47136,2,1
47139,1,1
47140,1,1
47141,2,1
47143,1,1
47144,1,1
47145,2,1
47146,1,1
47147,2,1
47148,2,2
47149,1,1
47150,2,1
47151,2,2
47152,1,1
47153,2,2
47154,1,1
47155,1,1
47157,1,1
47158,1,1
47159,2,1
47160,1,1
47161,1,1
47163,1,1
47164,1,1
47165,1,1
47166,1,1
47167,1,2
47168,2,2
47169,1,1
47170,2,1
47171,1,1
47172,1,1
47173,1,1
47174,1,1
47176,1,1
47177,1,1
47178,1,1
47179,1,1
47180,1,1
47181,1,1
47182,1,1
47183,1,1
47184,1,1
47186,2,1
47187,2,2
47188,1,1
47189,1,1
47190,1,1
47191,1,1
47192,1,1
47193,1,1
47195,1,1
47196,1,1
47197,1,1
47198,1,1
47200,1,1
47201,2,2
47202,1,1
47203,1,1
47204,1,2
47205,1,1
47206,1,1
47207,2,1
47208,2,2
47209,2,1
47210,2,1
47211,1,1
47212,1,1
47213,1,1
47214,2,1
47215,2,1
47216,1,1
47217,1,1
47218,1,1
47219,1,1
47220,1,1
47221,2,2
47222,1,1
47223,2,2
47224,1,1
47225,1,1
47226,1,1
47227,1,1
47228,1,1
47229,1,1
47230,1,1
47231,1,1
47232,2,1
47234,1,1
47235,1,1
47236,1,1
47237,1,1
47238,1,1
47239,2,2
47240,1,1
47241,1,1
47242,1,1
47243,1,1
47244,1,1
47246,2,1
47247,2,1
47248,1,1
47249,1,1
47250,1,1
47254,2,2
47255,1,1
47256,1,1
47258,1,1
47259,1,1
47260,2,1
47261,1,1
47262,1,1
47263,1,1
47264,2,1
47265,1,1
47266,1,1
47267,1,1
47268,1,1
47269,2,2
47271,1,1
47273,1,1
47274,1,1
47275,1,1
47276,1,1
47277,1,1
47278,2,2
47279,1,1
47280,2,1
47281,1,2
47282,1,1
47283,1,1
47284,1,1
47285,2,1
47286,1,1
47287,1,1
47288,2,1
47289,1,1
47290,1,1
47291,1,1
47292,1,1
47293,1,1
47294,2,1
47296,2,2
47297,2,2
47298,1,1
47299,1,2
47300,2,1
47301,2,2
47302,1,1
47303,1,1
47304,2,1
47305,1,1
47306,1,1
47307,1,1
47308,1,1
47310,1,1
47311,1,1
47312,1,1
47313,1,1
47314,2,2
47316,2,2
47317,2,1
47318,2,1
47319,1,1
47320,1,1
47321,1,1
47323,1,1
47324,1,1
47325,1,1
47326,1,1
47327,1,1
47328,1,1
47329,2,1
47330,1,1
47332,2,2
47333,1,1
47334,1,1
47335,2,1
47336,1,1
47337,1,1
47338,1,1
47339,1,1
47340,1,1
47341,1,1
47342,1,1
47343,1,1
47344,1,2
47345,1,1
47346,2,1
47347,1,1
47348,1,1
47349,1,1
47350,2,1
47351,1,2
47352,1,1
47353,1,1
47354,1,1
47355,1,1
47356,1,1
47357,1,1
47359,1,1
47360,1,1
47361,1,1
47362,2,2
47363,2,1
47364,2,1
47365,1,1
47366,2,1
47367,1,1
47369,1,1
47370,2,1
47371,1,1
47372,1,1
47373,1,1
47374,1,1
47375,1,1
47376,2,1
47377,1,1
47378,2,2
47380,1,1
47381,1,1
47383,2,2
47384,1,1
47385,1,1
47386,1,1
47387,2,2
47388,1,1
47390,1,1
47391,2,2
47392,1,1
47393,2,2
47394,1,1
47395,1,1
47396,2,2
47397,1,1
47398,1,1
47399,2,1
47400,1,1
47401,1,1
47402,2,2
47404,1,1
47405,1,1
47406,1,1
47407,1,1
47409,1,1
47410,1,1
47411,2,1
47412,1,1
47413,1,1
47415,1,1
47416,1,1
47417,1,2
47418,1,1
47419,2,2
47420,2,1
47421,1,1
47422,2,1
47423,1,1
47424,1,1
47425,1,1
47426,2,1
47427,1,1
47429,1,1
47430,2,2
47431,1,1
47432,1,1
47433,1,1
47434,1,1
47435,1,1
47436,1,1
47437,1,2
47440,1,1
47441,1,1
47442,1,1
47443,1,1
47444,1,1
47445,1,1
47447,2,1
47448,1,1
47449,1,1
47450,1,1
47451,2,2
47452,2,2
47453,1,1
47454,1,1
47455,1,1
47456,1,1
47457,1,1
47458,1,1
47459,1,1
47461,1,1
47463,2,1
47464,1,1
47465,1,1
47466,1,1
47467,1,1
47468,2,2
47469,1,1
47470,1,1
47472,1,1
47473,1,1
47474,1,1
47476,1,1
47477,1,1
47478,1,1
47479,2,1
47482,1,1
47484,1,1
47485,1,1
47486,1,1
47487,1,1
47488,1,1
47489,1,1
47490,1,1
47492,1,1
47494,1,1
47495,1,1
47496,1,1
47497,1,1
47498,1,1
47499,1,1
47500,1,2
47501,1,1
47502,1,1
47503,1,1
47504,1,1
47505,1,1
47506,1,1
47507,1,1
47508,1,1
47509,1,1
47510,1,1
47511,2,1
47512,1,1
47513,2,2
47514,1,1
47515,1,1
47516,1,1
47517,1,1
47519,2,1
47520,1,1
47522,1,1
47523,1,1
47524,1,1
47525,1,1
47526,1,1
47527,1,1
47528,1,1
47529,2,2
47530,2,2
47531,1,1
47533,2,1
47534,1,1
47535,1,1
47536,1,1
47537,1,1
47538,2,1
47539,2,2
47540,1,1
47541,2,2
47542,1,1
47543,1,1
47544,1,1
47545,1,1
47546,1,1
47547,1,1
47548,2,2
47549,1,1
47550,1,1
47551,2,1
47552,1,1
47555,1,1
47556,1,1
47557,1,1
47558,1,1
47559,1,1
47560,2,2
47561,2,1
47562,1,2
47563,1,1
47564,1,1
47565,1,1
47566,2,2
47567,1,1
47568,1,1
47569,1,2
47570,2,2
47571,1,1
47572,2,1
47573,2,1
47574,1,2
47575,2,1
47576,2,2
47577,1,1
47578,1,1
47579,2,2
47580,2,1
47581,1,1
47582,2,2
47583,2,1
47584,1,1
47585,2,1
47586,2,1
47587,1,1
47588,1,1
47589,1,1
47591,1,1
47592,1,1
47593,2,1
47594,1,1
47595,1,1
47596,1,1
47597,2,2
47598,1,1
47599,1,1
47600,2,2
47601,1,1
47602,2,1
47603,1,1
47604,1,1
47605,2,2
47606,1,1
47607,2,2
47608,1,1
47611,1,1
47613,1,1
47614,1,1
47615,2,1
47616,1,1
47618,1,1
47619,1,1
47620,1,1
47621,2,1
47622,2,1
47623,1,1
47624,1,1
47625,1,1
47627,1,1
47628,1,1
47630,1,1
47631,1,1
47632,1,1
47633,1,1
47634,2,2
47635,1,1
47636,1,1
47638,1,1
47640,2,2
47641,1,1
47642,1,1
47643,2,1
47644,2,2
47645,1,1
47646,1,2
47647,1,1
47648,1,1
47649,2,1
47650,2,2
47651,1,2
47653,1,1
47654,1,1
47655,1,1
47656,1,1
47657,2,1
47658,1,1
47659,1,1
47660,2,2
47661,1,1
47662,2,2
47663,1,1
47665,1,1
47666,2,2
47667,1,1
47668,1,1
47669,2,1
47670,2,1
47671,1,1
47672,1,1
47673,1,1
47674,1,1
47675,1,1
47676,1,1
47677,1,1
47678,1,1
47680,2,1
47681,1,2
47682,2,1
47683,1,1
47684,2,2
47685,1,1
47686,1,1
47687,2,2
47688,1,1
47689,1,1
47690,1,1
47691,1,1
47692,1,1
47693,1,1
47694,1,1
47695,1,1
47696,1,2
47697,1,1
47698,2,1
47700,1,1
47701,1,2
47702,1,1
47703,1,2
47704,1,1
47705,1,1
47706,2,2
47707,1,1
47708,1,1
47709,2,1
47710,1,1
47711,1,1
47712,2,1
47713,1,1
47714,1,1
47715,2,2
47716,1,1
47717,1,1
47718,1,2
47719,1,1
47720,1,1
47721,1,2
47723,2,2
47724,1,1
47725,1,1
47726,2,1
47727,1,1
47728,1,1
47729,1,1
47730,1,1
47731,1,1
47732,1,1
47733,1,1
47734,1,2
47735,1,1
47736,1,1
47737,2,2
47738,1,1
47739,2,2
47740,1,1
47741,1,1
47742,1,1
47743,1,1
47744,1,1
47745,2,1
47746,1,2
47747,1,1
47748,1,1
47749,1,1
47751,2,2
47752,2,1
47753,1,1
47754,1,1
47755,1,1
47756,1,1
47757,1,1
47758,1,1
47759,1,1
47760,1,1
47761,1,1
47762,1,1
47763,2,1
47764,1,1
47765,1,1
47768,1,1
47769,1,2
47770,1,1
47771,1,1
47772,1,1
47773,2,2
47774,2,1
47776,1,1
47777,1,1
47778,1,1
47779,1,1
47780,2,2
47781,1,1
47782,1,1
47783,1,1
47784,1,1
47785,1,1
47786,1,1
47787,1,1
47788,2,2
47789,1,1
47790,1,1
47791,1,1
47792,1,1
47793,1,1
47794,2,2
47795,1,1
47796,1,1
47797,1,2
47798,1,1
47799,2,2
47800,1,1
47801,1,1
47802,1,1
47803,1,1
47804,1,1
47805,1,1
47806,1,1
47807,1,1
47809,1,1
47810,1,1
47811,1,2
47813,1,1
47814,1,1
47815,1,1
47816,1,1
47817,1,1
47818,1,1
47819,1,1
47820,1,1
47821,1,1
47822,1,1
47823,1,1
47824,1,2
47825,2,1
47826,1,1
47827,1,1
47828,2,2
47829,2,1
47830,1,1
47831,1,1
47832,1,1
47833,1,1
47834,1,1
47835,1,1
47836,1,1
47837,1,1
47838,1,1
47839,2,1
47840,1,1
47841,1,1
47842,1,1
47843,1,1
47844,2,1
47845,1,1
47846,1,1
47848,1,1
47849,1,1
47850,1,1
47851,1,1
47852,2,2
47853,1,1
47854,1,1
47855,1,1
47856,1,1
47857,1,1
47858,2,2
47859,2,1
47860,1,1
47861,1,1
47862,1,1
47863,2,1
47864,1,1
47865,1,1
47866,1,1
47867,1,1
47868,2,1
47869,2,1
47870,1,1
47871,2,1
47872,1,1
47873,1,1
47874,1,1
47875,2,2
47877,1,1
47878,1,1
47879,1,1
47880,1,1
47881,2,2
47882,1,1
47883,1,1
47884,1,1
47886,2,1
47887,1,2
47888,2,1
47889,1,1
47890,1,1
47891,1,1
47892,1,1
47893,2,1
47894,1,1
47895,1,1
47896,1,1
47897,1,1
47898,1,1
47899,1,1
47900,2,2
47901,1,1
47902,1,1
47903,1,1
47904,1,1
47905,1,1
47906,1,1
47907,1,1
47908,1,1
47909,1,2
47910,1,1
47911,2,1
47912,1,1
47914,1,1
47915,1,2
47916,1,1
47917,1,1
47918,1,1
47919,1,1
47920,1,1
47921,1,1
47922,1,1
47924,1,1
47925,1,1
47926,2,1
47927,1,2
47928,2,1
47929,1,1
47930,1,1
47931,2,2
47932,1,1
47933,2,1
47934,1,1
47935,1,1
47936,1,1
47937,1,1
47938,1,1
47939,2,1
47941,1,1
47942,1,1
47944,1,1
47945,2,2
47946,1,1
47947,1,1
47948,1,1
47949,1,1
47950,1,1
47951,1,1
47952,2,2
47953,1,2
47954,1,1
47955,2,1
47956,1,1
47957,1,1
47958,1,1
47959,2,2
47960,1,1
47961,1,1
47962,1,1
47963,2,1
47964,1,1
47965,1,1
47966,1,1
47967,1,1
47968,1,1
47969,1,1
47970,1,1
47971,2,1
47972,1,1
47973,2,1
47974,1,1
47976,1,1
47978,2,2
47980,1,1
47981,1,1
47982,1,1
47983,1,1
47985,1,1
47986,1,1
47987,2,2
47989,1,1
47990,1,1
47992,1,1
47993,1,1
47994,1,1
47995,1,1
47996,1,1
47997,2,1
47998,1,1
47999,1,1
48003,1,1
48004,1,1
48005,1,1
48006,1,1
48008,1,1
48009,2,1
48010,2,2
48011,1,1
48012,1,1
48013,1,1
48014,2,2
48015,2,2
48016,2,1
48017,1,1
48018,2,2
48019,1,1
48020,2,2
48021,1,1
48022,1,1
48023,1,1
48024,1,1
48025,2,2
48026,1,1
48027,1,1
48028,1,1
48029,1,1
48030,1,1
48031,1,1
48032,1,1
48035,1,1
48036,1,2
48037,2,2
48038,1,1
48039,1,1
48040,1,1
48041,1,1
48042,1,1
48044,1,1
48045,1,1
48046,1,1
48047,1,1
48050,1,1
48051,1,1
48052,1,1
48053,2,1
48054,1,1
48055,1,1
48056,2,2
48057,1,1
48058,1,1
48059,1,1
48060,2,2
48061,1,1
48062,1,1
48063,1,1
48065,1,1
48066,1,1
48067,1,1
48068,1,1
48069,1,1
48072,2,1
48073,1,1
48074,1,1
48075,1,1
48076,1,1
48077,1,1
48078,1,1
48079,1,1
48080,1,1
48081,1,1
48082,1,1
48083,2,1
48084,1,1
48085,2,2
48086,1,1
48087,1,1
48088,2,1
48089,2,1
48090,1,1
48091,1,1
48092,1,1
48093,1,2
48095,1,1
48096,1,1
48097,1,1
48098,1,1
48099,1,1
48100,2,1
48102,2,1
48103,1,1
48104,1,1
48105,1,1
48106,1,1
48107,1,2
48108,1,1
48109,1,1
48110,1,1
48111,1,1
48112,1,1
48113,2,1
48114,1,1
48115,1,1
48116,1,1
48117,1,1
48118,1,1
48119,2,2
48120,2,1
48121,2,1
48122,2,2
48123,1,1
48124,1,1
48125,1,1
48126,1,1
48127,1,2
48128,1,1
48130,2,2
48132,1,1
48133,1,1
48134,1,1
48135,1,1
48136,1,1
48137,1,1
48139,1,1
48140,2,2
48141,1,1
48142,1,1
48143,1,2
48144,1,1
48145,2,1
48146,2,2
48147,1,1
48148,2,2
48149,2,1
48151,2,1
48152,1,1
48153,1,1
48154,1,1
48155,2,2
48156,2,1
48157,1,1
48158,1,1
48159,1,1
48161,1,1
48162,2,2
48163,2,1
48164,1,1
48165,1,1
48166,1,1
48167,2,2
48169,1,1
48170,1,1
48171,2,2
48172,2,1
48173,1,2
48174,1,1
48175,1,1
48177,1,1
48178,1,1
48179,1,1
48180,1,1
48181,1,1
48182,1,1
48183,2,1
48184,1,1
48185,1,1
48186,1,1
48187,1,1
48189,1,1
48190,2,1
48191,1,1
48192,1,1
48193,1,1
48194,2,2
48196,1,1
48198,1,2
48199,1,1
48200,1,1
48201,1,1
48202,1,1
48203,1,1
48204,1,1
48207,1,1
48208,1,2
48209,2,2
48211,1,1
48212,2,2
48213,1,1
48214,1,1
48215,1,1
48216,1,1
48217,1,1
48218,1,1
48220,2,2
48221,1,1
48222,1,2
48224,1,1
48226,1,1
48228,1,1
48229,1,1
48230,1,1
48232,1,1
48233,1,1
48234,1,1
48235,2,2
48236,1,1
48237,1,1
48238,1,1
48239,1,1
48241,1,1
48243,1,1
48244,1,1
48245,1,1
48246,1,1
48247,1,1
48248,2,2
48249,1,1
48250,2,2
48253,2,1
48254,1,1
48255,1,2
48256,1,1
48257,1,1
48258,1,1
48259,1,1
48260,1,1
48261,2,2
48262,1,1
48263,2,1
48264,1,1
48265,1,1
48266,2,2
48267,1,1
48268,2,1
48269,2,2
48270,2,1
48271,1,1
48272,1,1
48274,1,1
48275,1,1
48276,1,1
48277,1,1
48278,1,1
48279,1,1
48280,2,1
48281,1,1
48282,1,1
48284,1,1
48285,1,1
48286,2,2
48287,1,1
48288,1,1
48289,1,2
48290,2,1
48292,1,1
48293,2,1
48294,1,1
48295,1,1
48296,1,1
48297,2,2
48298,1,1
48299,1,1
48300,1,1
48301,2,1
48302,2,1
48303,2,1
48306,1,1
48307,1,1
48308,1,1
48309,1,1
48310,2,2
48311,1,1
48312,1,1
48313,1,1
48314,1,1
48315,1,1
48316,1,1
48318,2,1
48319,1,1
48320,1,1
48321,1,1
48322,1,1
48323,1,1
48324,1,1
48325,1,1
48326,1,1
48327,1,1
48328,1,1
48329,1,1
48330,1,1
48332,2,1
48333,1,1
48336,2,1
48337,1,1
48338,1,1
48339,1,1
48340,1,1
48341,1,1
48342,1,1
48343,1,1
48344,1,1
48345,2,1
48348,1,1
48349,1,1
48350,2,1
48351,1,1
48352,2,2
48353,2,1
48354,1,1
48356,2,2
48357,1,1
48358,1,1
48359,1,1
48360,1,1
48361,1,1
48362,1,1
48363,2,1
48364,1,1
48365,1,1
48366,1,1
48367,2,1
48368,1,2
48369,2,2
48370,1,1
48371,1,1
48372,1,1
48373,1,1
48374,1,1
48375,1,1
48377,1,1
48378,1,1
48379,2,1
48380,1,1
48381,1,1
48382,1,1
48383,1,1
48384,1,1
48385,2,1
48386,2,1
48387,1,1
48388,1,1
48389,1,1
48390,1,1
48391,1,1
48392,1,1
48393,1,1
48394,2,1
48395,2,1
48396,1,1
48397,2,1
48399,1,1
48400,1,1
48401,2,2
48402,2,1
48403,1,1
48405,1,1
48408,2,1
48409,1,1
48410,1,1
48411,1,1
48412,1,1
48413,1,1
48414,1,1
48415,2,1
48416,2,1
48417,1,1
48418,1,1
48419,1,1
48420,1,1
48421,1,1
48422,1,1
48423,1,1
48424,1,1
48425,1,1
48426,1,1
48427,1,1
48428,2,2
48429,1,1
48430,1,1
48431,1,1
48432,1,2
48433,1,1
48434,2,1
48436,1,1
48437,1,1
48438,1,1
48439,1,1
48440,1,1
48442,1,1
48443,1,1
48444,1,1
48445,1,1
48446,1,1
48447,1,1
48450,1,1
48451,1,1
48452,2,2
48453,1,1
48454,1,1
48455,1,1
48456,1,1
48458,1,1
48460,2,1
48461,2,1
48462,1,1
48463,1,1
48464,1,1
48465,1,1
48466,1,1
48467,1,1
48468,1,1
48469,1,1
48470,1,1
48471,1,1
48472,1,1
48473,2,1
48474,1,1
48475,1,1
48476,2,1
48477,1,1
48478,2,2
48479,1,1
48480,1,1
48481,1,1
48482,1,1
48483,1,1
48485,1,1
48486,1,1
48487,2,2
48488,1,1
48489,2,1
48490,1,1
48491,1,1
48492,1,2
48493,1,1
48494,1,1
48495,1,1
48496,1,1
48497,1,1
48498,2,1
48499,1,1
48500,2,1
48501,1,1
48502,1,1
48503,2,1
48504,1,1
48505,1,1
48506,1,1
48507,1,1
48508,1,1
48509,2,1
48510,1,1
48511,1,1
48512,2,1
48513,1,1
48514,1,1
48515,1,1
48516,2,2
48517,2,2
48518,1,1
48519,1,1
48520,1,1
48521,1,1
48522,1,1
48523,1,1
48524,1,1
48525,2,1
48526,1,1
48527,1,1
48528,1,1
48529,1,1
48530,1,1
48531,2,1
48532,1,1
48533,1,1
48536,1,1
48537,1,1
48540,2,1
48542,1,1
48543,1,1
48544,1,1
48545,1,1
48546,1,2
48548,1,1
48549,1,1
48550,2,2
48551,1,1
48552,1,1
48553,1,1
48554,1,1
48555,1,1
48556,1,1
48557,2,1
48558,1,1
48559,1,1
48561,2,1
48562,1,1
48563,1,1
48564,1,1
48565,1,1
48566,1,1
48567,1,1
48568,1,1
48569,2,1
48570,2,2
48571,1,1
48572,1,1
48573,1,1
48575,1,1
48576,1,1
48577,1,1
48578,1,1
48579,1,1
48580,1,1
48581,1,1
48582,2,2
48583,1,1
48584,1,1
48585,1,1
48587,1,1
48588,1,1
48589,2,2
48590,1,1
48591,2,1
48592,1,1
48593,2,2
48594,1,1
48595,1,1
48596,1,1
48597,1,1
48598,2,2
48599,1,1
48600,1,1
48601,2,2
48602,1,1
48603,1,1
48604,1,1
48605,1,1
48606,1,1
48607,1,1
48610,1,1
48611,1,1
48613,2,2
48614,1,1
48615,1,1
48616,2,2
48618,1,1
48619,1,1
48620,1,1
48621,2,2
48622,2,2
48623,1,1
48624,1,1
48625,1,1
48626,2,1
48627,2,2
48628,1,1
48629,2,2
48630,2,1
48632,1,1
48633,2,1
48634,2,2
48635,1,1
48636,1,1
48637,2,2
48638,1,1
48639,1,1
48640,2,1
48641,1,1
48643,2,2
48644,2,1
48646,1,2
48647,1,1
48648,2,1
48649,2,2
48650,1,1
48651,2,1
48652,1,1
48653,1,1
48654,1,1
48655,1,1
48656,1,1
48657,1,1
48658,2,1
48659,1,1
48660,2,1
48661,1,2
48662,2,2
48663,1,1
48664,1,2
48665,1,1
48666,1,1
48667,1,1
48668,2,1
48669,1,1
48670,1,1
48671,1,1
48673,1,1
48674,2,1
48675,1,1
48676,2,1
48677,1,1
48678,1,1
48679,1,1
48680,1,1
48681,2,2
48683,1,1
48684,1,1
48685,1,1
48686,1,1
48688,1,1
48689,1,1
48690,1,1
48691,1,2
48692,1,1
48693,1,1
48694,1,1
48695,2,2
48696,1,1
48700,1,1
48701,2,1
48702,1,1
48704,1,1
48705,1,1
48706,1,1
48707,1,1
48708,1,1
48709,1,1
48710,1,1
48711,1,1
48713,1,1
48714,2,2
48715,1,1
48716,2,1
48717,2,1
48718,2,1
48719,2,2
48720,1,2
48721,1,1
48722,2,1
48723,2,2
48724,1,2
48725,1,1
48726,2,2
48728,1,1
48729,1,1
48730,1,1
48732,1,1
48733,1,1
48734,1,1
48735,2,2
48736,2,2
48737,1,1
48738,1,1
48739,1,1
48740,2,1
48741,2,2
48742,2,2
48743,1,1
48744,1,1
48746,2,2
48747,1,1
48748,1,1
48749,1,1
48750,1,1
48751,1,2
48752,1,1
48753,1,1
48754,1,1
48755,2,1
48756,1,1
48761,1,1
48763,1,1
48764,1,1
48765,1,1
48766,2,1
48767,1,1
48768,1,1
48769,1,1
48770,2,1
48771,1,1
48772,1,1
48773,1,1
48774,1,1
48775,1,1
48776,2,2
48777,1,1
48778,1,1
48779,2,1
48780,1,1
48782,1,1
48783,1,1
48784,1,1
48785,2,1
48786,2,1
48787,1,2
48788,1,1
48789,2,1
48790,1,1
48792,2,1
48793,1,1
48795,1,1
48796,1,1
48797,1,1
48798,2,2
48799,1,1
48800,1,1
48801,2,2
48802,1,1
48803,1,1
48804,1,1
48805,2,1
48806,2,2
48807,1,1
48808,1,1
48809,1,1
48810,1,1
48812,1,1
48813,2,1
48814,1,1
48815,2,2
48816,2,2
48817,1,1
48818,1,1
48819,1,1
48820,1,1
48821,1,1
48822,2,2
48824,1,1
48825,1,1
48826,2,2
48827,1,1
48828,1,1
48829,1,1
48830,1,1
48831,1,1
48832,1,1
48833,1,1
48834,1,1
48835,1,1
48836,1,1
48837,1,1
48838,1,1
48839,1,2
48840,1,1
48841,2,2
