,y,prediction
0,3,5
1,2,2
2,1,1
3,3,5
4,2,2
5,1,1
6,2,2
8,1,1
9,5,2
10,2,2
11,1,1
12,5,2
13,2,2
14,1,1
15,2,2
16,2,2
17,1,1
18,5,2
19,2,2
20,1,1
22,2,2
24,2,2
25,2,2
26,1,1
27,5,2
28,2,2
29,1,1
30,5,2
31,2,2
32,1,1
33,2,2
34,2,2
35,1,1
36,5,2
37,2,2
38,1,1
39,5,2
40,2,2
41,1,1
42,2,2
43,2,2
44,1,1
45,5,2
46,2,2
47,1,1
48,5,2
49,2,2
50,1,1
51,2,2
52,2,2
54,5,2
57,5,2
58,2,2
60,2,2
61,2,2
62,1,1
63,5,2
65,1,1
66,5,2
67,2,2
68,1,1
69,2,2
70,2,2
71,1,1
72,5,2
74,1,1
75,5,2
76,2,2
77,1,1
78,2,2
79,2,2
80,1,1
81,5,2
82,2,2
83,1,1
84,5,2
85,2,2
86,1,1
87,2,2
88,2,2
89,1,1
90,2,2
91,2,2
92,1,1
93,2,2
94,2,2
95,1,1
96,2,2
97,2,2
98,1,1
99,2,2
100,2,2
101,1,1
102,2,2
103,2,2
104,1,1
105,2,2
106,2,2
107,1,1
109,2,2
110,1,1
111,5,2
112,2,2
113,1,1
114,2,2
116,1,1
117,2,2
118,2,2
119,1,1
120,2,2
121,2,2
122,1,1
123,2,2
124,2,2
125,1,1
127,2,2
128,1,1
129,2,2
130,2,2
132,2,2
134,1,1
135,2,2
136,2,2
138,2,2
139,2,2
140,1,1
141,2,2
142,2,2
144,2,2
145,2,2
146,1,1
147,2,2
148,2,2
149,1,1
151,2,2
152,1,1
153,2,2
154,2,2
155,1,1
156,2,2
157,2,2
158,1,1
159,2,2
160,2,2
161,1,1
162,5,2
163,2,2
164,1,1
165,5,2
166,2,2
167,1,1
168,2,2
170,1,1
171,2,2
173,1,1
174,2,2
175,2,2
176,1,1
177,2,2
178,2,2
180,2,2
181,2,2
182,1,1
183,2,2
185,1,1
186,2,2
187,2,2
190,2,2
191,1,1
192,2,2
193,2,2
195,2,2
196,2,2
197,1,1
198,2,2
200,1,1
202,2,2
203,1,1
204,2,2
205,2,2
206,1,1
207,2,2
208,2,2
209,1,1
211,2,2
212,1,1
213,2,2
214,2,2
215,1,1
216,5,5
217,2,2
218,1,1
219,5,5
221,1,1
222,2,2
223,2,2
224,1,1
225,5,2
226,2,2
227,1,1
228,5,2
229,2,2
230,1,1
231,2,2
232,2,2
233,1,1
234,5,2
235,2,2
236,1,1
237,5,2
238,2,2
239,1,1
241,2,2
242,1,1
243,5,2
246,5,2
247,2,2
248,1,1
249,2,2
250,2,2
251,1,1
252,2,2
253,2,2
254,1,1
255,2,2
256,2,2
257,1,1
258,2,2
259,2,2
260,1,1
261,2,2
262,2,2
263,1,1
264,2,2
265,2,2
266,1,1
267,2,2
268,2,2
269,1,1
270,5,2
271,2,2
272,1,1
274,2,2
275,1,1
277,2,2
278,1,1
279,5,2
280,2,2
281,1,1
284,1,1
285,2,2
286,2,2
287,1,1
288,5,2
289,2,2
291,5,2
292,2,2
293,1,1
294,2,2
295,2,2
296,1,1
297,5,2
298,2,2
299,1,1
300,5,2
301,2,2
302,1,1
303,2,2
304,2,2
305,1,1
306,2,2
309,2,2
311,1,1
312,2,2
313,2,2
314,1,1
315,2,2
316,2,2
317,1,1
318,2,2
319,2,2
320,1,1
321,2,2
322,2,2
323,1,1
324,5,2
325,2,2
326,1,1
327,5,2
328,2,2
329,1,1
330,2,2
331,2,2
332,1,1
333,2,2
334,2,2
335,1,1
336,2,2
337,2,2
338,1,1
340,2,2
341,1,1
342,2,2
343,2,2
344,1,1
345,2,2
346,2,2
348,2,2
349,2,2
350,1,1
351,2,2
352,2,2
353,1,1
354,2,2
355,2,2
356,1,1
357,2,2
358,2,2
359,1,1
361,2,2
362,1,1
363,2,2
364,2,2
365,1,1
366,2,2
368,1,1
369,2,2
370,2,2
371,1,1
372,2,2
373,2,2
374,1,1
375,2,2
376,2,2
378,5,2
379,2,2
380,1,1
381,5,2
382,2,2
383,1,1
384,2,2
385,2,2
386,1,1
387,2,2
388,2,2
389,1,1
390,2,2
391,2,2
392,1,1
393,2,2
394,2,2
395,1,1
396,2,2
397,2,2
398,1,1
399,2,2
400,2,2
401,1,1
402,2,2
403,2,2
404,1,1
405,2,2
406,2,2
407,1,1
408,2,2
409,2,2
410,1,1
411,2,2
412,2,2
413,1,1
414,2,2
415,2,2
416,1,1
417,2,2
418,2,2
419,1,1
420,2,2
421,2,2
422,1,1
423,2,2
424,2,2
425,1,1
426,2,2
427,2,2
428,1,1
429,2,2
430,2,2
431,1,1
432,5,5
433,2,2
434,1,1
436,2,2
437,1,1
438,2,2
440,1,1
441,5,2
442,2,2
443,1,1
444,5,2
445,2,2
446,1,1
447,2,2
448,2,2
449,1,1
450,5,2
451,2,2
452,1,1
453,5,2
454,2,2
455,1,1
456,2,2
457,2,2
458,1,1
459,5,2
460,2,2
461,1,1
462,5,2
464,1,1
465,2,2
466,2,2
467,1,1
468,2,2
469,2,2
470,1,1
471,2,2
472,2,2
474,2,2
475,2,2
476,1,1
477,2,2
478,2,2
479,1,1
480,2,2
481,2,2
482,1,1
483,2,2
484,2,2
485,1,1
486,5,2
487,2,2
488,1,1
489,5,2
490,2,2
491,1,1
492,2,2
493,2,2
495,2,2
496,2,2
497,1,1
498,2,2
499,2,2
500,1,1
502,2,2
503,1,1
504,2,2
505,2,2
506,1,1
507,2,2
508,2,2
509,1,1
510,2,2
512,1,1
513,2,2
514,2,2
515,1,1
516,2,2
517,2,2
518,1,1
519,2,2
520,2,2
521,1,1
522,2,2
523,2,2
524,1,1
525,2,2
526,2,2
527,1,1
528,2,2
529,2,2
530,1,1
531,2,2
532,2,2
533,1,1
534,2,2
535,2,2
536,1,1
537,2,2
538,2,2
539,1,1
541,2,2
542,1,1
543,5,2
544,2,2
545,1,1
546,2,2
547,2,2
548,1,1
549,2,2
550,2,2
551,1,1
552,2,2
553,2,2
554,1,1
555,2,2
556,2,2
558,2,2
559,2,2
560,1,1
561,2,2
562,2,2
563,1,1
565,2,2
567,2,2
568,2,2
569,1,1
570,2,2
573,2,2
574,2,2
575,1,1
576,2,2
577,2,2
578,1,1
579,2,2
580,2,2
581,1,1
582,2,2
583,2,2
585,2,2
586,2,2
587,1,1
588,2,2
589,2,2
590,1,1
591,2,2
592,2,2
593,1,1
594,5,2
595,2,2
596,1,1
597,5,2
598,2,2
599,1,1
601,2,2
602,1,1
603,2,2
604,2,2
605,1,1
606,2,2
608,1,1
609,2,2
610,2,2
611,1,1
612,2,2
614,1,1
615,2,2
616,2,2
617,1,1
618,2,2
619,2,2
620,1,1
621,2,2
622,2,2
623,1,1
624,2,2
625,2,2
626,1,1
627,2,2
628,2,2
631,2,2
632,1,1
633,2,2
634,2,2
635,1,1
636,2,2
638,1,1
639,2,2
640,2,2
641,1,1
642,2,2
643,2,2
644,1,1
645,2,2
646,2,2
647,1,1
648,5,5
649,2,2
650,1,1
651,5,5
652,2,2
653,1,1
654,2,2
655,2,2
656,1,1
657,2,2
658,2,2
659,1,1
660,2,2
661,2,2
662,1,1
663,2,2
664,2,2
665,1,1
666,2,2
667,2,2
668,1,1
669,2,2
670,2,2
671,1,1
672,2,2
673,2,2
674,1,1
675,2,2
676,2,2
677,1,1
678,2,2
679,2,2
680,1,1
682,2,2
683,1,1
684,2,2
685,2,2
686,1,1
687,2,2
688,2,2
689,1,1
690,2,2
691,2,2
692,1,1
693,2,2
694,2,2
696,2,2
697,2,2
698,1,1
699,2,2
700,2,2
701,1,1
702,5,2
703,2,2
704,1,1
705,5,2
706,2,2
707,1,1
708,2,2
709,2,2
711,2,2
712,2,2
713,1,1
714,2,2
715,2,2
716,1,1
717,2,2
718,2,2
719,1,1
720,2,2
721,2,2
722,1,1
724,2,2
725,1,1
726,2,2
727,2,2
728,1,1
729,2,2
730,2,2
731,1,1
732,2,2
735,2,2
736,2,2
737,1,1
738,2,2
741,2,2
742,2,2
743,1,1
744,2,2
745,2,2
747,2,2
748,2,2
749,1,1
750,2,2
751,2,2
752,1,1
753,2,2
754,2,2
756,5,2
757,2,2
758,1,1
759,5,2
760,2,2
761,1,1
762,2,2
763,2,2
764,1,1
765,2,2
766,2,2
767,1,1
769,2,2
770,1,1
771,2,2
772,2,2
773,1,1
774,2,2
775,2,2
776,1,1
777,2,2
778,2,2
779,1,1
781,2,2
782,1,1
783,2,2
784,2,2
785,1,1
786,2,2
787,2,2
788,1,1
789,2,2
791,1,1
792,2,2
793,2,2
794,1,1
795,2,2
796,2,2
797,1,1
798,2,2
799,2,2
800,1,1
801,2,2
802,2,2
803,1,1
804,2,2
805,2,2
806,1,1
807,2,2
808,2,2
809,1,1
811,2,2
812,1,1
814,2,2
815,1,1
816,2,2
817,2,2
818,1,1
819,2,2
820,2,2
821,1,1
822,2,2
823,2,2
824,1,1
825,2,2
826,2,2
827,1,1
829,2,2
830,1,1
831,2,2
832,2,2
833,1,1
834,2,2
835,2,2
836,1,1
837,2,2
838,2,2
839,1,1
840,2,2
841,2,2
842,1,1
843,2,2
844,2,2
845,1,1
846,2,2
847,2,2
848,1,1
849,2,2
850,2,2
851,1,1
852,2,2
853,2,2
854,1,1
855,2,2
856,2,2
857,1,1
858,2,2
859,2,2
860,1,1
862,2,2
863,1,1
864,5,5
865,2,2
866,1,1
867,5,5
868,2,2
869,1,1
870,2,2
871,2,2
874,2,2
875,1,1
876,5,5
877,2,2
878,1,1
879,2,2
880,2,2
881,1,1
882,5,2
884,1,1
885,5,2
887,1,1
888,2,2
889,2,2
890,1,1
891,5,2
892,2,2
893,1,1
894,5,2
895,2,2
896,1,1
897,2,2
898,2,2
899,1,1
900,5,2
901,2,2
902,1,1
903,5,2
904,2,2
905,1,1
906,2,2
907,2,2
908,1,1
909,5,2
910,2,2
911,1,1
912,5,2
913,2,2
914,1,1
915,2,2
916,2,2
917,1,1
918,5,5
919,2,2
922,2,2
923,1,1
924,2,2
925,2,2
926,1,1
927,5,2
928,2,2
929,1,1
930,5,2
931,2,2
932,1,1
933,2,2
934,2,2
935,1,1
936,5,2
937,2,2
938,1,1
939,5,2
940,2,2
941,1,1
942,2,2
943,2,2
944,1,1
945,5,2
946,2,2
947,1,1
948,5,2
949,2,2
950,1,1
951,2,2
952,2,2
953,1,1
954,2,2
955,2,2
956,1,1
957,2,2
958,2,2
959,1,1
960,2,2
961,2,2
962,1,1
963,2,2
964,2,2
965,1,1
966,2,2
968,1,1
970,2,2
971,1,1
972,5,2
974,1,1
975,5,2
976,2,2
977,1,1
978,2,2
979,2,2
981,2,2
982,2,2
983,1,1
984,2,2
985,2,2
986,1,1
987,2,2
988,2,2
989,1,1
990,2,2
991,2,2
992,1,1
994,2,2
995,1,1
996,2,2
997,2,2
998,1,1
999,2,2
1000,2,2
1001,1,1
1002,2,2
1003,2,2
1004,1,1
1005,2,2
1006,2,2
1007,1,1
1008,2,2
1009,2,2
1010,1,1
1011,2,2
1012,2,2
1013,1,1
1014,2,2
1015,2,2
1016,1,1
1017,2,2
1018,2,2
1019,1,1
1020,2,2
1021,2,2
1022,1,1
1023,2,2
1024,2,2
1025,1,1
1026,5,2
1027,2,2
1028,1,1
1029,5,2
1030,2,2
1031,1,1
1032,2,2
1033,2,2
1034,1,1
1035,2,2
1036,2,2
1037,1,1
1038,2,2
1039,2,2
1040,1,1
1041,2,2
1042,2,2
1044,2,2
1045,2,2
1046,1,1
1047,2,2
1049,1,1
1050,2,2
1051,2,2
1052,1,1
1053,2,2
1054,2,2
1055,1,1
1056,2,2
1057,2,2
1058,1,1
1059,2,2
1060,2,2
1061,1,1
1062,2,2
1063,2,2
1065,2,2
1066,2,2
1067,1,1
1068,2,2
1069,2,2
1070,1,1
1071,2,2
1072,2,2
1073,1,1
1074,2,2
1077,2,2
1078,2,2
1079,1,1
1080,5,5
1081,2,2
1082,1,1
1083,5,5
1084,2,2
1085,1,1
1086,2,2
1087,2,2
1088,1,1
1089,5,2
1090,2,2
1091,1,1
1092,5,2
1093,2,2
1094,1,1
1095,2,2
1096,2,2
1097,1,1
1098,5,2
1099,2,2
1100,1,1
1101,5,2
1103,1,1
1104,2,2
1105,2,2
1106,1,1
1107,5,2
1108,2,2
1109,1,1
1110,5,2
1111,2,2
1112,1,1
1113,2,2
1115,1,1
1116,2,2
1117,2,2
1118,1,1
1119,2,2
1120,2,2
1121,1,1
1122,2,2
1123,2,2
1124,1,1
1125,2,2
1126,2,2
1127,1,1
1128,2,2
1129,2,2
1130,1,1
1131,2,2
1133,1,1
1134,5,2
1135,2,2
1137,5,2
1138,2,2
1139,1,1
1140,2,2
1141,2,2
1142,1,1
1144,2,2
1145,1,1
1146,5,2
1148,1,1
1149,2,2
1150,2,2
1151,1,1
1152,5,2
1153,2,2
1154,1,1
1155,5,2
1156,2,2
1157,1,1
1158,2,2
1159,2,2
1160,1,1
1161,5,2
1162,2,2
1164,5,2
1165,2,2
1166,1,1
1167,2,2
1168,2,2
1169,1,1
1170,2,2
1171,2,2
1172,1,1
1173,2,2
1174,2,2
1175,1,1
1176,2,2
1177,2,2
1178,1,1
1179,2,2
1180,2,2
1181,1,1
1182,2,2
1184,1,1
1185,2,2
1186,2,2
1187,1,1
1188,5,2
1189,2,2
1190,1,1
1191,5,2
1192,2,2
1193,1,1
1194,2,2
1196,1,1
1198,2,2
1199,1,1
1200,2,2
1201,2,2
1202,1,1
1203,2,2
1204,2,2
1206,2,2
1207,2,2
1208,1,1
1209,2,2
1210,2,2
1211,1,1
1212,2,2
1213,2,2
1214,1,1
1215,2,2
1216,2,2
1217,1,1
1218,2,2
1220,1,1
1221,2,2
1222,2,2
1223,1,1
1224,2,2
1225,2,2
1226,1,1
1227,2,2
1228,2,2
1229,1,1
1230,2,2
1231,2,2
1232,1,1
1233,2,2
1234,2,2
1235,1,1
1236,2,2
1237,2,2
1238,1,1
1239,2,2
1240,2,2
1241,1,1
1242,5,2
1243,2,2
1244,1,1
1246,2,2
1247,1,1
1248,2,2
1249,2,2
1250,1,1
1251,2,2
1252,2,2
1253,1,1
1254,2,2
1255,2,2
1256,1,1
1257,2,2
1258,2,2
1260,2,2
1261,2,2
1263,2,2
1264,2,2
1265,1,1
1266,2,2
1267,2,2
1268,1,1
1269,2,2
1270,2,2
1272,2,2
1273,2,2
1274,1,1
1275,2,2
1276,2,2
1277,1,1
1278,2,2
1279,2,2
1280,1,1
1281,2,2
1282,2,2
1283,1,1
1285,2,2
1287,2,2
1288,2,2
1289,1,1
1290,2,2
1291,2,2
1292,1,1
1294,2,2
1295,1,1
1296,5,5
1297,2,2
1298,1,1
1299,5,5
1300,2,2
1301,1,1
1302,2,2
1303,2,2
1304,1,1
1305,5,2
1306,2,2
1308,5,2
1309,2,2
1310,1,1
1311,2,2
1312,2,2
1313,1,1
1314,5,2
1315,2,2
1316,1,1
1317,5,2
1318,2,2
1319,1,1
1320,2,2
1321,2,2
1322,1,1
1323,5,2
1324,2,2
1325,1,1
1326,5,2
1327,2,2
1328,1,1
1329,2,2
1330,2,2
1331,1,1
1332,2,2
1333,2,2
1334,1,1
1335,2,2
1336,2,2
1337,1,1
1338,2,2
1339,2,2
1341,2,2
1343,1,1
1344,2,2
1345,2,2
1346,1,1
1347,2,2
1348,2,2
1349,1,1
1350,5,2
1351,2,2
1352,1,1
1353,5,2
1354,2,2
1355,1,1
1356,2,2
1357,2,2
1358,1,1
1359,2,2
1360,2,2
1361,1,1
1362,2,2
1363,2,2
1364,1,1
1365,2,2
1366,2,2
1368,2,2
1369,2,2
1370,1,1
1371,2,2
1372,2,2
1373,1,1
1374,2,2
1375,2,2
1376,1,1
1377,2,2
1378,2,2
1379,1,1
1380,2,2
1381,2,2
1382,1,1
1383,2,2
1384,2,2
1386,2,2
1387,2,2
1389,2,2
1390,2,2
1391,1,1
1392,2,2
1393,2,2
1394,1,1
1395,2,2
1396,2,2
1397,1,1
1398,2,2
1399,2,2
1400,1,1
1401,2,2
1402,2,2
1403,1,1
1405,2,2
1406,1,1
1407,5,2
1408,2,2
1409,1,1
1410,2,2
1412,1,1
1413,2,2
1414,2,2
1415,1,1
1417,2,2
1419,2,2
1420,2,2
1421,1,1
1422,2,2
1423,2,2
1424,1,1
1425,2,2
1426,2,2
1427,1,1
1428,2,2
1429,2,2
1430,1,1
1431,2,2
1433,1,1
1434,2,2
1435,2,2
1436,1,1
1437,2,2
1438,2,2
1439,1,1
1440,2,2
1441,2,2
1442,1,1
1443,2,2
1444,2,2
1445,1,1
1448,1,1
1449,2,2
1450,2,2
1451,1,1
1452,2,2
1453,2,2
1454,1,1
1455,2,2
1456,2,2
1457,1,1
1458,5,2
1459,2,2
1460,1,1
1462,2,2
1464,2,2
1465,2,2
1466,1,1
1467,2,2
1468,2,2
1469,1,1
1470,2,2
1471,2,2
1472,1,1
1474,2,2
1475,1,1
1476,2,2
1477,2,2
1478,1,1
1479,2,2
1480,2,2
1481,1,1
1482,2,2
1483,2,2
1486,2,2
1487,1,1
1488,2,2
1490,1,1
1491,2,2
1492,2,2
1493,1,1
1496,1,1
1497,2,2
1498,2,2
1499,1,1
1500,2,2
1501,2,2
1502,1,1
1503,2,2
1504,2,2
1505,1,1
1506,2,2
1507,2,2
1508,1,1
1509,2,2
1511,1,1
1512,5,5
1514,1,1
1515,5,5
1516,2,2
1517,1,1
1518,2,2
1519,2,2
1520,1,1
1521,2,2
1522,2,2
1523,1,1
1524,2,2
1525,2,2
1527,2,2
1528,2,2
1529,1,1
1530,2,2
1531,2,2
1532,1,1
1533,2,2
1534,2,2
1535,1,1
1536,2,2
1537,2,2
1539,2,2
1540,2,2
1541,1,1
1542,2,2
1543,2,2
1544,1,1
1545,2,2
1546,2,2
1547,1,1
1548,2,2
1549,2,2
1550,1,1
1553,1,1
1554,2,2
1555,2,2
1557,2,2
1558,2,2
1560,2,2
1561,2,2
1562,1,1
1563,2,2
1564,2,2
1565,1,1
1566,5,2
1567,2,2
1568,1,1
1571,1,1
1572,2,2
1573,2,2
1574,1,1
1575,2,2
1576,2,2
1577,1,1
1578,2,2
1579,2,2
1580,1,1
1581,2,2
1582,2,2
1583,1,1
1585,2,2
1586,1,1
1587,2,2
1588,2,2
1589,1,1
1590,2,2
1591,2,2
1592,1,1
1593,2,2
1594,2,2
1595,1,1
1596,2,2
1597,2,2
1598,1,1
1599,2,2
1600,2,2
1601,1,1
1603,2,2
1605,2,2
1606,2,2
1607,1,1
1608,2,2
1609,2,2
1610,1,1
1611,2,2
1612,2,2
1613,1,1
1614,2,2
1615,2,2
1616,1,1
1618,2,2
1619,1,1
1620,5,2
1621,2,2
1622,1,1
1623,5,2
1624,2,2
1625,1,1
1626,2,2
1627,2,2
1628,1,1
1629,2,2
1631,1,1
1633,2,2
1634,1,1
1635,2,2
1637,1,1
1638,2,2
1639,2,2
1640,1,1
1641,2,2
1642,2,2
1643,1,1
1644,2,2
1645,2,2
1646,1,1
1647,2,2
1648,2,2
1649,1,1
1650,2,2
1651,2,2
1652,1,1
1653,2,2
1654,2,2
1656,2,2
1657,2,2
1658,1,1
1659,2,2
1660,2,2
1661,1,1
1662,2,2
1663,2,2
1664,1,1
1665,2,2
1666,2,2
1667,1,1
1668,2,2
1669,2,2
1670,1,1
1671,2,2
1672,2,2
1673,1,1
1674,5,2
1675,2,2
1676,1,1
1677,5,2
1679,1,1
1680,2,2
1682,1,1
1683,2,2
1684,2,2
1685,1,1
1686,2,2
1687,2,2
1688,1,1
1689,2,2
1691,1,1
1692,2,2
1693,2,2
1694,1,1
1695,2,2
1696,2,2
1697,1,1
1698,2,2
1700,1,1
1701,2,2
1703,1,1
1704,2,2
1707,2,2
1708,2,2
1710,2,2
1711,2,2
1712,1,1
1713,2,2
1714,2,2
1715,1,1
1716,2,2
1717,2,2
1718,1,1
1719,2,2
1720,2,2
1721,1,1
1722,2,2
1723,2,2
1724,1,1
1725,2,2
1727,1,1
1728,5,2
1729,2,2
1730,1,1
1731,5,2
1732,2,2
1733,1,1
1734,2,2
1735,2,2
1736,1,1
1737,5,2
1738,2,2
1739,1,1
1740,5,2
1741,2,2
1742,1,1
1743,2,2
1744,2,2
1745,1,1
1746,5,2
1747,2,2
1748,1,1
1749,5,2
1750,2,2
1751,1,1
1752,2,2
1753,2,2
1754,1,1
1755,5,2
1756,2,2
1758,5,2
1760,1,1
1761,2,2
1762,2,2
1763,1,1
1764,5,2
1766,1,1
1767,5,2
1768,2,2
1769,1,1
1770,2,2
1771,2,2
1772,1,1
1773,5,2
1774,2,2
1775,1,1
1776,5,2
1777,2,2
1778,1,1
1779,2,2
1780,2,2
1781,1,1
1782,5,2
1783,2,2
1784,1,1
1785,5,2
1786,2,2
1787,1,1
1788,2,2
1789,2,2
1790,1,1
1791,5,2
1792,2,2
1793,1,1
1795,2,2
1796,1,1
1797,2,2
1798,2,2
1799,1,1
1800,5,2
1801,2,2
1802,1,1
1804,2,2
1805,1,1
1806,2,2
1807,2,2
1808,1,1
1810,2,2
1811,1,1
1812,5,2
1813,2,2
1814,1,1
1815,2,2
1816,2,2
1818,2,2
1819,2,2
1820,1,1
1821,2,2
1822,2,2
1823,1,1
1824,2,2
1825,2,2
1826,1,1
1827,2,2
1828,2,2
1829,1,1
1830,2,2
1831,2,2
1832,1,1
1833,2,2
1834,2,2
1835,1,1
1836,5,2
1837,2,2
1838,1,1
1839,5,2
1840,2,2
1841,1,1
1842,2,2
1843,2,2
1844,1,1
1845,2,2
1847,1,1
1848,2,2
1849,2,2
1850,1,1
1851,2,2
1852,2,2
1853,1,1
1854,2,2
1856,1,1
1857,2,2
1858,2,2
1859,1,1
1860,2,2
1862,1,1
1863,2,2
1864,2,2
1865,1,1
1867,2,2
1868,1,1
1869,2,2
1870,2,2
1871,1,1
1872,2,2
1873,2,2
1874,1,1
1875,2,2
1876,2,2
1877,1,1
1878,2,2
1879,2,2
1880,1,1
1881,2,2
1882,2,2
1883,1,1
1884,2,2
1885,2,2
1886,1,1
1887,2,2
1888,2,2
1889,1,1
1890,5,2
1892,1,1
1893,5,2
1894,2,2
1895,1,1
1896,2,2
1897,2,2
1898,1,1
1899,2,2
1901,1,1
1902,2,2
1904,1,1
1905,2,2
1906,2,2
1907,1,1
1908,2,2
1910,1,1
1911,2,2
1912,2,2
1913,1,1
1914,2,2
1915,2,2
1916,1,1
1917,2,2
1919,1,1
1922,1,1
1923,2,2
1924,2,2
1926,2,2
1927,2,2
1928,1,1
1929,2,2
1930,2,2
1931,1,1
1932,2,2
1933,2,2
1934,1,1
1935,2,2
1936,2,2
1937,1,1
1938,2,2
1939,2,2
1940,1,1
1941,2,2
1942,2,2
1943,1,1
1944,5,2
1945,2,2
1947,5,2
1948,2,2
1949,1,1
1950,2,2
1951,2,2
1952,1,1
1953,5,2
1954,2,2
1955,1,1
1956,5,2
1957,2,2
1958,1,1
1960,2,2
1961,1,1
1962,5,2
1963,2,2
1964,1,1
1965,5,2
1966,2,2
1967,1,1
1968,2,2
1969,2,2
1970,1,1
1971,5,2
1972,2,2
1973,1,1
1975,2,2
1976,1,1
1977,2,2
1978,2,2
1979,1,1
1980,2,2
1981,2,2
1982,1,1
1983,2,2
1984,2,2
1985,1,1
1986,2,2
1987,2,2
1988,1,1
1989,2,2
1990,2,2
1991,1,1
1992,2,2
1993,2,2
1994,1,1
1995,2,2
1997,1,1
1998,5,2
1999,2,2
2000,1,1
2001,5,2
2002,2,2
2003,1,1
2004,2,2
2005,2,2
2006,1,1
2007,5,2
2008,2,2
2009,1,1
2011,2,2
2012,1,1
2013,2,2
2014,2,2
2015,1,1
2016,5,2
2017,2,2
2018,1,1
2020,2,2
2021,1,1
2022,2,2
2023,2,2
2024,1,1
2025,5,2
2026,2,2
2027,1,1
2029,2,2
2030,1,1
2032,2,2
2034,2,2
2035,2,2
2036,1,1
2037,2,2
2038,2,2
2039,1,1
2040,2,2
2041,2,2
2042,1,1
2043,2,2
2044,2,2
2045,1,1
2046,2,2
2047,2,2
2048,1,1
2049,2,2
2050,2,2
2051,1,1
2053,2,2
2054,1,1
2055,5,2
2056,2,2
2057,1,1
2059,2,2
2060,1,1
2061,2,2
2062,2,2
2063,1,1
2064,2,2
2065,2,2
2066,1,1
2067,2,2
2068,2,2
2069,1,1
2070,2,2
2072,1,1
2073,2,2
2074,2,2
2075,1,1
2076,2,2
2077,2,2
2078,1,1
2079,2,2
2080,2,2
2081,1,1
2083,2,2
2084,1,1
2085,2,2
2086,2,2
2087,1,1
2088,2,2
2089,2,2
2090,1,1
2091,2,2
2092,2,2
2093,1,1
2094,2,2
2095,2,2
2096,1,1
2097,2,2
2098,2,2
2100,2,2
2101,2,2
2102,1,1
2103,2,2
2104,2,2
2106,5,2
2107,2,2
2108,1,1
2109,5,2
2110,2,2
2111,1,1
2112,2,2
2113,2,2
2114,1,1
2115,2,2
2116,2,2
2117,1,1
2118,2,2
2119,2,2
2122,2,2
2123,1,1
2124,2,2
2125,2,2
2126,1,1
2127,2,2
2128,2,2
2129,1,1
2130,2,2
2131,2,2
2132,1,1
2134,2,2
2135,1,1
2136,2,2
2137,2,2
2138,1,1
2139,2,2
2140,2,2
2141,1,1
2142,2,2
2143,2,2
2144,1,1
2145,2,2
2146,2,2
2147,1,1
2149,2,2
2150,1,1
2151,2,2
2152,2,2
2153,1,1
2154,2,2
2155,2,2
2156,1,1
2157,2,2
2158,2,2
2159,1,1
2160,5,2
2161,2,2
2163,5,2
2164,2,2
2165,1,1
2166,2,2
2167,2,2
2169,5,2
2170,2,2
2172,5,2
2173,2,2
2174,1,1
2175,2,2
2176,2,2
2177,1,1
2178,5,2
2179,2,2
2181,5,2
2182,2,2
2183,1,1
2184,2,2
2186,1,1
2187,5,2
2188,2,2
2189,1,1
2190,5,2
2191,2,2
2192,1,1
2193,2,2
2194,2,2
2196,2,2
2197,2,2
2198,1,1
2199,2,2
2200,2,2
2201,1,1
2202,2,2
2204,1,1
2206,2,2
2207,1,1
2208,2,2
2209,2,2
2210,1,1
2211,2,2
2212,2,2
2213,1,1
2214,5,2
2216,1,1
2217,5,2
2218,2,2
2220,2,2
2221,2,2
2222,1,1
2223,2,2
2224,2,2
2225,1,1
2227,2,2
2228,1,1
2229,2,2
2230,2,2
2231,1,1
2232,2,2
2233,2,2
2234,1,1
2235,2,2
2236,2,2
2238,2,2
2239,2,2
2240,1,1
2241,2,2
2242,2,2
2243,1,1
2244,2,2
2245,2,2
2246,1,1
2247,2,2
2248,2,2
2249,1,1
2250,2,2
2251,2,2
2252,1,1
2253,2,2
2254,2,2
2255,1,1
2256,2,2
2257,2,2
2258,1,1
2259,2,2
2260,2,2
2261,1,1
2262,2,2
2263,2,2
2264,1,1
2265,2,2
2266,2,2
2267,1,1
2268,5,2
2269,2,2
2270,1,1
2271,5,2
2272,2,2
2273,1,1
2274,2,2
2275,2,2
2277,2,2
2279,1,1
2281,2,2
2282,1,1
2283,2,2
2284,2,2
2285,1,1
2287,2,2
2288,1,1
2289,2,2
2290,2,2
2291,1,1
2292,2,2
2293,2,2
2294,1,1
2295,2,2
2296,2,2
2298,2,2
2299,2,2
2300,1,1
2302,2,2
2303,1,1
2304,2,2
2305,2,2
2306,1,1
2307,2,2
2308,2,2
2309,1,1
2310,2,2
2311,2,2
2312,1,1
2313,2,2
2314,2,2
2315,1,1
2316,2,2
2318,1,1
2319,2,2
2320,2,2
2321,1,1
2322,5,2
2323,2,2
2324,1,1
2325,5,2
2326,2,2
2328,2,2
2329,2,2
2330,1,1
2331,2,2
2332,2,2
2333,1,1
2334,2,2
2335,2,2
2337,2,2
2338,2,2
2339,1,1
2340,2,2
2341,2,2
2342,1,1
2343,2,2
2344,2,2
2345,1,1
2346,2,2
2347,2,2
2348,1,1
2349,2,2
2350,2,2
2351,1,1
2352,2,2
2353,2,2
2354,1,1
2355,2,2
2356,2,2
2357,1,1
2358,2,2
2359,2,2
2360,1,1
2361,2,2
2362,2,2
2363,1,1
2364,2,2
2365,2,2
2366,1,1
2367,2,2
2368,2,2
2369,1,1
2370,2,2
2371,2,2
2372,1,1
2373,2,2
2376,5,2
2377,2,2
2378,1,1
2379,5,2
2380,2,2
2381,1,1
2382,2,2
2383,2,2
2384,1,1
2385,2,2
2386,2,2
2387,1,1
2388,2,2
2389,2,2
2390,1,1
2391,2,2
2392,2,2
2393,1,1
2394,2,2
2395,2,2
2398,2,2
2399,1,1
2400,2,2
2401,2,2
2402,1,1
2403,2,2
2404,2,2
2405,1,1
2406,2,2
2407,2,2
2408,1,1
2409,2,2
2410,2,2
2411,1,1
2412,2,2
2413,2,2
2414,1,1
2415,2,2
2416,2,2
2417,1,1
2418,2,2
2419,2,2
2420,1,1
2421,2,2
2422,2,2
2423,1,1
2424,2,2
2425,2,2
2426,1,1
2427,2,2
2429,1,1
2430,5,2
2431,2,2
2432,1,1
2433,5,2
2434,2,2
2435,1,1
2436,2,2
2437,2,2
2438,1,1
2439,2,2
2440,2,2
2441,1,1
2442,2,2
2443,2,2
2445,2,2
2446,2,2
2447,1,1
2448,2,2
2449,2,2
2450,1,1
2451,2,2
2453,1,1
2457,2,2
2458,2,2
2459,1,1
2460,2,2
2461,2,2
2462,1,1
2463,2,2
2464,2,2
2465,1,1
2466,2,2
2468,1,1
2469,2,2
2470,2,2
2471,1,1
2472,2,2
2473,2,2
2474,1,1
2475,2,2
2476,2,2
2477,1,1
2479,2,2
2480,1,1
2481,2,2
2482,2,2
2483,1,1
2484,5,2
2485,2,2
2486,1,1
2487,5,2
2488,2,2
2489,1,1
2490,2,2
2492,1,1
2493,2,2
2494,2,2
2495,1,1
2496,2,2
2497,2,2
2498,1,1
2499,2,2
2500,2,2
2501,1,1
2502,2,2
2503,2,2
2504,1,1
2505,2,2
2507,1,1
2508,2,2
2509,2,2
2510,1,1
2511,2,2
2512,2,2
2513,1,1
2514,2,2
2515,2,2
2516,1,1
2517,2,2
2518,2,2
2519,1,1
2520,2,2
2521,2,2
2522,1,1
2523,2,2
2525,1,1
2526,2,2
2528,1,1
2529,2,2
2530,2,2
2531,1,1
2533,2,2
2534,1,1
2535,2,2
2536,2,2
2537,1,1
2538,5,2
2539,2,2
2540,1,1
2541,5,2
2542,2,2
2544,2,2
2545,2,2
2546,1,1
2548,2,2
2550,2,2
2551,2,2
2552,1,1
2553,2,2
2554,2,2
2555,1,1
2556,2,2
2557,2,2
2558,1,1
2559,2,2
2560,2,2
2561,1,1
2563,2,2
2564,1,1
2565,2,2
2566,2,2
2567,1,1
2568,2,2
2569,2,2
2570,1,1
2571,2,2
2572,2,2
2573,1,1
2574,2,2
2575,2,2
2576,1,1
2577,2,2
2578,2,2
2579,1,1
2580,2,2
2581,2,2
2582,1,1
2583,2,2
2584,2,2
2585,1,1
2587,2,2
2589,2,2
2590,2,2
2591,1,1
2592,2,2
2593,2,2
2594,1,1
2597,1,1
2599,2,2
2600,1,1
2601,2,2
2602,2,2
2603,1,1
2604,2,2
2605,2,2
2606,1,1
2607,2,2
2608,2,2
2609,1,1
2610,2,2
2611,2,4
2612,1,1
2613,2,2
2614,2,4
2615,1,1
2616,2,2
2617,2,2
2618,1,1
2619,2,2
2620,2,4
2621,1,1
2622,2,2
2624,1,1
2626,2,4
2627,1,1
2629,2,4
2630,1,1
2631,2,2
2632,2,4
2633,1,1
2634,2,2
2635,2,4
2636,1,1
2637,2,2
2639,1,1
2640,2,2
2641,2,4
2642,1,1
2643,2,4
2645,1,1
2646,2,2
2647,2,2
2648,1,1
2650,2,2
2651,1,1
2652,2,2
2653,2,2
2654,1,1
2655,2,2
2656,2,4
2657,1,1
2658,2,2
2659,2,4
2660,1,1
2661,2,2
2662,2,4
2663,1,1
2665,2,4
2666,1,1
2668,2,4
2670,2,2
2671,2,4
2673,2,2
2674,2,4
2675,1,1
2676,2,2
2677,2,4
2678,1,1
2679,2,2
2680,2,4
2682,2,2
2684,1,1
2686,4,4
2687,1,1
2688,4,4
2689,4,4
2690,1,1
2691,2,2
2692,4,4
2694,2,2
2695,4,4
2696,1,1
2697,4,4
2698,4,4
2699,1,1
2700,2,2
2701,2,2
2702,1,1
2703,2,2
2704,2,2
2705,1,1
2706,2,2
2707,2,4
2708,1,1
2709,2,2
2710,4,4
2711,1,1
2712,2,2
2713,4,4
2714,1,1
2715,4,2
2716,4,4
2717,1,1
2718,2,2
2719,4,4
2720,1,1
2721,2,2
2722,4,4
2723,1,1
2724,4,2
2725,4,4
2726,1,1
2727,2,2
2729,1,1
2730,2,2
2731,4,4
2732,1,1
2733,4,4
2734,4,4
2735,1,1
2736,2,2
2737,4,4
2739,2,2
2740,4,4
2741,1,1
2742,4,2
2743,4,4
2746,4,4
2747,1,1
2748,2,2
2749,4,4
2750,1,1
2751,4,4
2752,4,4
2753,1,1
2754,2,2
2755,2,2
2756,1,1
2757,2,2
2758,2,2
2759,1,1
2760,2,2
2763,2,2
2764,4,4
2766,2,2
2767,4,4
2768,1,1
2769,4,2
2770,4,4
2772,2,2
2773,4,4
2774,1,1
2775,2,2
2776,4,4
2778,4,2
2779,4,4
2780,1,1
2782,4,4
2783,1,1
2784,2,2
2785,4,4
2786,1,1
2787,4,4
2788,4,4
2789,1,1
2790,2,2
2791,4,4
2792,1,1
2793,2,2
2794,4,4
2795,1,1
2796,4,4
2797,4,4
2798,1,1
2799,2,2
2800,4,4
2801,1,1
2802,2,2
2805,4,4
2806,4,4
2809,2,2
2810,1,1
2811,2,2
2812,2,2
2813,1,1
2814,2,2
2815,2,2
2816,1,1
2817,2,2
2818,2,4
2819,1,1
2820,2,2
2821,2,4
2822,1,1
2823,2,2
2824,2,4
2825,1,1
2826,2,2
2827,2,4
2828,1,1
2829,2,2
2830,2,4
2831,1,1
2832,2,2
2834,1,1
2835,2,2
2836,2,4
2837,1,1
2838,2,2
2840,1,1
2841,2,2
2842,2,4
2843,1,1
2844,2,2
2845,4,4
2846,1,1
2847,2,2
2848,4,4
2849,1,1
2850,4,2
2851,4,4
2853,2,2
2854,4,4
2855,1,1
2857,4,4
2859,4,4
2860,4,4
2861,1,1
2862,2,2
2863,2,2
2864,1,1
2866,2,2
2867,1,1
2868,2,2
2869,2,2
2870,1,1
2871,2,2
2872,2,4
2873,1,1
2874,2,2
2875,2,4
2877,2,2
2878,2,4
2879,1,1
2880,2,2
2881,2,4
2882,1,1
2883,2,2
2884,2,4
2885,1,1
2886,2,2
2887,2,4
2888,1,1
2889,2,2
2890,2,4
2891,1,1
2892,2,2
2893,2,4
2894,1,1
2895,2,2
2896,2,4
2897,1,1
2898,2,2
2899,4,4
2900,1,1
2901,2,2
2902,4,4
2903,1,1
2904,4,4
2905,4,4
2906,1,1
2907,2,2
2908,4,4
2909,1,1
2910,2,2
2911,4,4
2912,1,1
2913,4,4
2914,4,4
2915,1,1
2916,2,2
2917,2,4
2918,1,1
2919,2,2
2920,2,2
2921,1,1
2922,2,2
2923,2,4
2924,1,1
2925,2,2
2926,4,4
2927,1,1
2928,2,2
2929,4,4
2930,1,1
2932,4,4
2933,1,1
2934,2,2
2935,4,4
2936,1,1
2937,2,2
2938,4,4
2939,1,1
2940,4,2
2941,4,4
2942,1,1
2943,2,2
2944,4,4
2947,4,4
2948,1,1
2949,4,4
2950,4,4
2951,1,1
2952,2,2
2953,4,4
2954,1,1
2955,2,2
2957,1,1
2958,4,4
2959,4,4
2960,1,1
2961,2,2
2962,4,4
2963,1,1
2964,2,2
2965,4,4
2966,1,1
2967,4,4
2968,4,4
2969,1,1
2970,2,2
2971,2,2
2972,1,1
2973,2,2
2974,2,2
2975,1,1
2976,2,2
2977,2,2
2978,1,1
2980,4,4
2981,1,1
2982,2,2
2983,4,4
2984,1,1
2985,4,2
2986,4,4
2987,1,1
2988,2,2
2989,4,4
2991,2,2
2992,4,4
2993,1,1
2994,4,2
2995,4,4
2996,1,1
2997,2,2
2998,4,4
3000,2,2
3001,4,4
3002,1,1
3003,4,4
3004,4,4
3006,2,2
3007,4,4
3008,1,1
3009,2,2
3011,1,1
3012,4,4
3014,1,1
3015,2,2
3017,1,1
3018,2,2
3019,4,4
3020,1,1
3021,4,4
3022,4,4
3023,1,1
3024,2,2
3025,2,2
3026,1,1
3028,2,2
3029,1,1
3030,2,2
3031,2,2
3032,1,1
3033,2,2
3034,2,4
3035,1,1
3036,2,2
3037,2,4
3042,2,2
3043,2,4
3044,1,1
3046,2,4
3047,1,1
3049,2,4
3050,1,1
3051,2,2
3052,2,4
3053,1,1
3054,2,2
3056,1,1
3058,2,4
3059,1,1
3060,2,2
3062,1,1
3063,2,2
3064,4,4
3065,1,1
3066,4,4
3067,4,4
3068,1,1
3069,2,2
3070,4,4
3071,1,1
3072,2,2
3074,1,1
3075,4,4
3076,4,4
3078,2,2
3079,2,2
3080,1,1
3081,2,2
3082,2,2
3083,1,1
3084,2,2
3086,1,1
3087,2,2
3088,4,4
3089,1,1
3090,2,2
3091,4,4
3092,1,1
3093,4,2
3094,4,4
3095,1,1
3096,2,2
3097,4,4
3098,1,1
3099,2,2
3100,4,4
3101,1,1
3102,4,2
3103,4,4
3105,2,2
3106,4,4
3108,2,2
3109,4,4
3110,1,1
3111,4,2
3113,1,1
3114,2,2
3115,4,4
3116,1,1
3117,2,2
3118,4,4
3119,1,1
3120,4,4
3121,4,4
3122,1,1
3123,2,2
3124,4,4
3125,1,1
3126,2,2
3127,4,4
3130,4,4
3131,1,1
3132,2,2
3133,2,4
3134,1,1
3136,2,2
3137,1,1
3138,2,2
3139,2,4
3140,1,1
3141,2,2
3142,4,4
3143,1,1
3144,2,2
3145,4,4
3146,1,1
3147,4,2
3148,4,4
3149,1,1
3151,4,4
3153,2,2
3154,4,4
3155,1,1
3156,4,2
3157,4,4
3158,1,1
3159,2,2
3160,4,4
3161,1,1
3162,2,2
3163,4,4
3164,1,1
3165,4,4
3166,4,4
3167,1,1
3168,2,2
3169,4,4
3170,1,1
3171,2,2
3172,4,4
3173,1,1
3174,4,4
3175,4,4
3176,1,1
3177,2,2
3178,4,4
3179,1,1
3180,2,2
3182,1,1
3183,4,4
3185,1,1
3186,2,2
3188,1,1
3189,2,2
3191,1,1
3192,2,2
3193,2,2
3194,1,1
3196,4,4
3197,1,1
3198,2,2
3199,4,4
3200,1,1
3201,4,4
3202,4,4
3203,1,1
3204,2,2
3205,4,4
3206,1,1
3208,4,4
3210,4,2
3211,4,4
3213,2,2
3214,4,4
3215,1,1
3216,2,2
3217,4,4
3218,1,1
3219,4,4
3220,4,4
3221,1,1
3222,2,2
3223,4,4
3224,1,1
3225,2,2
3226,4,4
3227,1,1
3228,4,4
3229,4,4
3230,1,1
3231,2,2
3232,4,4
3233,1,1
3234,2,2
3235,4,4
3236,1,1
3237,4,4
3238,4,4
3239,1,1
3240,2,2
3241,2,2
3242,1,1
3243,2,2
3244,2,2
3245,1,1
3246,2,2
3247,2,2
3248,1,1
3249,2,2
3250,4,4
3251,1,1
3252,2,2
3253,4,4
3254,1,1
3256,4,4
3257,1,1
3258,2,2
3259,4,4
3260,1,1
3261,2,2
3262,4,4
3263,1,1
3264,4,2
3265,4,4
3266,1,1
3267,2,2
3268,4,4
3271,4,4
3272,1,1
3273,4,4
3274,4,4
3275,1,1
3276,2,2
3278,1,1
3279,2,2
3281,1,1
3282,4,4
3283,4,4
3284,1,1
3285,2,2
3286,4,4
3287,1,1
3288,2,2
3289,4,4
3290,1,1
3291,4,4
3292,4,4
3293,1,1
3294,2,2
3295,2,2
3296,1,1
3297,2,2
3298,2,2
3299,1,1
3300,2,2
3302,1,1
3303,2,2
3304,4,4
3305,1,1
3307,4,4
3308,1,1
3309,4,2
3310,4,4
3311,1,1
3312,2,2
3313,4,4
3315,2,2
3316,4,4
3317,1,1
3318,4,4
3319,4,4
3320,1,1
3321,2,2
3322,4,4
3323,1,1
3324,2,2
3325,4,4
3326,1,1
3328,4,4
3329,1,1
3330,2,2
3331,4,4
3332,1,1
3333,2,2
3336,4,4
3337,4,4
3338,1,1
3339,2,2
3341,1,1
3342,2,2
3344,1,1
3345,4,4
3347,1,1
3348,2,2
3349,2,4
3350,1,1
3351,2,2
3352,2,4
3353,1,1
3354,2,2
3355,2,4
3356,1,1
3358,4,4
3359,1,1
3360,2,2
3361,4,4
3362,1,1
3363,4,2
3365,1,1
3366,2,2
3368,1,1
3369,2,2
3370,4,4
3371,1,1
3372,4,4
3373,4,4
3374,1,1
3375,2,2
3376,4,4
3377,1,1
3378,2,2
3379,4,4
3382,4,4
3383,1,1
3384,2,2
3385,4,4
3386,1,1
3387,2,2
3388,4,4
3389,1,1
3390,4,4
3392,1,1
3393,2,2
3394,4,4
3395,1,1
3396,2,2
3397,4,4
3398,1,1
3399,4,4
3400,4,4
3402,2,2
3403,2,4
3404,1,1
3405,2,2
3406,2,4
3407,1,1
3408,2,2
3409,2,4
3410,1,1
3411,2,2
3412,4,4
3415,4,4
3416,1,1
3417,4,4
3418,4,4
3420,2,2
3421,4,4
3422,1,1
3423,2,2
3424,4,4
3425,1,1
3426,4,4
3427,4,4
3428,1,1
3429,2,2
3430,4,4
3431,1,1
3432,2,2
3433,4,4
3434,1,1
3435,4,4
3436,4,4
3437,1,1
3440,1,1
3441,2,2
3442,4,4
3443,1,1
3445,4,4
3446,1,1
3447,2,2
3448,4,4
3450,2,2
3451,4,4
3452,1,1
3453,4,4
3454,4,4
3455,1,1
3456,2,2
3457,2,4
3458,1,1
3459,2,2
3460,2,4
3461,1,1
3462,2,4
3463,2,4
3464,1,1
3465,2,2
3466,4,4
3467,1,1
3468,2,2
3469,4,4
3470,1,1
3471,4,4
3472,4,4
3473,1,1
3474,2,2
3475,4,4
3476,1,1
3477,2,2
3478,4,4
3479,1,1
3480,4,4
3481,4,4
3482,1,1
3483,2,2
3484,4,4
3485,1,1
3486,2,2
3487,4,4
3488,1,1
3489,4,4
3490,4,4
3491,1,1
3492,2,4
3493,4,4
3494,1,1
3496,4,4
3497,1,1
3498,4,4
3499,4,4
3500,1,1
3501,2,4
3502,4,4
3503,1,1
3505,4,4
3506,1,1
3507,4,4
3508,4,4
3509,1,1
3511,4,4
3512,1,1
3513,2,2
3514,4,4
3515,1,1
3516,4,4
3517,4,4
3518,1,1
3519,2,2
3520,4,4
3521,1,1
3523,4,4
3525,4,4
3526,4,4
3527,1,1
3528,2,4
3530,1,1
3531,2,4
3532,4,4
3533,1,1
3534,4,4
3535,4,4
3536,1,1
3537,2,4
3538,4,4
3539,1,1
3540,2,4
3541,4,4
3542,1,1
3543,4,4
3544,4,4
3545,1,1
3546,4,4
3547,4,4
3548,1,1
3549,4,4
3550,4,4
3552,4,4
3553,4,4
3554,1,1
3555,4,4
3557,1,1
3558,4,4
3559,4,4
3560,1,1
3561,4,4
3562,4,4
3564,2,2
3565,4,4
3566,1,1
3567,2,2
3569,1,1
3570,4,4
3571,4,4
3572,1,1
3573,4,4
3574,4,4
3575,1,1
3576,4,4
3578,1,1
3579,4,4
3580,4,4
3581,1,1
3582,4,4
3583,4,4
3584,1,1
3585,4,4
3586,4,4
3587,1,1
3588,4,4
3590,1,1
3591,4,4
3592,4,4
3593,1,1
3594,4,4
3595,4,4
3596,1,1
3597,4,4
3598,4,4
3599,1,1
3600,4,4
3601,4,4
3602,1,1
3604,4,4
3605,1,1
3606,4,4
3607,4,4
3608,1,1
3609,4,4
3610,4,4
3611,1,1
3612,4,4
3613,4,4
3614,1,1
3615,4,4
3616,4,4
3617,1,1
3618,2,2
3619,4,4
3620,1,1
3621,2,2
3622,4,4
3623,1,1
3624,4,4
3625,4,4
3626,1,1
3628,4,4
3629,1,1
3631,4,4
3632,1,1
3633,4,4
3634,4,4
3635,1,1
3636,4,4
3638,1,1
3639,4,4
3640,4,4
3641,1,1
3642,4,4
3643,4,4
3644,1,1
3645,4,4
3647,1,1
3648,4,4
3649,4,4
3650,1,1
3651,4,4
3652,4,4
3653,1,1
3654,4,4
3655,4,4
3656,1,1
3657,4,4
3658,4,4
3659,1,1
3660,4,4
3661,4,4
3662,1,1
3663,4,4
3664,4,4
3666,4,4
3667,4,4
3668,1,1
3669,4,4
3670,4,4
3671,1,1
3673,4,4
3674,1,1
3676,4,4
3677,1,1
3678,4,4
3679,4,4
3680,1,1
3681,2,2
3682,4,4
3683,1,1
3684,2,2
3685,4,4
3687,4,4
3688,4,4
3689,1,1
3690,2,2
3691,4,4
3692,1,1
3693,2,4
3694,4,4
3695,1,1
3696,4,4
3697,4,4
3698,1,1
3699,2,4
3700,4,4
3701,1,1
3702,2,4
3703,4,4
3704,1,1
3705,4,4
3706,4,4
3707,1,1
3708,4,4
3709,4,4
3710,1,1
3711,4,4
3712,4,4
3713,1,1
3714,4,4
3715,4,4
3716,1,1
3717,4,4
3718,4,4
3719,1,1
3720,4,4
3721,4,4
3722,1,1
3723,4,4
3724,4,4
3725,1,1
3726,2,2
3727,4,4
3728,1,1
3729,2,2
3731,1,1
3732,4,4
3733,4,4
3734,1,1
3735,2,2
3736,4,4
3737,1,1
3738,2,2
3739,4,4
3740,1,1
3741,4,4
3742,4,4
3743,1,1
3744,2,4
3745,4,4
3746,1,1
3747,2,4
3748,4,4
3749,1,1
3750,4,4
3751,4,4
3752,1,1
3753,2,4
3754,4,4
3755,1,1
3757,4,4
3758,1,1
3759,4,4
3760,4,4
3761,1,1
3762,4,4
3763,4,4
3764,1,1
3765,4,4
3767,1,1
3768,4,4
3769,4,4
3770,1,1
3771,4,4
3772,4,4
3773,1,1
3774,4,4
3775,4,4
3776,1,1
3777,4,4
3778,4,4
3779,1,1
3780,2,2
3781,4,4
3782,1,1
3783,2,2
3784,4,4
3785,1,1
3786,4,4
3787,4,4
3788,1,1
3789,4,4
3790,4,4
3791,1,1
3792,4,4
3793,4,4
3794,1,1
3796,4,4
3797,1,1
3798,4,4
3799,4,4
3800,1,1
3801,4,4
3802,4,4
3803,1,1
3804,4,4
3805,4,4
3806,1,1
3807,4,4
3808,4,4
3809,1,1
3810,4,4
3811,4,4
3812,1,1
3813,4,4
3814,4,4
3816,4,4
3817,4,4
3818,1,1
3819,4,4
3820,4,4
3821,1,1
3822,4,4
3823,4,4
3824,1,1
3825,4,4
3826,4,4
3827,1,1
3828,4,4
3829,4,4
3830,1,1
3831,4,4
3832,4,4
3833,1,1
3834,2,2
3835,4,4
3837,2,2
3838,4,4
3839,1,1
3840,4,4
3841,4,4
3842,1,1
3843,4,4
3845,1,1
3846,4,4
3847,4,4
3848,1,1
3849,4,4
3850,4,4
3851,1,1
3852,4,4
3853,4,4
3854,1,1
3855,4,4
3856,4,4
3857,1,1
3859,4,4
3860,1,1
3861,4,4
3862,4,4
3864,4,4
3865,4,4
3866,1,1
3867,4,4
3868,4,4
3869,1,1
3870,4,4
3871,4,4
3872,1,1
3873,4,4
3874,4,4
3875,1,1
3876,4,4
3879,4,4
3880,4,4
3881,1,1
3882,4,4
3883,4,4
3884,1,1
3885,4,4
3886,4,4
3887,1,1
3888,2,2
3889,4,4
3890,1,1
3891,2,2
3893,1,1
3894,4,4
3895,4,4
3897,2,2
3898,4,4
3900,2,2
3902,1,1
3904,4,4
3905,1,1
3906,2,4
3907,4,4
3909,2,4
3910,4,4
3912,4,4
3913,4,4
3914,1,1
3915,2,4
3916,4,4
3917,1,1
3918,2,4
3919,4,4
3920,1,1
3921,4,4
3922,4,4
3923,1,1
3924,4,4
3925,4,4
3926,1,1
3927,4,4
3928,4,4
3929,1,1
3930,4,4
3931,4,4
3932,1,1
3933,4,4
3934,4,4
3935,1,1
3938,1,1
3939,4,4
3940,4,4
3941,1,1
3942,2,2
3943,4,4
3944,1,1
3945,2,2
3946,4,4
3947,1,1
3948,4,4
3949,4,4
3950,1,1
3951,4,4
3953,1,1
3955,4,4
3956,1,1
3957,4,4
3958,4,4
3960,4,4
3962,1,1
3963,4,4
3964,4,4
3965,1,1
3966,4,4
3967,4,4
3969,4,4
3970,4,4
3971,1,1
3972,4,4
3973,4,4
3974,1,1
3975,4,4
3976,4,4
3978,4,4
3979,4,4
3980,1,1
3981,4,4
3982,4,4
3983,1,1
3984,4,4
3985,4,4
3986,1,1
3987,4,4
3988,4,4
3989,1,1
3990,4,4
3991,4,4
3992,1,1
3993,4,4
3994,4,4
3995,1,1
3996,2,2
3998,1,1
3999,2,2
4000,4,4
4001,1,1
4002,4,4
4003,4,4
4004,1,1
4005,4,4
4006,4,4
4008,4,4
4010,1,1
4011,4,4
4012,4,4
4014,4,4
4016,1,1
4017,4,4
4018,4,4
4019,1,1
4020,4,4
4021,4,4
4022,1,1
4023,4,4
4024,4,4
4025,1,1
4026,4,4
4027,4,4
4028,1,1
4029,4,4
4030,4,4
4031,1,1
4032,4,4
4033,4,4
4034,1,1
4035,4,4
4036,4,4
4037,1,1
4038,4,4
4039,4,4
4040,1,1
4041,4,4
4042,4,4
4043,1,1
4044,4,4
4045,4,4
4046,1,1
4047,4,4
4048,4,4
4049,1,1
4050,2,2
4051,4,4
4052,1,1
4053,2,2
4054,4,4
4055,1,1
4056,4,4
4057,4,4
4058,1,1
4059,4,4
4060,4,4
4061,1,1
4062,4,4
4063,4,4
4064,1,1
4065,4,4
4066,4,4
4067,1,1
4068,4,4
4069,4,4
4070,1,1
4071,4,4
4072,4,4
4073,1,1
4074,4,4
4075,4,4
4076,1,1
4077,4,4
4078,4,4
4079,1,1
4080,4,4
4081,4,4
4082,1,1
4084,4,4
4085,1,1
4086,4,4
4087,4,4
4088,1,1
4089,4,4
4091,1,1
4092,4,4
4093,4,4
4094,1,1
4095,4,4
4096,4,4
4097,1,1
4098,4,4
4099,4,4
4100,1,1
4101,4,4
4102,4,4
4105,4,4
4107,2,2
4108,4,4
4110,4,4
4113,4,4
4114,4,4
4115,1,1
4116,4,4
4117,4,4
4118,1,1
4119,4,4
4120,4,4
4121,1,1
4122,4,4
4124,1,1
4125,4,4
4126,4,4
4128,4,4
4129,4,4
4130,1,1
4131,4,4
4132,4,4
4133,1,1
4134,4,4
4135,4,4
4136,1,1
4137,4,4
4138,4,4
4139,1,1
4140,4,4
4141,4,4
4142,1,1
4143,4,4
4145,1,1
4146,4,4
4147,4,4
4148,1,1
4149,4,4
4150,4,4
4151,1,1
4152,4,4
4153,4,4
4154,1,1
4155,4,4
4156,4,4
4157,1,1
4158,2,2
4159,4,4
4160,1,1
4161,2,2
4162,4,4
4163,1,1
4164,4,4
4165,4,4
4166,1,1
4168,4,4
4169,1,1
4170,4,4
4171,4,4
4172,1,1
4173,4,4
4174,4,4
4175,1,1
4176,4,4
4177,4,4
4178,1,1
4180,4,4
4181,1,1
4182,4,4
4183,4,4
4184,1,1
4185,4,4
4186,4,4
4187,1,1
4189,4,4
4190,1,1
4191,4,4
4192,4,4
4193,1,1
4194,4,4
4195,4,4
4196,1,1
4197,4,4
4198,4,4
4199,1,1
4200,4,4
4201,4,4
4202,1,1
4203,4,4
4205,1,1
4206,4,4
4207,4,4
4208,1,1
4209,4,4
4210,4,4
4211,1,1
4212,2,2
4213,4,4
4214,1,1
4215,2,2
4216,4,4
4217,1,1
4218,4,4
4220,1,1
4221,4,4
4222,4,4
4223,1,1
4224,4,4
4225,4,4
4226,1,1
4227,4,4
4228,4,4
4229,1,1
4230,4,4
4232,1,1
4233,4,4
4235,1,1
4237,4,4
4238,1,1
4239,4,4
4240,4,4
4241,1,1
4244,1,1
4245,4,4
4246,4,4
4247,1,1
4248,4,4
4250,1,1
4251,4,4
4252,4,4
4253,1,1
4254,4,4
4255,4,4
4256,1,1
4257,4,4
4258,4,4
4259,1,1
4260,4,4
4261,4,4
4262,1,1
4263,4,4
4264,4,4
4265,1,1
4266,2,2
4267,4,4
4268,1,1
4269,2,2
4270,4,4
4271,1,1
4272,4,4
4273,4,4
4274,1,1
4275,4,4
4276,4,4
4277,1,1
4278,4,4
4279,4,4
4280,1,1
4281,4,4
4282,4,4
4283,1,1
4285,4,4
4287,4,4
4288,4,4
4289,1,1
4290,4,4
4291,4,4
4292,1,1
4293,4,4
4294,4,4
4297,4,4
4298,1,1
4299,4,4
4301,1,1
4302,4,4
4304,1,1
4305,4,4
4306,4,4
4307,1,1
4308,4,4
4310,1,1
4311,4,4
4313,1,1
4314,4,4
4315,4,4
4317,4,4
4318,4,4
4319,1,1
4320,5,5
4321,2,2
4322,1,1
4323,5,2
4324,2,2
4325,1,1
4327,2,2
4329,5,2
4330,2,2
4331,1,1
4332,5,2
4334,1,1
4335,2,2
4336,2,2
4337,1,1
4339,2,2
4341,5,2
4342,2,2
4344,2,2
4345,2,2
4346,1,1
4347,5,2
4348,2,2
4349,1,1
4350,5,2
4351,2,2
4352,1,1
4353,2,2
4354,2,2
4355,1,1
4356,5,2
4357,2,2
4358,1,1
4359,5,2
4361,1,1
4362,2,2
4363,2,2
4364,1,1
4365,5,2
4366,2,2
4367,1,1
4368,5,2
4369,2,2
4370,1,1
4371,2,2
4372,2,2
4373,1,1
4374,5,2
4375,2,2
4376,1,1
4377,5,2
4378,2,2
4379,1,1
4380,2,2
4381,2,2
4382,1,1
4383,5,2
4385,1,1
4387,2,2
4388,1,1
4389,2,2
4390,2,2
4391,1,1
4392,5,2
4394,1,1
4395,5,2
4398,2,2
4400,1,1
4401,5,2
4402,2,2
4403,1,1
4404,5,2
4405,2,2
4406,1,1
4407,2,2
4408,2,2
4409,1,1
4410,2,2
4411,2,2
4412,1,1
4413,2,2
4414,2,2
4415,1,1
4416,2,2
4417,2,2
4418,1,1
4419,2,2
4420,2,2
4421,1,1
4422,2,2
4423,2,2
4424,1,1
4425,2,2
4426,2,2
4427,1,1
4428,5,2
4429,2,2
4430,1,1
4431,5,2
4432,2,2
4433,1,1
4434,2,2
4435,2,2
4436,1,1
4437,2,2
4438,2,2
4439,1,1
4440,2,2
4441,2,2
4442,1,1
4443,2,2
4444,2,2
4445,1,1
4446,2,2
4447,2,2
4448,1,1
4449,2,2
4450,2,2
4451,1,1
4452,2,2
4453,2,2
4454,1,1
4455,2,2
4456,2,2
4457,1,1
4458,2,2
4459,2,2
4460,1,1
4463,1,1
4464,2,2
4465,2,2
4466,1,1
4467,2,2
4468,2,2
4470,2,2
4471,2,2
4472,1,1
4473,2,2
4474,2,2
4476,2,2
4479,2,2
4480,2,2
4481,1,1
4482,5,2
4484,1,1
4485,5,2
4486,2,2
4487,1,1
4488,2,2
4489,2,2
4490,1,1
4491,2,2
4493,1,1
4494,2,2
4495,2,2
4496,1,1
4497,2,2
4499,1,1
4500,2,2
4501,2,2
4502,1,1
4503,2,2
4504,2,2
4505,1,1
4506,2,2
4507,2,2
4508,1,1
4509,2,2
4510,2,2
4511,1,1
4512,2,2
4513,2,2
4514,1,1
4515,2,2
4516,2,2
4517,1,1
4518,2,2
4520,1,1
4521,2,2
4522,2,2
4523,1,1
4524,2,2
4525,2,2
4527,2,2
4528,2,2
4529,1,1
4531,2,2
4532,1,1
4533,2,2
4535,1,1
4536,5,5
4537,2,2
4538,1,1
4539,5,2
4541,1,1
4542,2,2
4543,2,2
4544,1,1
4545,5,2
4546,2,2
4547,1,1
4548,5,2
4549,2,2
4550,1,1
4551,2,2
4553,1,1
4554,5,2
4555,2,2
4556,1,1
4557,5,2
4558,2,2
4559,1,1
4560,2,2
4561,2,2
4562,1,1
4563,5,2
4565,1,1
4566,5,2
4567,2,2
4568,1,1
4569,2,2
4570,2,2
4571,1,1
4572,2,2
4573,2,2
4574,1,1
4575,2,2
4576,2,2
4577,1,1
4578,2,2
4579,2,2
4581,2,2
4582,2,2
4583,1,1
4584,2,2
4585,2,2
4586,1,1
4587,2,2
4588,2,2
4589,1,1
4590,5,2
4591,2,2
4592,1,1
4593,5,2
4594,2,2
4595,1,1
4596,2,2
4597,2,2
4598,1,1
4599,5,2
4600,2,2
4601,1,1
4602,5,2
4603,2,2
4604,1,1
4605,2,2
4606,2,2
4609,2,2
4610,1,1
4611,5,2
4612,2,2
4613,1,1
4614,2,2
4615,2,2
4616,1,1
4617,5,2
4618,2,2
4619,1,1
4621,2,2
4622,1,1
4623,2,2
4624,2,2
4625,1,1
4626,2,2
4627,2,2
4628,1,1
4629,2,2
4630,2,2
4632,2,2
4633,2,2
4635,2,2
4636,2,2
4637,1,1
4639,2,2
4640,1,1
4641,2,2
4642,2,2
4644,5,2
4645,2,2
4646,1,1
4647,5,2
4648,2,2
4649,1,1
4650,2,2
4651,2,2
4652,1,1
4653,2,2
4654,2,2
4655,1,1
4656,2,2
4657,2,2
4659,2,2
4660,2,2
4661,1,1
4662,2,2
4663,2,2
4664,1,1
4665,2,2
4666,2,2
4667,1,1
4669,2,2
4670,1,1
4672,2,2
4673,1,1
4674,2,2
4675,2,2
4676,1,1
4677,2,2
4678,2,2
4679,1,1
4680,2,2
4681,2,2
4682,1,1
4683,2,2
4684,2,2
4685,1,1
4686,2,2
4687,2,2
4689,2,2
4690,2,2
4691,1,1
4692,2,2
4693,2,2
4694,1,1
4695,2,2
4696,2,2
4697,1,1
4698,5,2
4699,2,2
4700,1,1
4701,5,2
4702,2,2
4703,1,1
4704,2,2
4705,2,2
4706,1,1
4707,2,2
4708,2,2
4710,2,2
4711,2,2
4712,1,1
4714,2,2
4715,1,1
4717,2,2
4718,1,1
4719,2,2
4721,1,1
4722,2,2
4723,2,2
4724,1,1
4725,2,2
4726,2,2
4728,2,2
4729,2,2
4730,1,1
4731,2,2
4732,2,2
4733,1,1
4734,2,2
4735,2,2
4736,1,1
4737,2,2
4738,2,2
4739,1,1
4740,2,2
4741,2,2
4742,1,1
4743,2,2
4744,2,2
4745,1,1
4746,2,2
4747,2,2
4748,1,1
4749,2,2
4750,2,2
4751,1,1
4752,5,5
4753,2,2
4754,1,1
4755,5,2
4756,2,2
4758,2,2
4759,2,2
4761,5,2
4762,2,2
4763,1,1
4764,5,2
4765,2,2
4766,1,1
4767,2,2
4768,2,2
4769,1,1
4770,5,2
4771,2,2
4772,1,1
4773,5,2
4774,2,2
4775,1,1
4777,2,2
4778,1,1
4779,5,2
4781,1,1
4782,5,2
4783,2,2
4784,1,1
4785,2,2
4786,2,2
4787,1,1
4788,2,2
4789,2,2
4790,1,1
4791,2,2
4792,2,2
4793,1,1
4794,2,2
4795,2,2
4796,1,1
4797,2,2
4798,2,2
4799,1,1
4800,2,2
4801,2,2
4802,1,1
4803,2,2
4804,2,2
4805,1,1
4806,5,2
4807,2,2
4808,1,1
4809,5,2
4810,2,2
4811,1,1
4812,2,2
4813,2,2
4814,1,1
4815,2,2
4816,2,2
4817,1,1
4818,2,2
4819,2,2
4820,1,1
4821,2,2
4822,2,2
4823,1,1
4824,2,2
4825,2,2
4826,1,1
4827,2,2
4828,2,2
4829,1,1
4830,2,2
4831,2,2
4833,2,2
4834,2,2
4835,1,1
4836,2,2
4837,2,2
4839,2,2
4840,2,2
4841,1,1
4842,2,2
4843,2,2
4844,1,1
4845,2,2
4846,2,2
4847,1,1
4848,2,2
4849,2,2
4850,1,1
4851,2,2
4852,2,2
4853,1,1
4854,2,2
4855,2,2
4856,1,1
4857,2,2
4858,2,2
4859,1,1
4860,5,2
4861,2,2
4862,1,1
4863,5,2
4864,2,2
4866,2,2
4867,2,2
4870,2,2
4871,1,1
4872,2,2
4874,1,1
4875,2,2
4876,2,2
4877,1,1
4878,2,2
4880,1,1
4882,2,2
4883,1,1
4885,2,2
4886,1,1
4888,2,2
4889,1,1
4890,2,2
4891,2,2
4892,1,1
4893,2,2
4895,1,1
4896,2,2
4898,1,1
4899,2,2
4900,2,2
4901,1,1
4902,2,2
4903,2,2
4904,1,1
4905,2,2
4906,2,2
4907,1,1
4909,2,2
4911,2,2
4913,1,1
4914,5,2
4915,2,2
4916,1,1
4917,5,2
4918,2,2
4919,1,1
4920,2,2
4921,2,2
4922,1,1
4924,2,2
4925,1,1
4926,2,2
4927,2,2
4928,1,1
4929,2,2
4930,2,2
4931,1,1
4932,2,2
4933,2,2
4934,1,1
4935,2,2
4936,2,2
4937,1,1
4938,2,2
4939,2,2
4941,2,2
4942,2,2
4943,1,1
4944,2,2
4945,2,2
4946,1,1
4948,2,2
4949,1,1
4950,2,2
4951,2,2
4953,2,2
4954,2,2
4955,1,1
4956,2,2
4957,2,2
4958,1,1
4959,2,2
4961,1,1
4962,2,2
4963,2,2
4964,1,1
4965,2,2
4966,2,2
4967,1,1
4968,5,2
4970,1,1
4971,5,2
4972,2,2
4973,1,1
4974,2,2
4975,2,2
4976,1,1
4977,2,2
4978,2,2
4979,1,1
4981,2,2
4982,1,1
4984,2,2
4985,1,1
4987,2,2
4988,1,1
4989,2,2
4990,2,2
4991,1,1
4992,2,2
4993,2,2
4994,1,1
4995,2,2
4996,2,2
4997,1,1
4998,2,2
4999,2,2
5000,1,1
5002,2,2
5003,1,1
5004,2,2
5005,2,2
5006,1,1
5007,2,2
5008,2,2
5009,1,1
5010,2,2
5011,2,2
5012,1,1
5014,2,2
5015,1,1
5016,2,2
5017,2,2
5018,1,1
5019,2,2
5020,2,2
5021,1,1
5022,5,2
5023,2,2
5024,1,1
5025,5,2
5026,2,2
5027,1,1
5028,2,2
5029,2,2
5030,1,1
5031,2,2
5032,2,2
5033,1,1
5034,2,2
5035,2,2
5036,1,1
5037,2,2
5038,2,2
5039,1,1
5040,2,2
5041,2,2
5042,1,1
5043,2,2
5044,2,2
5045,1,1
5046,2,2
5047,2,2
5048,1,1
5049,2,2
5050,2,2
5051,1,1
5052,2,2
5054,1,1
5056,2,2
5057,1,1
5058,2,2
5059,2,2
5060,1,1
5061,2,2
5062,2,2
5063,1,1
5064,2,2
5066,1,1
5067,2,2
5068,2,2
5069,1,1
5070,2,2
5071,2,2
5072,1,1
5073,2,2
5074,2,2
5075,1,1
5076,5,2
5077,2,2
5078,1,1
5079,5,2
5080,2,2
5081,1,1
5082,2,2
5083,2,2
5085,2,2
5086,2,2
5087,1,1
5088,2,2
5089,2,2
5091,2,2
5092,2,2
5093,1,1
5095,2,2
5096,1,1
5097,2,2
5098,2,2
5099,1,1
5100,2,2
5101,2,2
5102,1,1
5104,2,2
5105,1,1
5106,2,2
5107,2,2
5108,1,1
5109,2,2
5110,2,2
5111,1,1
5112,2,2
5113,2,2
5114,1,1
5115,2,2
5116,2,2
5117,1,1
5118,2,2
5119,2,2
5120,1,1
5121,2,2
5122,2,2
5123,1,1
5125,2,2
5126,1,1
5127,2,2
5128,2,2
5129,1,1
5130,5,2
5131,2,2
5132,1,1
5133,5,2
5134,2,2
5135,1,1
5136,2,2
5137,2,2
5138,1,1
5139,2,2
5140,2,2
5143,2,2
5145,2,2
5146,2,2
5147,1,1
5148,2,2
5149,2,2
5151,2,2
5152,2,2
5153,1,1
5154,2,2
5155,2,2
5156,1,1
5157,2,2
5158,2,2
5161,2,2
5162,1,1
5163,2,2
5164,2,2
5165,1,1
5166,2,2
5167,2,2
5168,1,1
5169,2,2
5170,2,2
5171,1,1
5173,2,2
5174,1,1
5175,2,2
5176,2,2
5177,1,1
5178,2,2
5180,1,1
5181,2,2
5182,2,2
5183,1,1
5184,5,5
5185,2,2
5186,1,1
5187,5,5
5188,2,2
5190,2,2
5191,2,2
5192,1,1
5193,5,2
5194,2,2
5195,1,1
5196,5,2
5197,2,2
5199,2,2
5201,1,1
5202,5,2
5203,2,2
5204,1,1
5205,5,2
5206,2,2
5207,1,1
5208,2,2
5210,1,1
5211,5,2
5212,2,2
5214,5,2
5215,2,2
5216,1,1
5217,2,2
5218,2,2
5219,1,1
5220,5,2
5221,2,2
5222,1,1
5223,5,2
5224,2,2
5226,2,2
5227,2,2
5228,1,1
5229,5,2
5230,2,2
5231,1,1
5232,5,2
5233,2,2
5234,1,1
5235,2,2
5236,2,2
5237,1,1
5238,5,2
5239,2,2
5240,1,1
5241,5,2
5243,1,1
5244,2,2
5245,2,2
5246,1,1
5247,5,2
5248,2,2
5249,1,1
5251,2,2
5252,1,1
5253,2,2
5254,2,2
5255,1,1
5256,5,2
5257,2,2
5258,1,1
5259,5,2
5260,2,2
5261,1,1
5262,2,2
5263,2,2
5264,1,1
5265,5,2
5266,2,2
5267,1,1
5268,5,2
5269,2,2
5270,1,1
5272,2,2
5274,2,2
5275,2,2
5276,1,1
5277,2,2
5278,2,2
5279,1,1
5280,2,2
5281,2,2
5282,1,1
5283,2,2
5284,2,2
5285,1,1
5286,2,2
5287,2,2
5288,1,1
5289,2,2
5290,2,2
5291,1,1
5292,5,2
5293,2,2
5294,1,1
5295,5,2
5296,2,2
5297,1,1
5298,2,2
5299,2,2
5300,1,1
5301,2,2
5302,2,2
5303,1,1
5304,2,2
5305,2,2
5306,1,1
5307,2,2
5308,2,2
5309,1,1
5310,2,2
5311,2,2
5312,1,1
5313,2,2
5314,2,2
5317,2,2
5318,1,1
5319,2,2
5320,2,2
5321,1,1
5322,2,2
5323,2,2
5324,1,1
5325,2,2
5326,2,2
5327,1,1
5328,2,2
5329,2,2
5330,1,1
5331,2,2
5332,2,2
5333,1,1
5334,2,2
5335,2,2
5336,1,1
5337,2,2
5338,2,2
5339,1,1
5340,2,2
5342,1,1
5343,2,2
5344,2,2
5347,2,2
5348,1,1
5349,5,2
5350,2,2
5351,1,1
5352,2,2
5354,1,1
5355,2,2
5356,2,2
5357,1,1
5359,2,2
5361,2,2
5363,1,1
5364,2,2
5365,2,2
5366,1,1
5367,2,2
5368,2,2
5369,1,1
5370,2,2
5371,2,2
5372,1,1
5373,2,2
5374,2,2
5375,1,1
5376,2,2
5377,2,2
5378,1,1
5379,2,2
5380,2,2
5381,1,1
5382,2,2
5384,1,1
5385,2,2
5386,2,2
5387,1,1
5388,2,2
5389,2,2
5390,1,1
5391,2,2
5392,2,2
5393,1,1
5394,2,2
5395,2,2
5396,1,1
5397,2,2
5398,2,2
5399,1,1
5400,5,2
5402,1,1
5403,5,2
5405,1,1
5406,2,2
5407,2,2
5410,2,2
5411,1,1
5412,5,2
5413,2,2
5414,1,1
5415,2,2
5416,2,2
5417,1,1
5418,5,2
5419,2,2
5420,1,1
5421,5,2
5422,2,2
5424,2,2
5425,2,2
5426,1,1
5427,5,2
5428,2,2
5429,1,1
5430,5,2
5432,1,1
5433,2,2
5434,2,2
5435,1,1
5436,2,2
5437,2,2
5438,1,1
5439,2,2
5440,2,2
5441,1,1
5442,2,2
5443,2,2
5444,1,1
5445,2,2
5446,2,2
5448,2,2
5449,2,2
5450,1,1
5451,2,2
5452,2,2
5453,1,1
5454,5,2
5455,2,2
5456,1,1
5457,5,2
5458,2,2
5459,1,1
5460,2,2
5461,2,2
5462,1,1
5464,2,2
5465,1,1
5466,5,2
5467,2,2
5468,1,1
5469,2,2
5470,2,2
5472,5,2
5473,2,2
5474,1,1
5475,5,2
5476,2,2
5477,1,1
5478,2,2
5480,1,1
5481,5,2
5482,2,2
5483,1,1
5484,5,2
5485,2,2
5488,2,2
5489,1,1
5490,2,2
5491,2,2
5492,1,1
5493,2,2
5494,2,2
5495,1,1
5496,2,2
5497,2,2
5498,1,1
5499,2,2
5500,2,2
5501,1,1
5502,2,2
5504,1,1
5506,2,2
5507,1,1
5508,5,2
5509,2,2
5510,1,1
5511,5,2
5512,2,2
5513,1,1
5514,2,2
5516,1,1
5518,2,2
5520,2,2
5521,2,2
5522,1,1
5523,2,2
5524,2,2
5525,1,1
5526,2,2
5527,2,2
5528,1,1
5529,2,2
5530,2,2
5531,1,1
5532,2,2
5533,2,2
5534,1,1
5535,2,2
5536,2,2
5537,1,1
5538,2,2
5540,1,1
5541,2,2
5542,2,2
5543,1,1
5544,2,2
5545,2,2
5547,2,2
5548,2,2
5549,1,1
5550,2,2
5552,1,1
5553,2,2
5554,2,2
5555,1,1
5556,2,2
5557,2,2
5558,1,1
5559,2,2
5560,2,2
5561,1,1
5562,5,2
5563,2,2
5564,1,1
5565,5,2
5566,2,2
5567,1,1
5568,2,2
5569,2,2
5570,1,1
5571,2,2
5572,2,2
5573,1,1
5574,2,2
5576,1,1
5577,2,2
5578,2,2
5579,1,1
5581,2,2
5582,1,1
5583,2,2
5584,2,2
5585,1,1
5586,2,2
5587,2,2
5588,1,1
5589,2,2
5590,2,2
5591,1,1
5593,2,2
5594,1,1
5595,2,2
5596,2,2
5597,1,1
5598,2,2
5599,2,2
5600,1,1
5601,2,2
5603,1,1
5604,2,2
5605,2,2
5606,1,1
5607,2,2
5609,1,1
5610,2,2
5611,2,2
5612,1,1
5614,2,2
5615,1,1
5617,2,2
5618,1,1
5619,5,2
5620,2,2
5621,1,1
5622,2,2
5623,2,2
5624,1,1
5625,5,2
5626,2,2
5627,1,1
5628,5,2
5629,2,2
5630,1,1
5631,2,2
5632,2,2
5634,5,2
5635,2,2
5636,1,1
5637,5,2
5638,2,2
5639,1,1
5640,2,2
5641,2,2
5642,1,1
5643,5,2
5644,2,2
5645,1,1
5646,5,2
5647,2,2
5648,1,1
5649,2,2
5650,2,2
5651,1,1
5652,2,2
5653,2,2
5654,1,1
5655,2,2
5656,2,2
5658,2,2
5659,2,2
5660,1,1
5661,2,2
5662,2,2
5663,1,1
5664,2,2
5665,2,2
5666,1,1
5667,2,2
5668,2,2
5669,1,1
5670,5,2
5671,2,2
5672,1,1
5673,5,2
5674,2,2
5675,1,1
5676,2,2
5677,2,2
5678,1,1
5679,2,2
5680,2,2
5681,1,1
5682,2,2
5683,2,2
5684,1,1
5685,2,2
5686,2,2
5687,1,1
5689,2,2
5690,1,1
5691,2,2
5692,2,2
5694,2,2
5695,2,2
5696,1,1
5697,2,2
5698,2,2
5699,1,1
5700,2,2
5701,2,2
5702,1,1
5703,2,2
5704,2,2
5705,1,1
5706,2,2
5707,2,2
5708,1,1
5709,2,2
5712,2,2
5713,2,2
5714,1,1
5715,2,2
5716,2,2
5717,1,1
5718,2,2
5719,2,2
5720,1,1
5721,2,2
5722,2,2
5723,1,1
5724,5,2
5725,2,2
5726,1,1
5727,5,2
5728,2,2
5729,1,1
5730,2,2
5731,2,2
5732,1,1
5733,2,2
5734,2,2
5735,1,1
5736,2,2
5737,2,2
5738,1,1
5739,2,2
5740,2,2
5741,1,1
5742,2,2
5743,2,2
5744,1,1
5745,2,2
5746,2,2
5747,1,1
5748,2,2
5749,2,2
5750,1,1
5751,2,2
5752,2,2
5753,1,1
5754,2,2
5755,2,2
5756,1,1
5757,2,2
5759,1,1
5760,2,2
5761,2,2
5762,1,1
5763,2,2
5764,2,2
5765,1,1
5766,2,2
5767,2,2
5768,1,1
5770,2,2
5771,1,1
5772,2,2
5773,2,2
5774,1,1
5775,2,2
5776,2,2
5777,1,1
5778,5,2
5779,2,2
5780,1,1
5782,2,2
5783,1,1
5784,2,2
5785,2,2
5786,1,1
5787,2,2
5788,2,2
5789,1,1
5790,2,2
5791,2,2
5792,1,1
5793,2,2
5794,2,2
5795,1,1
5797,2,2
5798,1,1
5799,2,2
5800,2,2
5801,1,1
5802,2,2
5803,2,2
5804,1,1
5805,2,2
5806,2,2
5807,1,1
5809,2,2
5810,1,1
5811,2,2
5812,2,2
5813,1,1
5814,2,2
5816,1,1
5817,2,2
5819,1,1
5820,2,2
5821,2,2
5822,1,1
5823,2,2
5824,2,2
5825,1,1
5826,2,2
5827,2,2
5828,1,1
5829,2,2
5830,2,2
5831,1,1
5832,5,2
5833,2,2
5834,1,1
5835,5,2
5836,2,2
5837,1,1
5838,2,2
5839,2,2
5840,1,1
5841,2,2
5842,2,2
5843,1,1
5844,2,2
5847,2,2
5848,2,2
5849,1,1
5850,2,2
5851,2,2
5853,2,2
5854,2,2
5855,1,1
5856,2,2
5858,1,1
5859,2,2
5860,2,2
5861,1,1
5862,2,2
5863,2,2
5864,1,1
5865,2,2
5866,2,2
5867,1,1
5868,2,2
5869,2,2
5870,1,1
5871,2,2
5872,2,2
5873,1,1
5874,2,2
5876,1,1
5877,2,2
5878,2,2
5879,1,1
5880,2,2
5881,2,2
5882,1,1
5883,2,2
5884,2,2
5885,1,1
5886,5,2
5887,2,2
5888,1,1
5889,5,2
5890,2,2
5891,1,1
5892,2,2
5893,2,2
5894,1,1
5895,2,2
5896,2,2
5897,1,1
5898,2,2
5899,2,2
5900,1,1
5901,2,2
5902,2,2
5903,1,1
5904,2,2
5905,2,2
5906,1,1
5907,2,2
5908,2,2
5909,1,1
5911,2,2
5912,1,1
5913,2,2
5914,2,2
5915,1,1
5916,2,2
5917,2,2
5918,1,1
5919,2,2
5920,2,2
5921,1,1
5922,2,2
5923,2,2
5925,2,2
5926,2,2
5927,1,1
5928,2,2
5930,1,1
5932,2,2
5933,1,1
5934,2,2
5935,2,2
5936,1,1
5937,2,2
5938,2,2
5939,1,1
5940,5,2
5941,2,2
5942,1,1
5943,5,2
5944,2,2
5945,1,1
5946,2,2
5947,2,2
5948,1,1
5949,2,2
5950,2,2
5951,1,1
5952,2,2
5953,2,2
5954,1,1
5955,2,2
5956,2,2
5957,1,1
5958,2,2
5959,2,2
5960,1,1
5961,2,2
5963,1,1
5964,2,2
5965,2,2
5966,1,1
5969,1,1
5970,2,2
5971,2,2
5972,1,1
5973,2,2
5974,2,2
5976,2,2
5977,2,2
5978,1,1
5979,2,2
5980,2,2
5981,1,1
5982,2,2
5983,2,2
5984,1,1
5985,2,2
5986,2,2
5987,1,1
5988,2,2
5990,1,1
5991,2,2
5992,2,2
5993,1,1
5994,5,2
5995,2,2
5996,1,1
5997,5,2
5998,2,2
6000,2,2
6001,2,2
6003,2,2
6004,2,2
6005,1,1
6006,2,2
6007,2,2
6008,1,1
6009,2,2
6010,2,2
6011,1,1
6012,2,2
6013,2,2
6014,1,1
6015,2,2
6016,2,2
6017,1,1
6018,2,2
6020,1,1
6021,2,2
6022,2,2
6023,1,1
6024,2,2
6025,2,2
6026,1,1
6027,2,2
6029,1,1
6030,2,2
6031,2,2
6032,1,1
6033,2,2
6034,2,2
6035,1,1
6037,2,2
6038,1,1
6039,2,2
6040,2,2
6041,1,1
6042,2,2
6043,2,2
6044,1,1
6045,2,2
6046,2,2
6047,1,1
6048,2,2
6049,2,2
6051,2,2
6052,2,2
6053,1,1
6054,2,2
6055,2,2
6056,1,1
6057,2,2
6058,2,2
6059,1,1
6060,2,2
6061,2,2
6062,1,1
6064,2,2
6065,1,1
6066,2,2
6068,1,1
6069,2,2
6070,2,2
6072,2,2
6073,2,2
6074,1,1
6075,2,2
6076,2,2
6077,1,1
6078,2,2
6079,2,2
6080,1,1
6081,2,2
6082,2,4
6083,1,1
6084,2,2
6085,2,4
6086,1,1
6087,2,2
6088,2,4
6089,1,1
6090,2,2
6091,2,4
6092,1,1
6093,2,2
6094,2,4
6096,2,2
6097,2,4
6098,1,1
6099,2,2
6100,2,4
6102,2,2
6103,2,2
6106,2,2
6107,1,1
6108,2,2
6109,2,4
6110,1,1
6112,2,4
6113,1,1
6114,2,2
6115,2,4
6117,2,2
6118,2,4
6119,1,1
6120,2,2
6122,1,1
6123,2,2
6124,2,4
6125,1,1
6126,2,2
6127,2,4
6128,1,1
6130,2,4
6131,1,1
6132,2,2
6133,2,4
6134,1,1
6135,2,2
6136,2,4
6137,1,1
6138,2,2
6139,4,4
6140,1,1
6141,2,2
6142,4,4
6143,1,1
6144,4,2
6145,4,4
6146,1,1
6147,2,2
6148,4,4
6149,1,1
6150,2,2
6151,4,4
6152,1,1
6153,4,2
6154,4,4
6155,1,1
6156,2,2
6157,2,4
6158,1,1
6159,2,2
6160,2,4
6161,1,1
6162,2,2
6163,2,4
6164,1,1
6165,2,2
6166,4,4
6167,1,1
6168,2,2
6169,4,4
6170,1,1
6171,4,2
6172,4,4
6173,1,1
6174,2,2
6175,4,4
6176,1,1
6177,2,2
6178,4,4
6179,1,1
6180,4,2
6181,4,4
6183,2,2
6185,1,1
6186,2,2
6187,4,4
6188,1,1
6189,4,2
6190,4,4
6191,1,1
6192,2,2
6193,4,4
6194,1,1
6195,2,2
6196,4,4
6197,1,1
6198,4,2
6199,4,4
6200,1,1
6201,2,2
6202,4,4
6203,1,1
6204,2,2
6205,4,4
6206,1,1
6207,4,2
6208,4,4
6209,1,1
6212,1,1
6213,2,2
6214,2,4
6215,1,1
6216,2,2
6217,2,4
6218,1,1
6219,2,2
6220,4,4
6221,1,1
6222,2,2
6223,4,4
6224,1,1
6226,4,4
6228,2,2
6229,4,4
6230,1,1
6231,2,2
6232,4,4
6233,1,1
6234,4,2
6235,4,4
6236,1,1
6237,2,2
6238,4,4
6239,1,1
6240,2,2
6241,4,4
6242,1,1
6243,4,2
6244,4,4
6245,1,1
6246,2,2
6247,4,4
6248,1,1
6249,2,2
6250,4,4
6251,1,1
6252,4,2
6253,4,4
6256,4,4
6257,1,1
6258,2,2
6259,4,4
6260,1,1
6261,4,2
6263,1,1
6264,2,2
6266,1,1
6267,2,2
6268,2,2
6269,1,1
6270,2,2
6272,1,1
6273,2,2
6274,2,2
6275,1,1
6277,2,2
6278,1,1
6279,2,2
6280,2,2
6281,1,1
6282,2,2
6283,2,4
6284,1,1
6285,2,2
6286,2,4
6287,1,1
6288,2,2
6289,2,4
6290,1,1
6291,2,2
6292,2,4
6293,1,1
6294,2,2
6295,2,4
6296,1,1
6298,2,4
6299,1,1
6300,2,2
6302,1,1
6303,2,2
6304,4,4
6305,1,1
6306,4,2
6307,4,4
6308,1,1
6309,2,2
6311,1,1
6312,2,2
6313,4,4
6314,1,1
6315,4,2
6316,4,4
6317,1,1
6318,2,2
6319,2,4
6320,1,1
6321,2,2
6322,2,4
6323,1,1
6324,2,2
6326,1,1
6327,2,2
6328,2,4
6329,1,1
6331,2,4
6332,1,1
6333,2,2
6334,2,4
6335,1,1
6336,2,2
6337,2,4
6338,1,1
6339,2,2
6340,2,4
6341,1,1
6342,2,2
6343,2,4
6344,1,1
6346,2,4
6347,1,1
6348,2,2
6349,2,4
6350,1,1
6351,2,2
6353,1,1
6354,2,2
6355,4,4
6356,1,1
6357,2,2
6358,4,4
6359,1,1
6360,4,2
6361,4,4
6362,1,1
6363,2,2
6365,1,1
6366,2,2
6367,4,4
6368,1,1
6369,4,2
6370,4,4
6371,1,1
6373,2,4
6374,1,1
6375,2,2
6376,2,4
6377,1,1
6378,2,2
6379,2,4
6380,1,1
6382,4,4
6383,1,1
6384,2,2
6385,4,4
6386,1,1
6387,4,2
6388,4,4
6389,1,1
6390,2,2
6391,4,4
6392,1,1
6393,2,2
6394,4,4
6395,1,1
6396,4,2
6397,4,4
6398,1,1
6400,4,4
6401,1,1
6402,2,2
6403,4,4
6404,1,1
6405,4,2
6406,4,4
6407,1,1
6408,2,2
6409,4,4
6410,1,1
6411,2,2
6412,4,4
6413,1,1
6414,4,2
6415,4,4
6416,1,1
6417,2,2
6418,4,4
6419,1,1
6421,4,4
6422,1,1
6423,4,2
6425,1,1
6426,2,2
6427,2,4
6428,1,1
6429,2,2
6430,2,4
6431,1,1
6432,2,2
6433,2,4
6434,1,1
6435,2,2
6437,1,1
6440,1,1
6441,4,2
6442,4,4
6444,2,2
6445,4,4
6446,1,1
6447,2,2
6448,4,4
6449,1,1
6450,4,2
6451,4,4
6452,1,1
6453,2,2
6454,4,4
6455,1,1
6456,2,2
6457,4,4
6458,1,1
6459,4,2
6461,1,1
6462,2,2
6463,4,4
6464,1,1
6465,2,2
6466,4,4
6467,1,1
6468,4,2
6471,2,2
6472,4,4
6473,1,1
6475,4,4
6476,1,1
6477,4,2
6478,4,4
6479,1,1
6480,2,2
6481,2,2
6482,1,1
6483,2,2
6484,2,2
6485,1,1
6486,2,2
6487,2,2
6489,2,2
6490,2,2
6491,1,1
6492,2,2
6493,2,2
6494,1,1
6496,2,2
6498,2,2
6499,2,4
6500,1,1
6502,2,4
6503,1,1
6504,2,2
6506,1,1
6507,2,2
6508,2,4
6509,1,1
6510,2,2
6512,1,1
6513,2,2
6514,2,4
6515,1,1
6517,4,4
6518,1,1
6520,4,4
6521,1,1
6522,4,2
6523,4,4
6524,1,1
6525,2,2
6526,4,4
6527,1,1
6528,2,2
6529,4,4
6530,1,1
6532,4,4
6533,1,1
6534,2,2
6535,2,4
6536,1,1
6537,2,2
6538,2,4
6539,1,1
6540,2,2
6541,2,4
6542,1,1
6543,2,2
6544,4,4
6545,1,1
6546,2,2
6547,4,4
6548,1,1
6550,4,4
6551,1,1
6552,2,2
6553,4,4
6554,1,1
6555,2,2
6556,4,4
6557,1,1
6558,4,2
6559,4,4
6560,1,1
6561,2,2
6562,4,4
6563,1,1
6564,2,2
6566,1,1
6567,4,2
6568,4,4
6570,2,2
6571,4,4
6572,1,1
6573,2,2
6575,1,1
6576,4,2
6577,4,4
6578,1,1
6579,2,2
6580,4,4
6581,1,1
6582,2,2
6583,4,4
6584,1,1
6585,4,2
6586,4,4
6587,1,1
6588,2,2
6589,2,4
6590,1,1
6591,2,2
6592,2,4
6593,1,1
6594,2,2
6595,2,4
6596,1,1
6597,2,2
6598,4,4
6599,1,1
6600,2,2
6601,4,4
6602,1,1
6603,4,2
6604,4,4
6605,1,1
6606,2,2
6607,4,4
6608,1,1
6610,4,4
6611,1,1
6612,4,2
6613,4,4
6615,2,2
6616,4,4
6617,1,1
6618,2,2
6619,4,4
6620,1,1
6621,4,2
6622,4,4
6624,2,2
6625,4,4
6626,1,1
6627,2,2
6628,4,4
6629,1,1
6631,4,4
6632,1,1
6633,2,2
6634,4,4
6635,1,1
6637,4,4
6638,1,1
6639,4,2
6640,4,4
6641,1,1
6642,2,2
6643,2,4
6644,1,1
6646,2,4
6647,1,1
6648,2,2
6649,2,4
6650,1,1
6651,2,2
6652,4,4
6653,1,1
6654,2,2
6655,4,4
6657,4,2
6658,4,4
6659,1,1
6660,2,2
6661,4,4
6662,1,1
6663,2,2
6664,4,4
6666,4,2
6667,4,4
6668,1,1
6669,2,2
6670,4,4
6671,1,1
6672,2,2
6673,4,4
6674,1,1
6675,4,2
6676,4,4
6677,1,1
6678,2,2
6679,4,4
6680,1,1
6681,2,2
6683,1,1
6684,4,2
6685,4,4
6686,1,1
6687,2,2
6688,4,4
6689,1,1
6690,2,2
6691,4,4
6692,1,1
6693,4,2
6694,4,4
6695,1,1
6696,2,2
6697,2,2
6698,1,1
6699,2,2
6700,2,2
6701,1,1
6702,2,2
6703,2,4
6704,1,1
6705,2,2
6706,4,4
6707,1,1
6708,2,2
6709,4,4
6710,1,1
6711,4,2
6712,4,4
6713,1,1
6714,2,2
6715,4,4
6716,1,1
6717,2,2
6719,1,1
6720,4,2
6721,4,4
6723,2,2
6724,4,4
6726,2,2
6727,4,4
6728,1,1
6729,4,2
6730,4,4
6731,1,1
6733,4,4
6734,1,1
6735,2,2
6737,1,1
6738,4,2
6739,4,4
6740,1,1
6741,2,2
6742,4,4
6743,1,1
6745,4,4
6746,1,1
6747,4,2
6748,4,4
6749,1,1
6751,2,4
6752,1,1
6753,2,2
6754,2,4
6755,1,1
6756,2,2
6757,2,4
6758,1,1
6759,2,2
6760,4,4
6761,1,1
6762,2,2
6763,4,4
6764,1,1
6765,4,2
6766,4,4
6768,2,2
6769,4,4
6770,1,1
6771,2,2
6772,4,4
6773,1,1
6774,4,2
6776,1,1
6777,2,2
6780,2,2
6781,4,4
6782,1,1
6783,4,2
6784,4,4
6786,2,2
6787,4,4
6788,1,1
6789,2,2
6790,4,4
6791,1,1
6792,4,2
6793,4,4
6794,1,1
6795,2,2
6796,4,4
6797,1,1
6798,2,2
6799,4,4
6800,1,1
6801,4,4
6804,2,2
6805,2,4
6807,2,2
6809,1,1
6810,2,2
6811,2,4
6812,1,1
6813,2,2
6814,4,4
6815,1,1
6816,2,2
6817,4,4
6819,4,2
6820,4,4
6821,1,1
6822,2,2
6823,4,4
6824,1,1
6825,2,2
6826,4,4
6827,1,1
6828,4,2
6829,4,4
6830,1,1
6831,2,2
6832,4,4
6833,1,1
6836,1,1
6837,4,2
6838,4,4
6839,1,1
6840,2,2
6841,4,4
6842,1,1
6843,2,2
6844,4,4
6845,1,1
6846,4,4
6847,4,4
6848,1,1
6850,4,4
6851,1,1
6852,2,2
6853,4,4
6854,1,1
6855,4,4
6856,4,4
6858,2,2
6859,2,4
6860,1,1
6861,2,2
6862,2,4
6863,1,1
6864,2,2
6865,2,4
6866,1,1
6867,2,2
6868,4,4
6869,1,1
6871,4,4
6873,4,2
6874,4,4
6875,1,1
6876,2,2
6878,1,1
6879,2,2
6880,4,4
6881,1,1
6882,4,2
6883,4,4
6884,1,1
6885,2,2
6886,4,4
6887,1,1
6888,2,2
6890,1,1
6891,4,4
6892,4,4
6893,1,1
6894,2,2
6895,4,4
6896,1,1
6897,2,2
6898,4,4
6899,1,1
6900,4,4
6901,4,4
6902,1,1
6903,2,2
6904,4,4
6905,1,1
6906,2,2
6908,1,1
6909,4,4
6910,4,4
6911,1,1
6912,2,2
6913,2,4
6915,2,2
6916,2,4
6917,1,1
6919,2,4
6921,2,2
6922,4,4
6923,1,1
6924,2,2
6925,4,4
6926,1,1
6927,4,4
6929,1,1
6930,2,2
6931,4,4
6932,1,1
6933,2,2
6934,4,4
6935,1,1
6936,4,4
6939,2,2
6940,4,4
6941,1,1
6942,2,2
6943,4,4
6945,4,4
6946,4,4
6947,1,1
6948,2,4
6950,1,1
6951,2,4
6952,4,4
6953,1,1
6954,4,4
6955,4,4
6956,1,1
6957,2,4
6958,4,4
6959,1,1
6960,2,4
6961,4,4
6962,1,1
6963,4,4
6964,4,4
6965,1,1
6966,2,2
6967,4,4
6968,1,1
6970,4,4
6971,1,1
6972,4,4
6973,4,4
6974,1,1
6975,2,2
6976,4,4
6977,1,1
6978,2,2
6980,1,1
6981,4,4
6982,4,4
6983,1,1
6984,2,4
6985,4,4
6986,1,1
6987,2,4
6988,4,4
6989,1,1
6990,4,4
6991,4,4
6992,1,1
6993,2,4
6995,1,1
6996,2,4
6997,4,4
6998,1,1
7000,4,4
7001,1,1
7002,4,4
7004,1,1
7005,4,4
7006,4,4
7007,1,1
7008,4,4
7009,4,4
7010,1,1
7011,4,4
7012,4,4
7013,1,1
7014,4,4
7015,4,4
7016,1,1
7017,4,4
7018,4,4
7019,1,1
7020,2,2
7021,4,4
7022,1,1
7023,2,2
7024,4,4
7025,1,1
7026,4,4
7027,4,4
7028,1,1
7029,4,2
7030,4,4
7031,1,1
7032,4,4
7033,4,4
7034,1,1
7035,4,4
7036,4,4
7037,1,1
7038,4,4
7039,4,4
7040,1,1
7041,4,4
7043,1,1
7044,4,4
7045,4,4
7046,1,1
7047,4,4
7048,4,4
7049,1,1
7050,4,4
7051,4,4
7052,1,1
7053,4,4
7054,4,4
7057,4,4
7058,1,1
7059,4,4
7060,4,4
7062,4,4
7063,4,4
7064,1,1
7065,4,4
7066,4,4
7067,1,1
7068,4,4
7069,4,4
7070,1,1
7071,4,4
7072,4,4
7073,1,1
7074,2,2
7075,4,4
7076,1,1
7077,2,2
7078,4,4
7080,4,4
7081,4,4
7082,1,1
7084,4,4
7085,1,1
7086,4,4
7087,4,4
7088,1,1
7089,4,4
7090,4,4
7091,1,1
7092,4,4
7093,4,4
7094,1,1
7095,4,4
7096,4,4
7097,1,1
7098,4,4
7099,4,4
7100,1,1
7101,4,4
7102,4,4
7103,1,1
7105,4,4
7106,1,1
7107,4,4
7108,4,4
7109,1,1
7110,4,4
7111,4,4
7112,1,1
7113,4,4
7114,4,4
7115,1,1
7116,4,4
7117,4,4
7118,1,1
7119,4,4
7120,4,4
7121,1,1
7122,4,4
7123,4,4
7124,1,1
7126,4,4
7127,1,1
7128,2,2
7129,4,4
7130,1,1
7131,2,2
7132,4,4
7133,1,1
7134,4,4
7135,4,4
7136,1,1
7137,2,2
7138,4,4
7139,1,1
7140,2,2
7141,4,4
7142,1,1
7143,4,4
7144,4,4
7145,1,1
7146,2,2
7147,4,4
7148,1,1
7149,2,2
7152,4,4
7153,4,4
7154,1,1
7156,4,4
7157,1,1
7159,4,4
7160,1,1
7161,4,4
7162,4,4
7163,1,1
7165,4,4
7166,1,1
7167,4,4
7169,1,1
7170,4,4
7171,4,4
7172,1,1
7173,4,4
7174,4,4
7175,1,1
7176,4,4
7177,4,4
7179,4,4
7180,4,4
7181,1,1
7182,2,2
7183,4,4
7184,1,1
7186,4,4
7187,1,1
7188,4,4
7189,4,4
7190,1,1
7191,2,2
7192,4,4
7193,1,1
7194,2,2
7195,4,4
7196,1,1
7197,4,4
7198,4,4
7199,1,1
7200,2,4
7201,4,4
7202,1,1
7203,2,4
7204,4,4
7205,1,1
7206,4,4
7207,4,4
7208,1,1
7209,2,4
7210,4,4
7211,1,1
7212,2,4
7213,4,4
7214,1,1
7215,4,4
7216,4,4
7217,1,1
7219,4,4
7220,1,1
7222,4,4
7223,1,1
7224,4,4
7225,4,4
7226,1,1
7228,4,4
7229,1,1
7230,4,4
7231,4,4
7232,1,1
7233,4,4
7234,4,4
7235,1,1
7236,2,2
7237,4,4
7238,1,1
7239,2,2
7240,4,4
7241,1,1
7242,4,4
7243,4,4
7244,1,1
7245,4,4
7246,4,4
7247,1,1
7248,4,4
7249,4,4
7250,1,1
7251,4,4
7252,4,4
7253,1,1
7254,4,4
7255,4,4
7256,1,1
7257,4,4
7258,4,4
7259,1,1
7260,4,4
7261,4,4
7262,1,1
7263,4,4
7264,4,4
7265,1,1
7266,4,4
7267,4,4
7268,1,1
7269,4,4
7271,1,1
7272,4,4
7273,4,4
7275,4,4
7276,4,4
7277,1,1
7278,4,4
7280,1,1
7281,4,4
7282,4,4
7284,4,4
7285,4,4
7286,1,1
7287,4,4
7288,4,4
7289,1,1
7290,2,2
7291,4,4
7292,1,1
7293,2,2
7294,4,4
7295,1,1
7296,4,4
7297,4,4
7298,1,1
7299,4,4
7300,4,4
7301,1,1
7302,4,4
7303,4,4
7304,1,1
7306,4,4
7307,1,1
7308,4,4
7311,4,4
7312,4,4
7313,1,1
7314,4,4
7315,4,4
7316,1,1
7317,4,4
7318,4,4
7319,1,1
7320,4,4
7321,4,4
7322,1,1
7323,4,4
7324,4,4
7325,1,1
7326,4,4
7327,4,4
7328,1,1
7329,4,4
7330,4,4
7331,1,1
7332,4,4
7333,4,4
7334,1,1
7335,4,4
7336,4,4
7337,1,1
7338,4,4
7339,4,4
7341,4,4
7342,4,4
7343,1,1
7344,2,2
7346,1,1
7347,2,2
7348,4,4
7350,4,4
7351,4,4
7352,1,1
7353,2,2
7354,4,4
7355,1,1
7356,2,2
7357,4,4
7358,1,1
7359,4,4
7360,4,4
7361,1,1
7362,2,2
7363,4,4
7364,1,1
7365,2,2
7366,4,4
7367,1,1
7368,4,4
7369,4,4
7370,1,1
7371,2,2
7372,4,4
7373,1,1
7374,2,2
7375,4,4
7376,1,1
7377,4,4
7379,1,1
7380,4,4
7381,4,4
7382,1,1
7383,4,4
7385,1,1
7386,4,4
7387,4,4
7388,1,1
7389,4,4
7390,4,4
7391,1,1
7392,4,4
7393,4,4
7394,1,1
7395,4,4
7396,4,4
7397,1,1
7398,2,2
7400,1,1
7401,2,2
7402,4,4
7403,1,1
7404,4,4
7405,4,4
7406,1,1
7407,4,2
7408,4,4
7410,4,2
7411,4,4
7412,1,1
7413,4,4
7414,4,4
7415,1,1
7416,4,4
7417,4,4
7418,1,1
7419,4,4
7420,4,4
7421,1,1
7422,4,4
7423,4,4
7424,1,1
7425,4,4
7426,4,4
7427,1,1
7428,4,4
7429,4,4
7430,1,1
7431,4,4
7432,4,4
7433,1,1
7434,4,4
7436,1,1
7439,1,1
7440,4,4
7441,4,4
7442,1,1
7443,4,4
7444,4,4
7445,1,1
7446,4,4
7447,4,4
7448,1,1
7449,4,4
7450,4,4
7451,1,1
7452,2,2
7453,4,4
7454,1,1
7456,4,4
7457,1,1
7458,4,4
7459,4,4
7461,4,4
7462,4,4
7463,1,1
7464,4,4
7465,4,4
7466,1,1
7468,4,4
7469,1,1
7470,4,4
7471,4,4
7473,4,4
7474,4,4
7475,1,1
7476,4,4
7477,4,4
7478,1,1
7479,4,4
7480,4,4
7481,1,1
7482,4,4
7483,4,4
7484,1,1
7485,4,4
7487,1,1
7488,4,4
7489,4,4
7490,1,1
7491,4,4
7492,4,4
7493,1,1
7494,4,4
7495,4,4
7496,1,1
7497,4,4
7498,4,4
7499,1,1
7500,4,4
7501,4,4
7503,4,4
7504,4,4
7505,1,1
7506,2,2
7507,4,4
7508,1,1
7509,2,2
7511,1,1
7512,4,4
7513,4,4
7514,1,1
7516,4,4
7517,1,1
7518,4,4
7519,4,4
7521,4,4
7522,4,4
7525,4,4
7526,1,1
7527,4,4
7528,4,4
7529,1,1
7530,4,4
7531,4,4
7532,1,1
7533,4,4
7534,4,4
7535,1,1
7537,4,4
7538,1,1
7539,4,4
7540,4,4
7542,4,4
7543,4,4
7544,1,1
7545,4,4
7546,4,4
7547,1,1
7548,4,4
7549,4,4
7550,1,1
7551,4,4
7552,4,4
7553,1,1
7554,4,4
7555,4,4
7556,1,1
7557,4,4
7558,4,4
7559,1,1
7562,1,1
7563,2,2
7564,4,4
7565,1,1
7566,4,4
7567,4,4
7568,1,1
7569,4,4
7570,4,4
7571,1,1
7572,4,4
7573,4,4
7574,1,1
7575,4,4
7576,4,4
7577,1,1
7578,4,4
7579,4,4
7580,1,1
7581,4,4
7582,4,4
7583,1,1
7584,4,4
7585,4,4
7586,1,1
7587,4,4
7588,4,4
7589,1,1
7590,4,4
7592,1,1
7593,4,4
7594,4,4
7595,1,1
7596,4,4
7597,4,4
7598,1,1
7599,4,4
7600,4,4
7601,1,1
7602,4,4
7603,4,4
7604,1,1
7605,4,4
7606,4,4
7607,1,1
7608,4,4
7609,4,4
7610,1,1
7611,4,4
7612,4,4
7613,1,1
7614,2,2
7615,4,4
7616,1,1
7617,2,2
7618,4,4
7619,1,1
7620,4,4
7621,4,4
7622,1,1
7623,4,4
7624,4,4
7625,1,1
7626,4,4
7629,4,4
7630,4,4
7631,1,1
7632,4,4
7633,4,4
7634,1,1
7635,4,4
7638,4,4
7639,4,4
7640,1,1
7641,4,4
7642,4,4
7644,4,4
7645,4,4
7646,1,1
7647,4,4
7648,4,4
7649,1,1
7650,4,4
7651,4,4
7652,1,1
7654,4,4
7655,1,1
7656,4,4
7658,1,1
7659,4,4
7660,4,4
7661,1,1
7663,4,4
7664,1,1
7665,4,4
7666,4,4
7669,4,4
7670,1,1
7672,4,4
7673,1,1
7674,4,4
7675,4,4
7676,1,1
7677,4,4
7678,4,4
7679,1,1
7680,4,4
7681,4,4
7682,1,1
7683,4,4
7684,4,4
7685,1,1
7686,4,4
7688,1,1
7689,4,4
7690,4,4
7691,1,1
7692,4,4
7694,1,1
7695,4,4
7698,4,4
7699,4,4
7700,1,1
7701,4,4
7702,4,4
7703,1,1
7704,4,4
7706,1,1
7707,4,4
7708,4,4
7710,4,4
7711,4,4
7712,1,1
7713,4,4
7714,4,4
7715,1,1
7716,4,4
7717,4,4
7718,1,1
7719,4,4
7720,4,4
7721,1,1
7722,2,2
7723,4,4
7724,1,1
7725,2,2
7726,4,4
7728,4,4
7729,4,4
7730,1,1
7731,4,4
7732,4,4
7733,1,1
7735,4,4
7736,1,1
7737,4,4
7738,4,4
7741,4,4
7742,1,1
7743,4,4
7745,1,1
7746,4,4
7747,4,4
7748,1,1
7749,4,4
7750,4,4
7751,1,1
7752,4,4
7753,4,4
7754,1,1
7755,4,4
7756,4,4
7757,1,1
7758,4,4
7759,4,4
7760,1,1
7761,4,4
7764,4,4
7765,4,4
7767,4,4
7768,4,4
7769,1,1
7770,4,4
7771,4,4
7772,1,1
7773,4,4
7774,4,4
7775,1,1
7776,2,2
7777,2,4
7778,1,1
7779,2,2
7780,2,4
7781,1,1
7782,2,4
7783,2,4
7784,1,1
7785,2,2
7786,4,4
7787,1,1
7788,2,2
7789,4,4
7790,1,1
7791,4,4
7792,4,4
7793,1,1
7795,4,4
7796,1,1
7797,2,2
7798,4,4
7799,1,1
7800,4,4
7801,4,4
7802,1,1
7803,2,2
7804,4,4
7805,1,1
7806,2,2
7807,4,4
7808,1,1
7809,4,4
7810,4,4
7811,1,1
7813,4,4
7814,1,1
7815,2,4
7817,1,1
7818,4,4
7819,4,4
7820,1,1
7821,2,4
7822,4,4
7824,2,4
7826,1,1
7827,4,4
7828,4,4
7829,1,1
7830,2,2
7831,4,4
7832,1,1
7833,2,2
7834,4,4
7835,1,1
7837,4,4
7838,1,1
7839,2,2
7840,4,4
7841,1,1
7842,2,2
7843,4,4
7844,1,1
7846,4,4
7847,1,1
7850,1,1
7851,2,4
7852,4,4
7854,4,4
7855,4,4
7857,2,4
7858,4,4
7859,1,1
7860,2,4
7861,4,4
7862,1,1
7864,4,4
7865,1,1
7866,4,4
7867,4,4
7868,1,1
7869,4,4
7870,4,4
7871,1,1
7872,4,4
7873,4,4
7875,4,4
7876,4,4
7877,1,1
7878,4,4
7879,4,4
7880,1,1
7881,4,4
7882,4,4
7883,1,1
7884,2,2
7885,4,4
7886,1,1
7887,2,2
7888,4,4
7889,1,1
7890,4,4
7891,4,4
7892,1,1
7893,4,4
7894,4,4
7895,1,1
7896,4,4
7897,4,4
7898,1,1
7900,4,4
7901,1,1
7902,4,4
7904,1,1
7905,4,4
7906,4,4
7907,1,1
7908,4,4
7909,4,4
7910,1,1
7911,4,4
7912,4,4
7913,1,1
7914,4,4
7915,4,4
7916,1,1
7918,4,4
7919,1,1
7920,4,4
7921,4,4
7922,1,1
7923,4,4
7924,4,4
7925,1,1
7927,4,4
7928,1,1
7929,4,4
7930,4,4
7931,1,1
7932,4,4
7933,4,4
7935,4,4
7936,4,4
7937,1,1
7938,2,2
7940,1,1
7941,2,2
7942,4,4
7943,1,1
7944,4,4
7946,1,1
7947,4,4
7948,4,4
7949,1,1
7950,4,4
7951,4,4
7953,4,4
7954,4,4
7955,1,1
7956,4,4
7957,4,4
7958,1,1
7959,4,4
7960,4,4
7961,1,1
7962,4,4
7964,1,1
7965,4,4
7966,4,4
7967,1,1
7968,4,4
7969,4,4
7970,1,1
7971,4,4
7972,4,4
7973,1,1
7975,4,4
7976,1,1
7977,4,4
7978,4,4
7979,1,1
7980,4,4
7981,4,4
7982,1,1
7983,4,4
7984,4,4
7985,1,1
7986,4,4
7987,4,4
7988,1,1
7989,4,4
7990,4,4
7991,1,1
7992,2,2
7993,4,4
7994,1,1
7995,2,2
7996,4,4
7997,1,1
7998,4,4
7999,4,4
8000,1,1
8002,4,4
8003,1,1
8004,2,2
8005,4,4
8006,1,1
8007,4,4
8008,4,4
8009,1,1
8010,2,2
8011,4,4
8012,1,1
8013,2,4
8014,4,4
8015,1,1
8016,4,4
8017,4,4
8018,1,1
8019,2,4
8020,4,4
8021,1,1
8022,2,4
8023,4,4
8024,1,1
8025,4,4
8026,4,4
8027,1,1
8028,4,4
8029,4,4
8030,1,1
8031,4,4
8033,1,1
8034,4,4
8035,4,4
8036,1,1
8037,4,4
8038,4,4
8039,1,1
8040,4,4
8041,4,4
8042,1,1
8043,4,4
8044,4,4
8045,1,1
8046,2,2
8047,4,4
8048,1,1
8049,2,2
8050,4,4
8051,1,1
8052,4,4
8053,4,4
8054,1,1
8055,2,2
8056,4,4
8057,1,1
8058,2,2
8059,4,4
8060,1,1
8061,4,4
8062,4,4
8063,1,1
8064,2,4
8065,4,4
8066,1,1
8067,2,4
8068,4,4
8069,1,1
8070,4,4
8071,4,4
8072,1,1
8073,2,4
8074,4,4
8075,1,1
8077,4,4
8078,1,1
8079,4,4
8080,4,4
8081,1,1
8082,4,4
8083,4,4
8085,4,4
8086,4,4
8087,1,1
8088,4,4
8089,4,4
8090,1,1
8091,4,4
8092,4,4
8093,1,1
8094,4,4
8095,4,4
8096,1,1
8097,4,4
8098,4,4
8099,1,1
8100,2,2
8102,1,1
8103,2,2
8104,4,4
8105,1,1
8109,4,4
8110,4,4
8111,1,1
8112,4,4
8113,4,4
8114,1,1
8115,4,4
8116,4,4
8117,1,1
8118,4,4
8119,4,4
8120,1,1
8121,4,4
8122,4,4
8123,1,1
8124,4,4
8126,1,1
8127,4,4
8128,4,4
8129,1,1
8130,4,4
8131,4,4
8132,1,1
8133,4,4
8134,4,4
8135,1,1
8136,4,4
8137,4,4
8138,1,1
8139,4,4
8140,4,4
8141,1,1
8142,4,4
8143,4,4
8144,1,1
8146,4,4
8147,1,1
8148,4,4
8149,4,4
8150,1,1
8151,4,4
8152,4,4
8153,1,1
8154,2,2
8155,4,4
8156,1,1
8157,2,2
8159,1,1
8160,4,4
8161,4,4
8162,1,1
8163,4,4
8164,4,4
8165,1,1
8166,4,4
8167,4,4
8168,1,1
8169,4,4
8170,4,4
8171,1,1
8174,1,1
8175,4,4
8176,4,4
8178,4,4
8179,4,4
8180,1,1
8182,4,4
8183,1,1
8184,4,4
8185,4,4
8186,1,1
8187,4,4
8188,4,4
8189,1,1
8190,4,4
8192,1,1
8193,4,4
8194,4,4
8195,1,1
8196,4,4
8197,4,4
8198,1,1
8200,4,4
8201,1,1
8202,4,4
8204,1,1
8205,4,4
8206,4,4
8208,2,2
8209,4,4
8210,1,1
8211,2,2
8212,4,4
8213,1,1
8215,4,4
8216,1,1
8217,2,2
8218,4,4
8219,1,1
8220,2,2
8221,4,4
8222,1,1
8223,4,4
8224,4,4
8225,1,1
8226,2,4
8227,4,4
8228,1,1
8230,4,4
8231,1,1
8232,4,4
8233,4,4
8234,1,1
8235,2,4
8236,4,4
8237,1,1
8238,2,4
8239,4,4
8240,1,1
8241,4,4
8242,4,4
8243,1,1
8244,4,4
8246,1,1
8247,4,4
8248,4,4
8250,4,4
8251,4,4
8252,1,1
8253,4,4
8254,4,4
8255,1,1
8256,4,4
8257,4,4
8258,1,1
8259,4,4
8261,1,1
8262,2,2
8263,4,4
8264,1,1
8265,2,2
8266,4,4
8267,1,1
8268,4,4
8269,4,4
8270,1,1
8271,4,4
8272,4,4
8273,1,1
8274,4,2
8275,4,4
8276,1,1
8277,4,4
8278,4,4
8279,1,1
8280,4,4
8281,4,4
8282,1,1
8283,4,4
8284,4,4
8285,1,1
8286,4,4
8287,4,4
8289,4,4
8290,4,4
8291,1,1
8292,4,4
8293,4,4
8294,1,1
8295,4,4
8296,4,4
8299,4,4
8300,1,1
8302,4,4
8303,1,1
8304,4,4
8305,4,4
8306,1,1
8307,4,4
8308,4,4
8310,4,4
8311,4,4
8312,1,1
8313,4,4
8314,4,4
8315,1,1
8316,2,2
8317,4,4
8318,1,1
8320,4,4
8321,1,1
8322,4,4
8323,4,4
8324,1,1
8325,4,4
8326,4,4
8327,1,1
8328,4,4
8329,4,4
8330,1,1
8331,4,4
8332,4,4
8333,1,1
8334,4,4
8335,4,4
8336,1,1
8337,4,4
8339,1,1
8341,4,4
8342,1,1
8343,4,4
8344,4,4
8345,1,1
8347,4,4
8348,1,1
8349,4,4
8350,4,4
8351,1,1
8352,4,4
8353,4,4
8354,1,1
8355,4,4
8356,4,4
8357,1,1
8358,4,4
8359,4,4
8361,4,4
8362,4,4
8363,1,1
8364,4,4
8365,4,4
8367,4,4
8369,1,1
8370,2,2
8371,4,4
8372,1,1
8373,2,2
8374,4,4
8376,4,4
8377,4,4
8378,1,1
8379,4,4
8380,4,4
8382,4,4
8383,4,4
8384,1,1
8385,4,4
8386,4,4
8387,1,1
8388,4,4
8390,1,1
8391,4,4
8392,4,4
8393,1,1
8394,4,4
8395,4,4
8396,1,1
8397,4,4
8398,4,4
8399,1,1
8400,4,4
8401,4,4
8402,1,1
8403,4,4
8404,4,4
8405,1,1
8406,4,4
8407,4,4
8408,1,1
8409,4,4
8410,4,4
8411,1,1
8412,4,4
8413,4,4
8414,1,1
8415,4,4
8416,4,4
8417,1,1
8418,4,4
8419,4,4
8420,1,1
8421,4,4
8422,4,4
8423,1,1
8424,2,2
8425,4,4
8426,1,1
8427,2,2
8428,4,4
8429,1,1
8430,4,4
8431,4,4
8432,1,1
8433,4,4
8434,4,4
8435,1,1
8437,4,4
8438,1,1
8439,4,4
8441,1,1
8443,4,4
8444,1,1
8445,4,4
8446,4,4
8447,1,1
8448,4,4
8449,4,4
8451,4,4
8452,4,4
8453,1,1
8454,4,4
8455,4,4
8456,1,1
8457,4,4
8458,4,4
8459,1,1
8460,4,4
8461,4,4
8463,4,4
8464,4,4
8465,1,1
8468,1,1
8469,4,4
8470,4,4
8471,1,1
8472,4,4
8473,4,4
8476,4,4
8477,1,1
8478,2,2
8479,4,4
8481,2,2
8482,4,4
8483,1,1
8484,4,4
8485,4,4
8486,1,1
8487,4,4
8488,4,4
8489,1,1
8490,4,4
8491,4,4
8492,1,1
8493,4,4
8494,4,4
8495,1,1
8496,4,4
8497,4,4
8499,4,4
8500,4,4
8501,1,1
8502,4,4
8503,4,4
8506,4,4
8507,1,1
8508,4,4
8509,4,4
8510,1,1
8511,4,4
8512,4,4
8514,4,4
8515,4,4
8517,4,4
8518,4,4
8519,1,1
8520,4,4
8521,4,4
8523,4,4
8524,4,4
8525,1,1
8526,4,4
8527,4,4
8528,1,1
8529,4,4
8531,1,1
8532,2,2
8533,4,4
8534,1,1
8535,2,2
8536,4,4
8537,1,1
8538,4,4
8539,4,4
8540,1,1
8541,4,4
8542,4,4
8543,1,1
8544,4,4
8546,1,1
8547,4,4
8548,4,4
8549,1,1
8550,4,4
8551,4,4
8552,1,1
8553,4,4
8554,4,4
8555,1,1
8556,4,4
8557,4,4
8558,1,1
8559,4,4
8561,1,1
8562,4,4
8563,4,4
8564,1,1
8565,4,4
8566,4,4
8567,1,1
8568,4,4
8569,4,4
8570,1,1
8571,4,4
8572,4,4
8573,1,1
8574,4,4
8575,4,4
8576,1,1
8577,4,4
8578,4,4
8579,1,1
8580,4,4
8581,4,4
8582,1,1
8583,4,4
8584,4,4
8585,1,1
8586,2,2
8587,4,4
8588,1,1
8589,2,2
8590,4,4
8594,1,1
8595,4,4
8596,4,4
8597,1,1
8598,4,4
8599,4,4
8600,1,1
8601,4,4
8602,4,4
8603,1,1
8604,4,4
8605,4,4
8606,1,1
8607,4,4
8608,4,4
8609,1,1
8610,4,4
8611,4,4
8612,1,1
8613,4,4
8615,1,1
8616,4,4
8617,4,4
8618,1,1
8619,4,4
8620,4,4
8621,1,1
8622,4,4
8623,4,4
8624,1,1
8625,4,4
8626,4,4
8627,1,1
8628,4,4
8629,4,4
8630,1,1
8631,4,4
8632,4,4
8633,1,1
8634,4,4
8635,4,4
8636,1,1
8637,4,4
8638,4,4
8639,1,1
8640,2,2
8643,2,2
8644,2,2
8646,2,2
8647,2,2
8649,2,2
8650,2,2
8651,1,1
8652,2,2
8653,2,2
8654,1,1
8657,1,1
8658,2,2
8659,2,2
8660,1,1
8661,2,2
8662,2,2
8663,1,1
8664,2,2
8665,2,2
8666,1,1
8667,2,2
8668,2,2
8669,1,1
8670,2,2
8671,2,2
8672,1,1
8673,2,2
8675,1,1
8676,2,2
8677,2,4
8678,1,1
8680,2,4
8681,1,1
8682,2,2
8683,2,4
8684,1,1
8685,2,2
8686,2,4
8687,1,1
8688,2,2
8689,2,4
8691,2,2
8692,2,4
8693,1,1
8694,2,2
8695,2,2
8696,1,1
8697,2,2
8698,2,2
8700,2,2
8701,2,2
8702,1,1
8703,2,2
8704,2,2
8705,1,1
8706,2,2
8707,2,2
8708,1,1
8709,2,2
8710,2,2
8711,1,1
8712,2,2
8713,2,4
8714,1,1
8715,2,2
8717,1,1
8718,2,4
8719,2,4
8720,1,1
8721,2,2
8722,2,4
8723,1,1
8724,2,2
8725,2,4
8726,1,1
8727,2,4
8728,2,4
8729,1,1
8730,2,2
8731,4,4
8732,1,1
8733,2,2
8734,4,4
8735,1,1
8736,4,4
8737,4,4
8740,4,4
8741,1,1
8743,4,4
8744,1,1
8745,4,4
8746,4,4
8747,1,1
8748,2,2
8749,2,2
8750,1,1
8751,2,2
8752,2,2
8753,1,1
8754,2,2
8755,2,2
8756,1,1
8757,2,2
8758,4,4
8760,2,2
8761,4,4
8762,1,1
8763,4,2
8764,4,4
8765,1,1
8766,2,2
8767,4,4
8768,1,1
8769,2,2
8770,4,4
8771,1,1
8772,4,4
8773,4,4
8774,1,1
8775,2,2
8776,4,4
8777,1,1
8778,2,2
8779,4,4
8780,1,1
8781,4,4
8782,4,4
8783,1,1
8785,4,4
8786,1,1
8787,2,2
8788,4,4
8789,1,1
8790,4,4
8791,4,4
8792,1,1
8793,2,2
8794,4,4
8795,1,1
8796,2,2
8797,4,4
8798,1,1
8799,4,4
8800,4,4
8801,1,1
8802,2,2
8803,2,2
8804,1,1
8806,2,2
8807,1,1
8808,2,2
8809,2,2
8810,1,1
8811,2,2
8812,4,4
8813,1,1
8814,2,2
8815,4,4
8816,1,1
8817,4,2
8818,4,4
8819,1,1
8820,2,2
8823,2,2
8824,4,4
8825,1,1
8826,4,4
8827,4,4
8828,1,1
8829,2,2
8830,4,4
8831,1,1
8832,2,2
8834,1,1
8835,4,4
8836,4,4
8837,1,1
8838,2,2
8839,4,4
8840,1,1
8841,2,2
8842,4,4
8843,1,1
8845,4,4
8846,1,1
8847,2,2
8848,4,4
8849,1,1
8850,2,2
8851,4,4
8852,1,1
8854,4,4
8856,2,2
8857,2,2
8858,1,1
8859,2,2
8860,2,2
8861,1,1
8862,2,2
8863,2,2
8864,1,1
8865,2,2
8866,2,2
8867,1,1
8868,2,2
8869,2,2
8870,1,1
8871,2,2
8872,2,2
8873,1,1
8874,2,2
8875,2,2
8876,1,1
8877,2,2
8878,2,2
8879,1,1
8880,2,2
8881,2,2
8882,1,1
8883,2,2
8884,2,2
8885,1,1
8887,2,2
8888,1,1
8889,2,2
8890,2,2
8891,1,1
8892,2,2
8893,4,4
8894,1,1
8895,2,2
8896,4,4
8897,1,1
8899,4,4
8900,1,1
8901,2,2
8903,1,1
8904,2,2
8905,4,4
8906,1,1
8907,4,4
8908,4,4
8909,1,1
8910,2,2
8911,2,2
8912,1,1
8913,2,2
8914,2,2
8915,1,1
8916,2,2
8917,2,2
8918,1,1
8919,2,2
8921,1,1
8922,2,2
8923,2,2
8924,1,1
8925,2,2
8927,1,1
8928,2,2
8929,2,4
8930,1,1
8931,2,2
8932,2,4
8933,1,1
8934,2,4
8935,2,4
8936,1,1
8937,2,2
8938,2,4
8939,1,1
8940,2,2
8941,2,4
8942,1,1
8943,2,4
8944,2,4
8945,1,1
8947,4,4
8948,1,1
8949,2,2
8950,4,4
8951,1,1
8952,4,4
8953,4,4
8954,1,1
8955,2,2
8957,1,1
8959,4,4
8960,1,1
8961,4,4
8962,4,4
8963,1,1
8964,2,2
8965,2,2
8967,2,2
8968,2,2
8969,1,1
8970,2,2
8971,2,2
8972,1,1
8973,2,2
8974,4,4
8975,1,1
8976,2,2
8977,4,4
8978,1,1
8979,4,2
8980,4,4
8982,2,2
8984,1,1
8985,2,2
8986,4,4
8987,1,1
8990,1,1
8991,2,2
8992,4,4
8994,2,2
8995,4,4
8996,1,1
8997,4,4
8998,4,4
8999,1,1
9000,2,2
9002,1,1
9003,2,2
9004,4,4
9005,1,1
9006,4,4
9007,4,4
9008,1,1
9010,4,4
9011,1,1
9012,2,2
9013,4,4
9014,1,1
9015,4,4
9016,4,4
9017,1,1
9018,2,2
9019,2,2
9020,1,1
9021,2,2
9022,2,2
9023,1,1
9024,2,2
9025,2,2
9026,1,1
9027,2,2
9028,4,4
9029,1,1
9030,2,2
9031,4,4
9032,1,1
9034,4,4
9036,2,2
9037,4,4
9038,1,1
9040,4,4
9041,1,1
9042,4,4
9043,4,4
9044,1,1
9045,2,2
9046,4,4
9047,1,1
9048,2,2
9049,4,4
9051,4,4
9052,4,4
9053,1,1
9054,2,2
9055,4,4
9056,1,1
9057,2,2
9058,4,4
9059,1,1
9060,4,4
9061,4,4
9062,1,1
9063,2,2
9064,4,4
9065,1,1
9066,2,2
9068,1,1
9069,4,4
9070,4,4
9071,1,1
9072,2,2
9073,2,2
9074,1,1
9076,2,2
9077,1,1
9078,2,2
9079,2,2
9080,1,1
9081,2,2
9082,2,2
9083,1,1
9085,2,2
9087,2,2
9088,2,2
9089,1,1
9090,2,2
9091,2,2
9092,1,1
9093,2,2
9094,2,2
9095,1,1
9096,2,4
9097,2,2
9098,1,1
9099,2,2
9100,2,2
9101,1,1
9102,2,2
9103,2,2
9104,1,1
9105,2,2
9106,2,2
9107,1,1
9108,2,2
9109,4,4
9110,1,1
9111,2,2
9112,4,4
9113,1,1
9114,4,4
9115,4,4
9116,1,1
9117,2,2
9118,4,4
9119,1,1
9120,2,2
9121,4,4
9122,1,1
9123,4,4
9124,4,4
9126,2,2
9127,2,2
9129,2,2
9130,2,2
9131,1,1
9132,2,2
9133,2,2
9134,1,1
9135,2,2
9136,4,4
9137,1,1
9138,2,2
9139,4,2
9140,1,1
9141,4,2
9142,4,2
9143,1,1
9144,2,2
9145,4,4
9146,1,1
9147,2,2
9148,4,4
9149,1,1
9150,4,4
9151,4,4
9152,1,1
9153,2,2
9154,4,4
9155,1,1
9156,2,2
9157,4,4
9158,1,1
9160,4,4
9161,1,1
9162,2,2
9163,4,4
9164,1,1
9165,2,2
9166,4,4
9167,1,1
9168,4,4
9169,4,4
9170,1,1
9171,2,2
9172,4,4
9173,1,1
9174,2,2
9175,4,4
9176,1,1
9177,4,4
9178,4,4
9179,1,1
9180,2,2
9181,2,2
9182,1,1
9183,2,2
9184,2,2
9185,1,1
9186,2,2
9187,2,2
9188,1,1
9189,2,2
9190,4,4
9191,1,1
9192,2,2
9193,4,4
9194,1,1
9195,4,2
9196,4,4
9197,1,1
9198,2,2
9199,4,4
9200,1,1
9201,2,2
9203,1,1
9204,4,4
9205,4,4
9207,2,2
9208,4,4
9209,1,1
9210,2,2
9211,4,4
9213,4,4
9214,4,4
9215,1,1
9216,2,2
9217,4,4
9219,2,2
9220,4,4
9221,1,1
9222,4,4
9223,4,4
9225,2,2
9226,4,4
9227,1,1
9228,2,2
9229,4,4
9230,1,1
9231,4,4
9232,4,4
9233,1,1
9234,2,2
9235,2,2
9236,1,1
9237,2,2
9238,2,2
9239,1,1
9241,2,2
9242,1,1
9243,2,2
9244,4,4
9245,1,1
9246,2,2
9247,4,4
9248,1,1
9249,4,2
9250,4,4
9251,1,1
9252,2,2
9253,4,4
9254,1,1
9255,2,2
9256,4,4
9258,4,4
9259,4,4
9260,1,1
9261,2,2
9262,4,4
9263,1,1
9264,2,2
9265,4,4
9266,1,1
9267,4,4
9268,4,4
9269,1,1
9270,2,2
9271,4,4
9272,1,1
9273,2,2
9274,4,4
9275,1,1
9276,4,4
9277,4,4
9278,1,1
9279,2,2
9280,4,4
9281,1,1
9282,2,2
9283,4,4
9284,1,1
9285,4,4
9286,4,4
9287,1,1
9288,2,2
9289,2,2
9290,1,1
9292,2,2
9293,1,1
9295,2,2
9296,1,1
9298,4,4
9299,1,1
9300,2,2
9301,4,2
9302,1,1
9303,4,2
9305,1,1
9306,2,2
9307,4,4
9308,1,1
9309,2,2
9310,4,4
9311,1,1
9313,4,4
9314,1,1
9315,2,2
9316,4,4
9317,1,1
9318,2,2
9319,4,4
9320,1,1
9321,4,4
9322,4,4
9323,1,1
9324,2,2
9325,4,4
9327,2,2
9328,4,4
9330,4,4
9331,4,4
9332,1,1
9333,2,2
9334,4,4
9335,1,1
9336,2,2
9337,4,4
9338,1,1
9340,4,4
9341,1,1
9342,2,2
9343,2,2
9345,2,2
9346,2,2
9347,1,1
9348,2,2
9349,2,2
9351,2,2
9352,4,4
9354,2,2
9355,4,4
9356,1,1
9358,4,4
9359,1,1
9360,2,2
9361,4,4
9362,1,1
9363,2,2
9364,4,4
9365,1,1
9366,4,4
9367,4,4
9368,1,1
9370,4,4
9371,1,1
9372,2,2
9373,4,4
9374,1,1
9375,4,4
9376,4,4
9377,1,1
9378,2,2
9380,1,1
9381,2,2
9382,4,4
9383,1,1
9384,4,4
9385,4,4
9386,1,1
9387,2,2
9388,4,4
9389,1,1
9390,2,2
9391,4,4
9392,1,1
9393,4,4
9394,4,4
9395,1,1
9396,2,2
9397,2,2
9398,1,1
9399,2,2
9400,2,2
9402,2,2
9403,2,2
9404,1,1
9405,2,2
9406,4,4
9407,1,1
9408,2,2
9409,4,4
9410,1,1
9411,4,4
9413,1,1
9414,2,2
9415,4,4
9416,1,1
9417,2,2
9418,4,4
9419,1,1
9420,4,4
9421,4,4
9422,1,1
9423,2,2
9424,4,4
9426,2,2
9427,4,4
9428,1,1
9429,4,4
9430,4,4
9431,1,1
9432,2,2
9433,4,4
9434,1,1
9435,2,2
9436,4,4
9437,1,1
9440,1,1
9441,2,2
9443,1,1
9444,2,2
9446,1,1
9447,4,4
9448,4,4
9449,1,1
9450,2,2
9451,2,2
9453,2,2
9454,2,2
9455,1,1
9456,2,2
9458,1,1
9459,2,2
9460,4,4
9461,1,1
9462,2,2
9463,4,4
9464,1,1
9465,4,4
9466,4,4
9468,2,2
9469,4,4
9470,1,1
9471,2,2
9472,4,4
9473,1,1
9474,4,4
9475,4,4
9476,1,1
9477,2,2
9478,4,4
9479,1,1
9480,2,2
9481,4,4
9482,1,1
9483,4,4
9484,4,4
9485,1,1
9486,2,2
9488,1,1
9489,2,2
9490,4,4
9491,1,1
9492,4,4
9493,4,4
9494,1,1
9495,2,2
9496,4,4
9497,1,1
9498,2,2
9499,4,4
9500,1,1
9501,4,4
9502,4,4
9503,1,1
9504,2,2
9505,2,2
9506,1,1
9507,2,2
9508,2,2
9510,2,2
9511,2,2
9512,1,1
9513,2,2
9514,2,2
9515,1,1
9516,2,2
9517,2,2
9518,1,1
9519,2,2
9520,2,2
9521,1,1
9522,2,2
9523,2,2
9524,1,1
9525,2,2
9526,2,2
9527,1,1
9528,2,2
9529,2,2
9530,1,1
9531,2,2
9533,1,1
9534,2,2
9535,2,2
9536,1,1
9537,2,2
9538,2,2
9539,1,1
9540,2,2
9541,2,4
9542,1,1
9543,2,2
9544,2,4
9545,1,1
9546,2,2
9547,2,4
9548,1,1
9549,2,2
9550,2,4
9551,1,1
9552,2,2
9553,2,4
9554,1,1
9555,2,2
9557,1,1
9558,2,2
9560,1,1
9562,2,2
9563,1,1
9564,2,2
9565,2,2
9566,1,1
9567,2,2
9568,2,2
9569,1,1
9570,2,2
9571,2,2
9572,1,1
9573,2,2
9574,2,4
9575,1,1
9576,2,2
9577,2,4
9578,1,1
9579,2,2
9580,2,4
9581,1,1
9582,2,4
9583,2,4
9584,1,1
9586,2,4
9587,1,1
9588,2,2
9589,2,4
9590,1,1
9591,2,4
9592,2,4
9593,1,1
9594,2,2
9595,4,4
9597,2,2
9598,4,4
9599,1,1
9600,4,4
9601,4,4
9602,1,1
9603,2,2
9604,4,4
9605,1,1
9606,2,2
9607,4,4
9608,1,1
9609,4,4
9610,4,4
9611,1,1
9612,2,2
9613,2,2
9614,1,1
9615,2,2
9616,2,2
9617,1,1
9618,2,2
9619,2,2
9620,1,1
9621,2,2
9622,4,4
9623,1,1
9624,2,2
9625,4,4
9626,1,1
9627,4,2
9628,4,4
9629,1,1
9630,2,2
9631,4,4
9632,1,1
9633,2,2
9635,1,1
9636,4,4
9637,4,4
9638,1,1
9639,2,2
9640,4,4
9641,1,1
9642,2,2
9643,4,4
9644,1,1
9645,4,4
9646,4,4
9647,1,1
9648,2,2
9649,4,4
9650,1,1
9651,2,2
9652,4,4
9653,1,1
9654,4,4
9655,4,4
9656,1,1
9657,2,2
9658,4,4
9659,1,1
9660,2,2
9661,4,4
9662,1,1
9663,4,4
9664,4,4
9665,1,1
9666,2,2
9667,2,2
9668,1,1
9669,2,2
9670,2,2
9671,1,1
9672,2,2
9673,2,2
9674,1,1
9675,2,2
9676,4,4
9677,1,1
9678,2,2
9679,4,4
9680,1,1
9682,4,4
9683,1,1
9684,2,2
9685,4,4
9686,1,1
9687,2,2
9688,4,4
9689,1,1
9690,4,4
9691,4,4
9692,1,1
9694,4,4
9695,1,1
9696,2,2
9697,4,4
9699,4,4
9700,4,4
9701,1,1
9702,2,2
9703,4,4
9704,1,1
9705,2,2
9706,4,4
9707,1,1
9708,4,4
9710,1,1
9711,2,2
9712,4,4
9714,2,2
9715,4,4
9716,1,1
9718,4,4
9719,1,1
9720,2,2
9721,2,2
9722,1,1
9723,2,2
9726,2,2
9727,2,2
9728,1,1
9730,2,2
9731,1,1
9732,2,2
9733,2,2
9734,1,1
9735,2,2
9736,2,2
9737,1,1
9738,2,2
9739,2,2
9740,1,1
9741,2,2
9742,2,2
9743,1,1
9744,2,2
9745,2,2
9746,1,1
9747,2,2
9748,2,2
9749,1,1
9750,2,2
9751,2,2
9753,2,2
9754,2,2
9755,1,1
9756,2,2
9757,4,4
9758,1,1
9759,2,2
9761,1,1
9762,4,4
9764,1,1
9765,2,2
9766,4,4
9767,1,1
9768,2,2
9769,4,4
9770,1,1
9771,4,4
9772,4,4
9773,1,1
9774,2,2
9775,2,2
9776,1,1
9777,2,2
9778,2,2
9779,1,1
9780,2,2
9781,2,2
9783,2,2
9784,2,4
9785,1,1
9786,2,2
9787,2,4
9788,1,1
9789,2,2
9790,2,4
9791,1,1
9792,2,2
9793,2,4
9794,1,1
9796,2,4
9797,1,1
9798,2,4
9799,2,4
9800,1,1
9801,2,2
9802,2,4
9803,1,1
9804,2,2
9805,2,4
9806,1,1
9807,2,4
9808,2,4
9809,1,1
9810,2,2
9811,4,4
9812,1,1
9813,2,2
9814,4,4
9815,1,1
9816,4,4
9817,4,4
9818,1,1
9819,2,2
9820,4,4
9821,1,1
9823,4,4
9826,4,4
9827,1,1
9828,2,2
9831,2,2
9832,2,2
9833,1,1
9834,2,2
9835,2,2
9836,1,1
9837,2,2
9838,4,4
9839,1,1
9841,4,4
9842,1,1
9843,4,2
9844,4,4
9845,1,1
9846,2,2
9847,4,4
9848,1,1
9849,2,2
9850,4,4
9851,1,1
9852,4,4
9853,4,4
9854,1,1
9855,2,2
9857,1,1
9858,2,2
9859,4,4
9860,1,1
9861,4,4
9862,4,4
9864,2,2
9865,4,4
9866,1,1
9867,2,2
9868,4,4
9869,1,1
9870,4,4
9871,4,4
9872,1,1
9873,2,2
9874,4,4
9875,1,1
9876,2,2
9878,1,1
9881,1,1
9882,2,2
9883,2,2
9884,1,1
9885,2,2
9886,2,2
9887,1,1
9888,2,2
9889,2,2
9890,1,1
9891,2,2
9892,4,4
9893,1,1
9894,2,2
9895,4,4
9897,4,2
9898,4,4
9899,1,1
9901,4,4
9902,1,1
9904,4,4
9905,1,1
9906,4,4
9907,4,4
9908,1,1
9909,2,2
9910,4,4
9911,1,1
9912,2,2
9913,4,4
9914,1,1
9915,4,4
9916,4,4
9917,1,1
9918,2,2
9919,4,4
9920,1,1
9921,2,2
9922,4,4
9923,1,1
9925,4,4
9926,1,1
9927,2,2
9928,4,4
9929,1,1
9930,2,2
9931,4,4
9932,1,1
9933,4,4
9934,4,4
9936,2,2
9937,2,2
9938,1,1
9939,2,2
9940,2,2
9941,1,1
9942,2,2
9943,2,2
9945,2,2
9946,2,2
9947,1,1
9948,2,2
9949,2,2
9950,1,1
9951,2,2
9952,2,2
9953,1,1
9954,2,2
9955,2,2
9956,1,1
9957,2,2
9958,2,2
9959,1,1
9961,2,2
9962,1,1
9963,2,2
9964,2,2
9965,1,1
9968,1,1
9970,2,4
9971,1,1
9972,2,2
9974,1,1
9975,2,2
9976,4,4
9977,1,1
9978,4,4
9979,4,4
9980,1,1
9981,2,2
9983,1,1
9986,1,1
9987,4,4
9988,4,4
9989,1,1
9990,2,2
9991,2,2
9992,1,1
9993,2,2
9994,2,2
9995,1,1
9996,2,2
9997,2,2
9998,1,1
9999,2,2
10000,4,4
10001,1,1
10002,2,2
10003,4,4
10004,1,1
10005,4,2
10006,4,4
10007,1,1
10008,2,2
10009,4,4
10010,1,1
10011,2,2
10012,4,4
10013,1,1
10014,4,4
10015,4,4
10016,1,1
10017,2,2
10018,4,4
10019,1,1
10020,2,2
10021,4,4
10022,1,1
10023,4,4
10024,4,4
10025,1,1
10026,2,2
10027,4,4
10029,2,2
10030,4,4
10031,1,1
10032,4,4
10033,4,4
10034,1,1
10035,2,2
10036,4,4
10037,1,1
10039,4,4
10040,1,1
10041,4,4
10042,4,4
10044,2,2
10045,2,2
10046,1,1
10047,2,2
10048,2,2
10049,1,1
10050,2,2
10051,2,2
10052,1,1
10053,2,2
10054,4,4
10055,1,1
10056,2,2
10057,4,4
10058,1,1
10059,4,2
10060,4,4
10061,1,1
10062,2,2
10063,4,4
10064,1,1
10065,2,2
10066,4,4
10067,1,1
10068,4,4
10069,4,4
10070,1,1
10071,2,2
10072,4,4
10073,1,1
10074,2,2
10075,4,4
10076,1,1
10077,4,4
10078,4,4
10079,1,1
10080,2,2
10081,4,4
10082,1,1
10083,2,2
10084,4,4
10085,1,1
10086,4,4
10087,4,4
10088,1,1
10089,2,2
10090,4,4
10091,1,1
10092,2,2
10093,4,4
10094,1,1
10095,4,4
10096,4,4
10097,1,1
10098,2,2
10099,2,2
10100,1,1
10101,2,2
10102,2,2
10104,2,2
10105,2,2
10106,1,1
10107,2,2
10108,4,4
10109,1,1
10110,2,2
10111,4,4
10112,1,1
10113,4,2
10114,4,4
10116,2,2
10117,4,4
10119,2,2
10121,1,1
10122,4,4
10123,4,4
10124,1,1
10125,2,2
10126,4,4
10127,1,1
10131,4,4
10132,4,4
10133,1,1
10134,2,2
10135,4,4
10136,1,1
10138,4,4
10139,1,1
10141,4,4
10143,2,2
10144,4,4
10145,1,1
10146,2,2
10148,1,1
10149,4,4
10150,4,4
10151,1,1
10152,2,2
10153,2,2
10154,1,1
10156,2,2
10157,1,1
10158,2,2
10159,2,2
10160,1,1
10161,2,2
10162,4,4
10163,1,1
10164,2,2
10165,4,2
10166,1,1
10167,4,2
10168,4,4
10169,1,1
10170,2,2
10172,1,1
10173,2,2
10174,4,4
10175,1,1
10176,4,4
10177,4,4
10178,1,1
10179,2,2
10180,4,4
10181,1,1
10182,2,2
10183,4,4
10184,1,1
10185,4,4
10186,4,4
10188,2,2
10189,4,4
10190,1,1
10191,2,2
10192,4,4
10193,1,1
10194,4,4
10195,4,4
10196,1,1
10197,2,2
10198,4,4
10199,1,1
10200,2,2
10201,4,4
10203,4,4
10204,4,4
10205,1,1
10206,2,2
10207,2,2
10208,1,1
10209,2,2
10210,2,2
10211,1,1
10212,2,2
10213,2,2
10214,1,1
10215,2,2
10216,4,4
10218,2,2
10219,4,4
10220,1,1
10221,4,2
10222,4,4
10223,1,1
10224,2,2
10225,4,4
10226,1,1
10227,2,2
10228,4,4
10229,1,1
10230,4,4
10231,4,4
10233,2,2
10234,4,4
10235,1,1
10236,2,2
10237,4,4
10238,1,1
10239,4,4
10241,1,1
10242,2,2
10243,4,4
10244,1,1
10245,2,2
10246,4,4
10247,1,1
10248,4,4
10250,1,1
10251,2,2
10252,4,4
10253,1,1
10254,2,2
10255,4,4
10256,1,1
10257,4,4
10258,4,4
10259,1,1
10260,2,2
10261,2,2
10262,1,1
10263,2,2
10265,1,1
10266,2,2
10268,1,1
10269,2,2
10270,4,4
10271,1,1
10272,2,2
10273,4,4
10274,1,1
10275,4,2
10276,4,4
10277,1,1
10278,2,2
10279,4,4
10281,2,2
10282,4,4
10283,1,1
10284,4,4
10285,4,4
10286,1,1
10287,2,2
10288,4,4
10289,1,1
10290,2,2
10291,4,4
10292,1,1
10294,4,4
10295,1,1
10296,2,2
10297,4,4
10298,1,1
10299,2,2
10301,1,1
10302,4,4
10303,4,4
10304,1,1
10305,2,2
10307,1,1
10308,2,2
10309,4,4
10310,1,1
10311,4,4
10312,4,4
10313,1,1
10314,2,2
10315,2,2
10317,2,2
10318,2,2
10319,1,1
10320,2,2
10321,2,2
10322,1,1
10323,2,2
10324,4,4
10325,1,1
10326,2,2
10327,4,4
10328,1,1
10330,4,4
10333,4,4
10334,1,1
10335,2,2
10336,4,4
10337,1,1
10338,4,4
10339,4,4
10340,1,1
10341,2,2
10342,4,4
10343,1,1
10344,2,2
10345,4,4
10346,1,1
10347,4,4
10348,4,4
10349,1,1
10350,2,2
10352,1,1
10353,2,2
10354,4,4
10355,1,1
10356,4,4
10358,1,1
10359,2,2
10362,2,2
10363,4,4
10364,1,1
10365,4,4
10366,4,4
10367,1,1
10368,2,2
10370,1,1
10371,2,2
10372,2,4
10373,1,1
10374,2,4
10375,2,4
10376,1,1
10377,2,2
10378,4,4
10380,2,2
10381,4,4
10382,1,1
10383,4,4
10384,4,4
10385,1,1
10386,2,2
10387,4,4
10388,1,1
10389,2,2
10390,4,4
10391,1,1
10392,4,4
10393,4,4
10394,1,1
10396,4,4
10397,1,1
10398,2,2
10399,4,4
10400,1,1
10401,4,4
10402,4,4
10403,1,1
10404,2,2
10405,4,4
10406,1,1
10407,2,4
10408,4,4
10409,1,1
10411,4,4
10412,1,1
10413,2,2
10414,4,4
10415,1,1
10416,2,4
10417,4,4
10419,4,4
10420,4,4
10421,1,1
10422,2,2
10423,4,4
10424,1,1
10426,4,4
10427,1,1
10430,1,1
10431,2,2
10432,4,4
10433,1,1
10434,2,2
10435,4,4
10436,1,1
10437,4,4
10439,1,1
10440,2,4
10441,4,4
10442,1,1
10443,2,4
10444,4,4
10445,1,1
10446,4,4
10447,4,4
10448,1,1
10449,2,4
10451,1,1
10452,2,4
10453,4,4
10454,1,1
10458,4,4
10459,4,4
10460,1,1
10461,4,4
10462,4,4
10463,1,1
10464,4,4
10465,4,4
10466,1,1
10467,4,4
10468,4,4
10469,1,1
10470,4,4
10471,4,4
10472,1,1
10473,4,4
10475,1,1
10477,4,4
10478,1,1
10479,2,2
10480,4,4
10481,1,1
10482,4,4
10483,4,4
10484,1,1
10485,4,2
10486,4,4
10487,1,1
10488,4,2
10489,4,4
10490,1,1
10491,4,4
10492,4,4
10493,1,1
10494,4,4
10495,4,4
10496,1,1
10497,4,4
10498,4,4
10499,1,1
10500,4,4
10501,4,4
10503,4,4
10504,4,4
10505,1,1
10506,4,4
10507,4,4
10508,1,1
10509,4,4
10510,4,4
10511,1,1
10512,4,4
10514,1,1
10515,4,4
10516,4,4
10517,1,1
10518,4,4
10519,4,4
10520,1,1
10521,4,4
10522,4,4
10523,1,1
10524,4,4
10526,1,1
10527,4,4
10528,4,4
10529,1,1
10530,2,2
10533,2,2
10534,4,4
10535,1,1
10536,4,4
10537,4,4
10539,4,4
10540,4,4
10541,1,1
10542,4,4
10543,4,4
10544,1,1
10545,4,4
10546,4,4
10547,1,1
10548,4,4
10549,4,4
10550,1,1
10551,4,4
10552,4,4
10553,1,1
10554,4,4
10555,4,4
10556,1,1
10557,4,4
10558,4,4
10559,1,1
10560,4,4
10561,4,4
10562,1,1
10563,4,4
10564,4,4
10565,1,1
10566,4,4
10567,4,4
10568,1,1
10569,4,4
10570,4,4
10571,1,1
10572,4,4
10573,4,4
10574,1,1
10575,4,4
10576,4,4
10578,4,4
10580,1,1
10581,4,4
10582,4,4
10583,1,1
10585,4,4
10586,1,1
10587,2,2
10589,1,1
10590,4,4
10592,1,1
10593,2,2
10594,4,4
10596,2,2
10597,4,4
10598,1,1
10599,4,4
10600,4,4
10601,1,1
10602,2,2
10604,1,1
10605,2,2
10606,4,4
10607,1,1
10608,4,4
10609,4,4
10610,1,1
10612,4,4
10613,1,1
10614,2,2
10615,4,4
10617,4,4
10618,4,4
10619,1,1
10620,4,4
10621,4,4
10622,1,1
10623,4,4
10624,4,4
10625,1,1
10626,4,4
10627,4,4
10628,1,1
10631,1,1
10632,4,4
10633,4,4
10634,1,1
10635,4,4
10636,4,4
10637,1,1
10638,2,2
10639,4,4
10640,1,1
10642,4,4
10643,1,1
10644,4,4
10646,1,1
10648,4,4
10649,1,1
10650,2,2
10651,4,4
10652,1,1
10655,1,1
10656,2,4
10657,4,4
10658,1,1
10659,2,4
10660,4,4
10662,4,4
10663,4,4
10664,1,1
10666,4,4
10668,2,4
10669,4,4
10670,1,1
10671,4,4
10672,4,4
10673,1,1
10674,4,4
10675,4,4
10676,1,1
10677,4,4
10679,1,1
10680,4,4
10681,4,4
10683,4,4
10684,4,4
10687,4,4
10688,1,1
10690,4,4
10691,1,1
10692,2,2
10693,4,4
10694,1,1
10695,2,2
10696,4,4
10697,1,1
10698,4,4
10699,4,4
10700,1,1
10701,4,4
10702,4,4
10703,1,1
10704,4,4
10705,4,4
10706,1,1
10707,4,4
10708,4,4
10709,1,1
10710,4,4
10711,4,4
10712,1,1
10713,4,4
10714,4,4
10715,1,1
10716,4,4
10717,4,4
10718,1,1
10719,4,4
10722,4,4
10723,4,4
10724,1,1
10725,4,4
10726,4,4
10727,1,1
10728,4,4
10729,4,4
10730,1,1
10731,4,4
10732,4,4
10734,4,4
10735,4,4
10736,1,1
10737,4,4
10738,4,4
10739,1,1
10740,4,4
10741,4,4
10742,1,1
10743,4,4
10747,4,4
10748,1,1
10749,2,2
10750,4,4
10751,1,1
10752,4,4
10753,4,4
10754,1,1
10755,4,4
10756,4,4
10757,1,1
10758,4,4
10759,4,4
10760,1,1
10761,4,4
10762,4,4
10763,1,1
10764,4,4
10765,4,4
10766,1,1
10767,4,4
10768,4,4
10769,1,1
10770,4,4
10771,4,4
10772,1,1
10773,4,4
10774,4,4
10775,1,1
10776,4,4
10777,4,4
10778,1,1
10779,4,4
10780,4,4
10781,1,1
10782,4,4
10783,4,4
10784,1,1
10785,4,4
10786,4,4
10787,1,1
10789,4,4
10790,1,1
10791,4,4
10792,4,4
10793,1,1
10794,4,4
10795,4,4
10796,1,1
10797,4,4
10798,4,4
10799,1,1
10800,2,2
10801,4,4
10803,2,2
10804,4,4
10805,1,1
10806,4,4
10807,4,4
10808,1,1
10809,2,2
10810,4,4
10812,2,2
10813,4,4
10814,1,1
10815,4,4
10816,4,4
10817,1,1
10818,2,2
10819,4,4
10820,1,1
10822,4,4
10823,1,1
10824,4,4
10825,4,4
10826,1,1
10827,2,2
10828,4,4
10829,1,1
10830,2,2
10831,4,4
10832,1,1
10833,4,4
10834,4,4
10835,1,1
10836,4,4
10837,4,4
10838,1,1
10839,4,4
10840,4,4
10841,1,1
10842,4,4
10843,4,4
10844,1,1
10846,4,4
10847,1,1
10848,4,4
10849,4,4
10850,1,1
10853,1,1
10854,2,2
10855,4,4
10856,1,1
10857,2,2
10859,1,1
10860,4,4
10861,4,4
10862,1,1
10863,4,2
10864,4,4
10866,4,2
10867,4,4
10868,1,1
10869,4,4
10870,4,4
10871,1,1
10872,4,4
10873,4,4
10874,1,1
10875,4,4
10876,4,4
10877,1,1
10878,4,4
10879,4,4
10880,1,1
10881,4,4
10883,1,1
10884,4,4
10885,4,4
10886,1,1
10887,4,4
10888,4,4
10889,1,1
10890,4,4
10891,4,4
10892,1,1
10893,4,4
10894,4,4
10895,1,1
10896,4,4
10898,1,1
10899,4,4
10900,4,4
10901,1,1
10902,4,4
10903,4,4
10904,1,1
10905,4,4
10906,4,4
10907,1,1
10908,2,2
10909,4,4
10910,1,1
10911,2,2
10912,4,4
10913,1,1
10914,4,4
10915,4,4
10916,1,1
10918,4,4
10919,1,1
10920,4,4
10921,4,4
10922,1,1
10923,4,4
10924,4,4
10925,1,1
10926,4,4
10927,4,4
10928,1,1
10929,4,4
10930,4,4
10931,1,1
10932,4,4
10933,4,4
10934,1,1
10935,4,4
10936,4,4
10938,4,4
10940,1,1
10941,4,4
10942,4,4
10943,1,1
10945,4,4
10946,1,1
10947,4,4
10949,1,1
10950,4,4
10951,4,4
10952,1,1
10953,4,4
10955,1,1
10956,4,4
10957,4,4
10958,1,1
10959,4,4
10960,4,4
10961,1,1
10962,2,2
10963,4,4
10964,1,1
10966,4,4
10967,1,1
10968,4,4
10969,4,4
10970,1,1
10971,4,4
10972,4,4
10973,1,1
10974,4,4
10975,4,4
10976,1,1
10977,4,4
10978,4,4
10979,1,1
10981,4,4
10982,1,1
10983,4,4
10984,4,4
10985,1,1
10986,4,4
10987,4,4
10988,1,1
10989,4,4
10990,4,4
10991,1,1
10992,4,4
10993,4,4
10994,1,1
10995,4,4
10996,4,4
10997,1,1
10998,4,4
10999,4,4
11000,1,1
11001,4,4
11002,4,4
11003,1,1
11005,4,4
11006,1,1
11007,4,4
11008,4,4
11009,1,1
11010,4,4
11011,4,4
11012,1,1
11013,4,4
11014,4,4
11015,1,1
11016,2,2
11017,4,4
11020,4,4
11021,1,1
11022,4,4
11023,4,4
11024,1,1
11025,4,2
11026,4,4
11027,1,1
11028,4,2
11029,4,4
11030,1,1
11031,4,4
11032,4,4
11033,1,1
11034,4,2
11035,4,4
11036,1,1
11037,4,4
11038,4,4
11039,1,1
11040,4,4
11041,4,4
11042,1,1
11043,4,4
11044,4,4
11045,1,1
11047,4,4
11048,1,1
11049,4,4
11050,4,4
11051,1,1
11052,4,4
11053,4,4
11054,1,1
11055,4,4
11056,4,4
11057,1,1
11058,4,4
11059,4,4
11060,1,1
11061,4,4
11062,4,4
11063,1,1
11064,4,4
11065,4,4
11066,1,1
11067,4,4
11068,4,4
11069,1,1
11070,2,2
11071,4,4
11072,1,1
11073,2,2
11074,4,4
11075,1,1
11077,4,4
11078,1,1
11079,4,4
11080,4,4
11081,1,1
11082,4,4
11083,4,4
11084,1,1
11085,4,4
11086,4,4
11087,1,1
11088,4,4
11089,4,4
11091,4,4
11092,4,4
11093,1,1
11094,4,4
11096,1,1
11098,4,4
11099,1,1
11100,4,4
11101,4,4
11102,1,1
11104,4,4
11105,1,1
11106,4,4
11107,4,4
11108,1,1
11109,4,4
11110,4,4
11112,4,4
11113,4,4
11114,1,1
11115,4,4
11116,4,4
11118,4,4
11119,4,4
11120,1,1
11121,4,4
11122,4,4
11123,1,1
11124,2,2
11126,1,1
11127,2,2
11128,4,4
11130,4,4
11131,4,4
11133,4,4
11134,4,4
11135,1,1
11136,4,4
11138,1,1
11139,4,4
11140,4,4
11141,1,1
11142,4,4
11143,4,4
11144,1,1
11145,4,4
11146,4,4
11147,1,1
11148,4,4
11149,4,4
11150,1,1
11151,4,4
11152,4,4
11153,1,1
11154,4,4
11155,4,4
11156,1,1
11157,4,4
11158,4,4
11159,1,1
11161,4,4
11162,1,1
11163,4,4
11164,4,4
11165,1,1
11166,4,4
11167,4,4
11168,1,1
11169,4,4
11170,4,4
11172,4,4
11173,4,4
11174,1,1
11175,4,4
11176,4,4
11177,1,1
11178,2,2
11179,4,4
11180,1,1
11181,2,2
11182,4,4
11183,1,1
11184,4,4
11185,4,4
11186,1,1
11187,4,4
11188,4,4
11189,1,1
11190,4,4
11193,4,4
11194,4,4
11195,1,1
11196,4,4
11197,4,4
11198,1,1
11199,4,4
11200,4,4
11201,1,1
11202,4,4
11203,4,4
11204,1,1
11205,4,4
11206,4,4
11207,1,1
11208,4,4
11210,1,1
11211,4,4
11212,4,4
11213,1,1
11214,4,4
11215,4,4
11216,1,1
11219,1,1
11220,4,4
11221,4,4
11222,1,1
11223,4,4
11224,4,4
11225,1,1
11226,4,4
11227,4,4
11228,1,1
11230,4,4
11231,1,1
11232,2,2
11233,2,4
11234,1,1
11235,2,2
11236,2,4
11237,1,1
11238,2,4
11239,2,4
11240,1,1
11242,4,4
11243,1,1
11244,2,2
11245,4,4
11246,1,1
11247,4,4
11248,4,4
11250,2,2
11251,4,4
11252,1,1
11253,2,2
11254,4,4
11255,1,1
11256,4,4
11258,1,1
11259,2,4
11260,4,4
11261,1,1
11262,2,4
11263,4,4
11264,1,1
11265,4,4
11266,4,4
11267,1,1
11269,4,4
11270,1,1
11271,2,4
11272,4,4
11273,1,1
11274,4,4
11275,4,4
11276,1,1
11277,2,4
11278,4,4
11279,1,1
11280,2,4
11281,4,4
11282,1,1
11283,4,4
11284,4,4
11285,1,1
11286,2,2
11287,4,4
11288,1,1
11289,2,2
11290,4,4
11292,4,4
11293,4,4
11295,2,4
11296,4,4
11297,1,1
11298,2,4
11300,1,1
11301,4,4
11302,4,4
11303,1,1
11304,2,4
11306,1,1
11307,2,4
11308,4,4
11309,1,1
11310,4,4
11311,4,4
11312,1,1
11314,4,4
11316,2,4
11317,4,4
11318,1,1
11319,4,4
11320,4,4
11321,1,1
11322,4,4
11323,4,4
11324,1,1
11325,4,4
11326,4,4
11327,1,1
11328,4,4
11329,4,4
11330,1,1
11331,4,4
11332,4,4
11333,1,1
11334,4,4
11335,4,4
11336,1,1
11337,4,4
11339,1,1
11340,2,2
11341,4,4
11342,1,1
11343,2,2
11344,4,4
11345,1,1
11346,4,4
11347,4,4
11348,1,1
11349,4,4
11350,4,4
11351,1,1
11352,4,4
11353,4,4
11354,1,1
11355,4,4
11357,1,1
11358,4,4
11359,4,4
11360,1,1
11361,4,4
11362,4,4
11363,1,1
11364,4,4
11366,1,1
11367,4,4
11368,4,4
11369,1,1
11370,4,4
11371,4,4
11373,4,4
11374,4,4
11375,1,1
11376,4,4
11377,4,4
11378,1,1
11379,4,4
11380,4,4
11381,1,1
11382,4,4
11383,4,4
11384,1,1
11385,4,4
11386,4,4
11387,1,1
11388,4,4
11389,4,4
11390,1,1
11391,4,4
11392,4,4
11393,1,1
11394,2,2
11395,4,4
11397,2,2
11398,4,4
11399,1,1
11400,4,4
11401,4,4
11402,1,1
11403,4,4
11404,4,4
11405,1,1
11406,4,4
11407,4,4
11408,1,1
11410,4,4
11411,1,1
11412,4,4
11414,1,1
11415,4,4
11416,4,4
11417,1,1
11418,4,4
11419,4,4
11421,4,4
11422,4,4
11423,1,1
11424,4,4
11425,4,4
11426,1,1
11427,4,4
11428,4,4
11429,1,1
11430,4,4
11431,4,4
11432,1,1
11433,4,4
11434,4,4
11437,4,4
11438,1,1
11439,4,4
11441,1,1
11442,4,4
11444,1,1
11445,4,4
11446,4,4
11447,1,1
11448,2,2
11449,4,4
11450,1,1
11451,2,2
11452,4,4
11453,1,1
11454,4,4
11455,4,4
11456,1,1
11457,2,2
11458,4,4
11459,1,1
11460,2,2
11461,4,4
11462,1,1
11463,4,4
11464,4,4
11465,1,1
11466,2,2
11468,1,1
11469,2,4
11470,4,4
11471,1,1
11473,4,4
11474,1,1
11475,2,4
11476,4,4
11477,1,1
11479,4,4
11480,1,1
11481,4,4
11482,4,4
11483,1,1
11484,4,4
11485,4,4
11486,1,1
11487,4,4
11488,4,4
11489,1,1
11490,4,4
11491,4,4
11492,1,1
11493,4,4
11494,4,4
11496,4,4
11498,1,1
11500,4,4
11501,1,1
11502,2,2
11505,2,2
11507,1,1
11508,4,4
11509,4,4
11510,1,1
11511,2,4
11512,4,4
11513,1,1
11515,4,4
11516,1,1
11517,4,4
11518,4,4
11519,1,1
11520,2,4
11521,4,4
11522,1,1
11523,2,4
11524,4,4
11525,1,1
11526,4,4
11527,4,4
11528,1,1
11529,2,4
11530,4,4
11531,1,1
11532,2,4
11533,4,4
11534,1,1
11535,4,4
11536,4,4
11537,1,1
11538,4,4
11540,1,1
11541,4,4
11542,4,4
11543,1,1
11545,4,4
11547,4,4
11548,4,4
11549,1,1
11550,4,4
11551,4,4
11552,1,1
11553,4,4
11554,4,4
11555,1,1
11556,2,2
11557,4,4
11559,2,2
11560,4,4
11561,1,1
11562,4,4
11563,4,4
11564,1,1
11565,4,4
11566,4,4
11567,1,1
11568,4,4
11569,4,4
11570,1,1
11571,4,4
11572,4,4
11573,1,1
11574,4,4
11575,4,4
11577,4,4
11578,4,4
11579,1,1
11580,4,4
11581,4,4
11582,1,1
11583,4,4
11584,4,4
11585,1,1
11586,4,4
11587,4,4
11588,1,1
11589,4,4
11590,4,4
11591,1,1
11592,4,4
11593,4,4
11594,1,1
11595,4,4
11596,4,4
11597,1,1
11598,4,4
11599,4,4
11600,1,1
11601,4,4
11602,4,4
11603,1,1
11604,4,4
11605,4,4
11606,1,1
11607,4,4
11608,4,4
11609,1,1
11610,2,4
11611,4,4
11612,1,1
11613,2,4
11614,4,4
11615,1,1
11617,4,4
11618,1,1
11619,4,4
11620,4,4
11621,1,1
11622,4,4
11623,4,4
11624,1,1
11625,4,4
11626,4,4
11627,1,1
11628,4,4
11629,4,4
11630,1,1
11631,4,4
11632,4,4
11633,1,1
11634,4,4
11635,4,4
11636,1,1
11637,4,4
11638,4,4
11639,1,1
11640,4,4
11641,4,4
11642,1,1
11643,4,4
11644,4,4
11645,1,1
11646,4,4
11647,4,4
11648,1,1
11649,4,4
11650,4,4
11651,1,1
11652,4,4
11653,4,4
11655,4,4
11656,4,4
11657,1,1
11658,4,4
11659,4,4
11660,1,1
11661,4,4
11662,4,4
11663,1,1
11664,2,2
11665,4,4
11666,1,1
11667,2,2
11668,4,4
11669,1,1
11670,4,4
11671,4,4
11672,1,1
11673,2,2
11675,1,1
11676,2,2
11677,4,4
11678,1,1
11679,4,4
11680,4,4
11681,1,1
11682,2,2
11683,4,4
11684,1,1
11685,2,4
11686,4,4
11687,1,1
11688,4,4
11690,1,1
11691,2,4
11692,4,4
11693,1,1
11694,2,4
11695,4,4
11697,4,4
11698,4,4
11699,1,1
11701,4,4
11702,1,1
11703,4,4
11704,4,4
11705,1,1
11706,4,4
11707,4,4
11708,1,1
11709,4,4
11710,4,4
11711,1,1
11712,4,4
11715,4,4
11716,4,4
11717,1,1
11718,2,2
11719,4,4
11720,1,1
11721,2,2
11722,4,4
11723,1,1
11724,4,4
11726,1,1
11727,4,4
11728,4,4
11729,1,1
11730,4,4
11731,4,4
11732,1,1
11733,4,4
11734,4,4
11735,1,1
11736,4,4
11737,4,4
11739,4,4
11740,4,4
11741,1,1
11742,4,4
11743,4,4
11744,1,1
11745,4,4
11746,4,4
11747,1,1
11748,4,4
11749,4,4
11750,1,1
11752,4,4
11753,1,1
11754,4,4
11755,4,4
11756,1,1
11757,4,4
11759,1,1
11760,4,4
11761,4,4
11762,1,1
11763,4,4
11764,4,4
11765,1,1
11766,4,4
11767,4,4
11768,1,1
11769,4,4
11770,4,4
11771,1,1
11772,2,2
11773,4,4
11774,1,1
11775,2,2
11776,4,4
11777,1,1
11778,4,4
11779,4,4
11780,1,1
11781,4,4
11783,1,1
11784,4,4
11785,4,4
11786,1,1
11787,4,4
11788,4,4
11789,1,1
11790,4,4
11791,4,4
11793,4,4
11794,4,4
11795,1,1
11796,4,4
11797,4,4
11798,1,1
11799,4,4
11800,4,4
11802,4,4
11803,4,4
11804,1,1
11805,4,4
11807,1,1
11808,4,4
11809,4,4
11810,1,1
11811,4,4
11812,4,4
11813,1,1
11814,4,4
11817,4,4
11818,4,4
11819,1,1
11820,4,4
11821,4,4
11822,1,1
11823,4,4
11824,4,4
11825,1,1
11826,2,4
11827,4,4
11828,1,1
11829,2,4
11830,4,4
11831,1,1
11832,4,4
11834,1,1
11835,4,4
11836,4,4
11837,1,1
11838,4,4
11839,4,4
11840,1,1
11841,4,4
11842,4,4
11843,1,1
11844,4,4
11845,4,4
11846,1,1
11847,4,4
11848,4,4
11849,1,1
11850,4,4
11851,4,4
11852,1,1
11853,4,4
11854,4,4
11855,1,1
11856,4,4
11857,4,4
11858,1,1
11859,4,4
11860,4,4
11861,1,1
11862,4,4
11863,4,4
11864,1,1
11865,4,4
11866,4,4
11867,1,1
11868,4,4
11869,4,4
11871,4,4
11872,4,4
11873,1,1
11874,4,4
11875,4,4
11876,1,1
11877,4,4
11878,4,4
11879,1,1
11880,2,2
11881,4,4
11882,1,1
11883,2,2
11884,4,4
11886,4,4
11887,4,4
11888,1,1
11889,4,2
11890,4,4
11891,1,1
11892,4,2
11893,4,4
11894,1,1
11896,4,4
11897,1,1
11898,4,4
11900,1,1
11901,4,4
11902,4,4
11904,4,4
11905,4,4
11906,1,1
11907,4,4
11908,4,4
11910,4,4
11911,4,4
11912,1,1
11913,4,4
11914,4,4
11915,1,1
11916,4,4
11917,4,4
11918,1,1
11919,4,4
11922,4,4
11923,4,4
11924,1,1
11925,4,4
11926,4,4
11927,1,1
11929,4,4
11931,4,4
11932,4,4
11933,1,1
11935,4,4
11936,1,1
11937,2,2
11938,4,4
11941,4,4
11942,1,1
11943,4,4
11944,4,4
11945,1,1
11946,4,4
11947,4,4
11948,1,1
11950,4,4
11951,1,1
11952,4,4
11953,4,4
11954,1,1
11955,4,4
11956,4,4
11957,1,1
11958,4,4
11959,4,4
11960,1,1
11961,4,4
11962,4,4
11963,1,1
11964,4,4
11966,1,1
11967,4,4
11968,4,4
11969,1,1
11970,4,4
11971,4,4
11972,1,1
11973,4,4
11974,4,4
11975,1,1
11976,4,4
11977,4,4
11978,1,1
11979,4,4
11980,4,4
11982,4,4
11983,4,4
11984,1,1
11985,4,4
11986,4,4
11987,1,1
11988,2,4
11989,4,4
11990,1,1
11991,2,4
11992,4,4
11993,1,1
11994,4,4
11996,1,1
11997,4,4
11998,4,4
11999,1,1
12002,1,1
12003,4,4
12004,4,4
12005,1,1
12006,4,4
12007,4,4
12008,1,1
12009,4,4
12010,4,4
12011,1,1
12012,4,4
12013,4,4
12014,1,1
12015,4,4
12016,4,4
12017,1,1
12018,4,4
12019,4,4
12020,1,1
12021,4,4
12022,4,4
12024,4,4
12025,4,4
12026,1,1
12027,4,4
12028,4,4
12029,1,1
12030,4,4
12031,4,4
12032,1,1
12033,4,4
12034,4,4
12035,1,1
12036,4,4
12037,4,4
12038,1,1
12039,4,4
12040,4,4
12041,1,1
12043,4,4
12044,1,1
12045,2,4
12046,4,4
12047,1,1
12048,4,4
12049,4,4
12050,1,1
12051,4,4
12052,4,4
12053,1,1
12054,4,4
12056,1,1
12057,4,4
12058,4,4
12059,1,1
12060,4,4
12061,4,4
12062,1,1
12063,4,4
12064,4,4
12065,1,1
12066,4,4
12067,4,4
12068,1,1
12069,4,4
12070,4,4
12071,1,1
12072,4,4
12073,4,4
12074,1,1
12075,4,4
12076,4,4
12077,1,1
12078,4,4
12079,4,4
12080,1,1
12081,4,4
12082,4,4
12083,1,1
12084,4,4
12085,4,4
12086,1,1
12088,4,4
12089,1,1
12090,4,4
12091,4,4
12092,1,1
12093,4,4
12094,4,4
12095,1,1
12096,2,2
12097,2,4
12098,1,1
12099,2,2
12100,2,4
12102,2,4
12103,2,4
12104,1,1
12105,2,2
12106,4,4
12107,1,1
12108,2,2
12109,4,4
12110,1,1
12111,4,4
12113,1,1
12114,2,2
12115,4,4
12117,2,2
12119,1,1
12120,4,4
12121,4,4
12122,1,1
12124,4,4
12125,1,1
12126,2,2
12127,4,4
12128,1,1
12129,4,4
12132,2,4
12133,4,4
12134,1,1
12135,2,4
12136,4,4
12137,1,1
12138,4,4
12139,4,4
12140,1,1
12141,2,4
12142,4,4
12143,1,1
12144,2,4
12145,4,4
12147,4,4
12148,4,4
12149,1,1
12150,2,2
12151,4,4
12152,1,1
12153,2,2
12154,4,4
12155,1,1
12156,4,4
12157,4,4
12158,1,1
12159,2,2
12160,4,4
12161,1,1
12162,2,2
12163,4,4
12165,4,4
12166,4,4
12167,1,1
12170,1,1
12171,2,4
12172,4,4
12173,1,1
12174,4,4
12175,4,4
12176,1,1
12177,2,4
12178,4,4
12179,1,1
12180,2,4
12181,4,4
12182,1,1
12183,4,4
12184,4,4
12185,1,1
12186,4,4
12187,4,4
12188,1,1
12189,4,4
12190,4,4
12191,1,1
12192,4,4
12193,4,4
12194,1,1
12195,4,4
12196,4,4
12197,1,1
12199,4,4
12200,1,1
12201,4,4
12202,4,4
12204,2,2
12206,1,1
12207,2,2
12208,4,4
12209,1,1
12210,4,4
12211,4,4
12212,1,1
12213,4,4
12214,4,4
12215,1,1
12216,4,4
12217,4,4
12218,1,1
12219,4,4
12221,1,1
12222,4,4
12223,4,4
12224,1,1
12225,4,4
12226,4,4
12227,1,1
12228,4,4
12229,4,4
12230,1,1
12231,4,4
12232,4,4
12233,1,1
12234,4,4
12235,4,4
12236,1,1
12237,4,4
12238,4,4
12239,1,1
12240,4,4
12241,4,4
12242,1,1
12243,4,4
12244,4,4
12245,1,1
12246,4,4
12247,4,4
12248,1,1
12249,4,4
12251,1,1
12252,4,4
12253,4,4
12254,1,1
12255,4,4
12257,1,1
12258,2,2
12259,4,4
12260,1,1
12261,2,2
12262,4,4
12263,1,1
12264,4,4
12265,4,4
12266,1,1
12267,4,4
12268,4,4
12270,4,4
12271,4,4
12272,1,1
12273,4,4
12274,4,4
12275,1,1
12276,4,4
12278,1,1
12282,4,4
12283,4,4
12284,1,1
12285,4,4
12286,4,4
12287,1,1
12288,4,4
12289,4,4
12290,1,1
12291,4,4
12292,4,4
12293,1,1
12294,4,4
12296,1,1
12297,4,4
12298,4,4
12299,1,1
12300,4,4
12301,4,4
12302,1,1
12303,4,4
12304,4,4
12305,1,1
12306,4,4
12307,4,4
12308,1,1
12309,4,4
12310,4,4
12311,1,1
12312,2,2
12314,1,1
12315,2,2
12316,4,4
12317,1,1
12318,4,4
12319,4,4
12320,1,1
12322,4,4
12323,1,1
12324,2,2
12325,4,4
12326,1,1
12327,4,4
12328,4,4
12331,4,4
12332,1,1
12333,2,2
12334,4,4
12335,1,1
12336,4,4
12337,4,4
12338,1,1
12339,2,2
12340,4,4
12341,1,1
12342,2,2
12344,1,1
12345,4,4
12346,4,4
12347,1,1
12348,4,4
12349,4,4
12350,1,1
12352,4,4
12353,1,1
12354,4,4
12355,4,4
12356,1,1
12357,4,4
12358,4,4
12359,1,1
12360,4,4
12361,4,4
12362,1,1
12363,4,4
12364,4,4
12365,1,1
12366,2,2
12367,4,4
12368,1,1
12369,2,2
12370,4,4
12371,1,1
12373,4,4
12374,1,1
12375,2,2
12376,4,4
12377,1,1
12378,2,2
12379,4,4
12380,1,1
12381,4,4
12382,4,4
12383,1,1
12384,2,4
12385,4,4
12386,1,1
12387,2,4
12388,4,4
12389,1,1
12390,4,4
12392,1,1
12393,2,4
12394,4,4
12395,1,1
12397,4,4
12398,1,1
12399,4,4
12400,4,4
12401,1,1
12402,4,4
12403,4,4
12404,1,1
12405,4,4
12406,4,4
12407,1,1
12408,4,4
12409,4,4
12410,1,1
12411,4,4
12413,1,1
12414,4,4
12415,4,4
12417,4,4
12418,4,4
12419,1,1
12420,2,2
12421,4,4
12422,1,1
12423,2,2
12424,4,4
12425,1,1
12426,4,4
12427,4,4
12428,1,1
12429,4,4
12430,4,4
12431,1,1
12432,4,4
12433,4,4
12434,1,1
12435,4,4
12436,4,4
12437,1,1
12438,4,4
12439,4,4
12440,1,1
12441,4,4
12442,4,4
12443,1,1
12444,4,4
12445,4,4
12446,1,1
12448,4,4
12449,1,1
12450,4,4
12453,4,4
12454,4,4
12455,1,1
12456,4,4
12457,4,4
12458,1,1
12459,4,4
12460,4,4
12461,1,1
12463,4,4
12464,1,1
12465,4,4
12466,4,4
12467,1,1
12468,4,4
12469,4,4
12470,1,1
12471,4,4
12472,4,4
12473,1,1
12474,2,2
12475,4,4
12476,1,1
12478,4,4
12479,1,1
12480,4,4
12481,4,4
12482,1,1
12483,4,4
12484,4,4
12485,1,1
12486,4,4
12487,4,4
12488,1,1
12489,4,4
12490,4,4
12492,4,4
12493,4,4
12494,1,1
12495,4,4
12496,4,4
12498,4,4
12499,4,4
12500,1,1
12501,4,4
12502,4,4
12503,1,1
12504,4,4
12505,4,4
12506,1,1
12507,4,4
12508,4,4
12509,1,1
12510,4,4
12511,4,4
12512,1,1
12513,4,4
12514,4,4
12515,1,1
12516,4,4
12517,4,4
12518,1,1
12519,4,4
12520,4,4
12521,1,1
12522,4,4
12523,4,4
12525,4,4
12526,4,4
12527,1,1
12528,2,2
12529,4,4
12530,1,1
12531,2,2
12533,1,1
12534,4,4
12535,4,4
12536,1,1
12538,4,4
12539,1,1
12540,2,2
12541,4,4
12542,1,1
12543,4,4
12544,4,4
12545,1,1
12546,2,2
12547,4,4
12548,1,1
12549,2,2
12550,4,4
12551,1,1
12552,4,4
12555,2,2
12556,4,4
12557,1,1
12558,2,4
12559,4,4
12560,1,1
12561,4,4
12562,4,4
12563,1,1
12564,4,4
12565,4,4
12566,1,1
12568,4,4
12569,1,1
12571,4,4
12573,4,4
12574,4,4
12575,1,1
12576,4,4
12577,4,4
12578,1,1
12579,4,4
12580,4,4
12581,1,1
12582,2,2
12583,4,4
12584,1,1
12585,2,2
12586,4,4
12587,1,1
12588,4,4
12590,1,1
12591,4,4
12592,4,4
12593,1,1
12595,4,4
12596,1,1
12597,4,4
12598,4,4
12599,1,1
12600,4,4
12601,4,4
12602,1,1
12605,1,1
12606,4,4
12607,4,4
12608,1,1
12609,4,4
12610,4,4
12612,4,4
12613,4,4
12614,1,1
12615,4,4
12616,4,4
12617,1,1
12618,4,4
12619,4,4
12621,4,4
12622,4,4
12623,1,1
12624,4,4
12625,4,4
12626,1,1
12627,4,4
12628,4,4
12629,1,1
12630,4,4
12631,4,4
12632,1,1
12633,4,4
12634,4,4
12635,1,1
12636,2,2
12637,4,4
12638,1,1
12639,2,2
12640,4,4
12641,1,1
12642,4,4
12643,4,4
12644,1,1
12645,4,4
12646,4,4
12647,1,1
12648,4,4
12649,4,4
12650,1,1
12651,4,4
12652,4,4
12653,1,1
12654,4,4
12655,4,4
12656,1,1
12657,4,4
12658,4,4
12659,1,1
12661,4,4
12662,1,1
12663,4,4
12664,4,4
12665,1,1
12666,4,4
12667,4,4
12668,1,1
12669,4,4
12670,4,4
12671,1,1
12672,4,4
12673,4,4
12674,1,1
12676,4,4
12677,1,1
12678,4,4
12679,4,4
12680,1,1
12681,4,4
12682,4,4
12683,1,1
12684,4,4
12685,4,4
12686,1,1
12687,4,4
12688,4,4
12689,1,1
12690,2,2
12691,4,4
12692,1,1
12693,2,2
12694,4,4
12696,4,4
12697,4,4
12698,1,1
12699,4,4
12700,4,4
12701,1,1
12702,4,4
12703,4,4
12704,1,1
12705,4,4
12706,4,4
12707,1,1
12708,4,4
12709,4,4
12710,1,1
12711,4,4
12712,4,4
12713,1,1
12714,4,4
12715,4,4
12716,1,1
12717,4,4
12718,4,4
12719,1,1
12720,4,4
12721,4,4
12722,1,1
12723,4,4
12724,4,4
12725,1,1
12726,4,4
12727,4,4
12728,1,1
12729,4,4
12730,4,4
12731,1,1
12732,4,4
12733,4,4
12734,1,1
12735,4,4
12736,4,4
12737,1,1
12738,4,4
12740,1,1
12741,4,4
12742,4,4
12744,2,2
12745,4,4
12746,1,1
12747,2,2
12748,4,4
12750,4,4
12751,4,4
12753,4,4
12755,1,1
12756,4,4
12757,4,4
12758,1,1
12759,4,4
12760,4,4
12761,1,1
12763,4,4
12765,4,4
12766,4,4
12767,1,1
12768,4,4
12769,4,4
12770,1,1
12772,4,4
12774,4,4
12775,4,4
12776,1,1
12778,4,4
12779,1,1
12780,4,4
12781,4,4
12782,1,1
12784,4,4
12785,1,1
12786,4,4
12787,4,4
12788,1,1
12789,4,4
12790,4,4
12791,1,1
12792,4,4
12793,4,4
12794,1,1
12795,4,4
12796,4,4
12797,1,1
12798,2,2
12799,4,4
12800,1,1
12801,2,2
12802,4,4
12804,4,4
12806,1,1
12807,4,4
12808,4,4
12809,1,1
12810,4,4
12811,4,4
12812,1,1
12813,4,4
12814,4,4
12815,1,1
12816,4,4
12817,4,4
12818,1,1
12819,4,4
12820,4,4
12821,1,1
12822,4,4
12823,4,4
12824,1,1
12825,4,4
12826,4,4
12827,1,1
12828,4,4
12830,1,1
12831,4,4
12832,4,4
12833,1,1
12834,4,4
12835,4,4
12836,1,1
12837,4,4
12838,4,4
12839,1,1
12840,4,4
12841,4,4
12842,1,1
12843,4,4
12844,4,4
12846,4,4
12848,1,1
12849,4,4
12850,4,4
12851,1,1
12852,2,2
12853,4,4
12854,1,1
12855,2,2
12856,4,4
12857,1,1
12858,4,4
12859,4,4
12860,1,1
12861,4,4
12862,4,4
12863,1,1
12864,4,4
12865,4,4
12866,1,1
12867,4,4
12868,4,4
12869,1,1
12870,4,4
12871,4,4
12872,1,1
12874,4,4
12875,1,1
12876,4,4
12877,4,4
12878,1,1
12879,4,4
12880,4,4
12881,1,1
12882,4,4
12883,4,4
12884,1,1
12886,4,4
12887,1,1
12888,4,4
12889,4,4
12890,1,1
12891,4,4
12892,4,4
12893,1,1
12894,4,4
12895,4,4
12897,4,4
12898,4,4
12899,1,1
12900,4,4
12902,1,1
12903,4,4
12904,4,4
12905,1,1
12906,2,2
12907,4,4
12908,1,1
12909,2,2
12910,4,4
12911,1,1
12912,4,4
12913,4,4
12914,1,1
12915,4,4
12916,4,4
12917,1,1
12918,4,4
12919,4,4
12920,1,1
12923,1,1
12924,4,4
12926,1,1
12927,4,4
12928,4,4
12929,1,1
12930,4,4
12931,4,4
12932,1,1
12935,1,1
12936,4,4
12937,4,4
12938,1,1
12940,4,4
12941,1,1
12942,4,4
12943,4,4
12944,1,1
12945,4,4
12946,4,4
12947,1,1
12949,4,4
12950,1,1
12951,4,4
12952,4,4
12953,1,1
12954,4,4
12955,4,4
12956,1,1
12957,4,4
12958,4,4
12959,1,1
